x  y
22626995 5.16690097825123e-20
22676912 5.16690097825123e-20
23065907 5.16690097825123e-20
23115824 5.16690097825123e-20
23614709 5.16690097825123e-20
23631348 5.16690097825123e-20
24053621 5.16690097825123e-20
24070260 5.16690097825123e-20
25605526 5.16690097825123e-20
26044438 5.16690097825123e-20
22644017 0.0112372670129342
22594100 0.0112372670130453
23598453 0.0118670258729233
23581814 0.0121155986045066
25572631 0.0684637364109885
25605526 0.096272839277001
25605526 0.122437714504437
25605526 0.127466480773894
25605526 0.135962264298379
23631348 0.139536427106163
23614709 0.140084571561873
22676912 0.144057764833714
22626995 0.144170502967362
25605526 0.146498554780103
25605526 0.148729530366733
23631348 0.149989905438301
23614709 0.150012831966825
22676912 0.151510309801699
22626995 0.151525389582309
25605526 0.152759666737621
25605526 0.152780463336799
25605526 0.156026448439412
25605526 0.158510972094027
25605526 0.160347844399561
25605526 0.168538928384534
25572631 0.170441313036055
22626995 0.171591917041355
22676912 0.171873469227339
23631348 0.172232075197946
23614709 0.172453177536546
22626995 0.17287029390366
22676912 0.172883185019737
25605526 0.174350287606331
23614709 0.174478940410001
25605526 0.177092419411913
22676912 0.177754876945996
22626995 0.177929850521484
22676912 0.179237438168477
25605526 0.179397944759617
23631348 0.179508253145261
22626995 0.179932320793388
25605526 0.181279205376333
25605526 0.182656611510796
25605526 0.185800979848181
23631348 0.186317195693992
23614709 0.187026018898306
25605526 0.187137872264652
22676912 0.188142872160586
25605526 0.189519847517269
22626995 0.189562139524407
25605526 0.19026359995581
25605526 0.190944617432658
23614709 0.192802205759643
25605526 0.193015224135855
23614709 0.193164385618183
22626995 0.193571681690564
23631348 0.193702241277408
22676912 0.193878468021822
25605526 0.19408245653711
23631348 0.19506670746172
25605526 0.195160663101726
22626995 0.195441404932624
22676912 0.196030161510651
25605526 0.196191699798018
25605526 0.196268558560037
25605526 0.197131436001833
25605526 0.19835702097654
25605526 0.19907727313254
25572631 0.201849668942428
23614709 0.202474974599489
23631348 0.202614891112581
23631348 0.20280625700385
25605526 0.203033903632598
23631348 0.203705270559302
23614709 0.203790013024205
23614709 0.203976863081197
25605526 0.204019778767718
25605526 0.204154563165141
22626995 0.204398020055283
23631348 0.204581370287569
23614709 0.204860499064835
22676912 0.204935132968539
25605526 0.205468755087799
22644017 0.205881356522284
22594100 0.206137695617509
25605526 0.2068586638336
25605526 0.207182278347439
25605526 0.208084265835431
25605526 0.208139770313972
23614709 0.210334284166416
25605526 0.210381935994869
25605526 0.211206163512995
25605526 0.211377990322566
25572631 0.211392209377654
23614709 0.212213991277709
22626995 0.21236610238715
22676912 0.212375581677633
23631348 0.212470776683895
23631348 0.212644387735902
22626995 0.212673603736974
22676912 0.212856255368647
22626995 0.213553891142414
23614709 0.213583409022495
22676912 0.213820697960243
23631348 0.214469094676228
25605526 0.214844658226803
25605526 0.216749985688457
23614709 0.217368690685044
25605526 0.217465614687341
23631348 0.217614793158238
25605526 0.218207514406322
22676912 0.219262601310316
25572631 0.219588197008307
23614709 0.219770934360179
23631348 0.220070909180482
22626995 0.220173067182384
23614709 0.221426650479645
25605526 0.221484242965829
22626995 0.221731920349929
23631348 0.222289120975648
22676912 0.222453232373123
22676912 0.222633042246792
23614709 0.22291010908495
22626995 0.223126746996094
25605526 0.223451199861856
23631348 0.223525779957134
23631348 0.22367988982617
23631348 0.223846087065689
25572631 0.223907234395207
25605526 0.224393716918378
23614709 0.224403530323354
22676912 0.224594217287271
22626995 0.224654316588446
23614709 0.224900104452625
25605526 0.224936569249887
23631348 0.225527058526458
23614709 0.225958206237726
25605526 0.226365392494758
22676912 0.226801490044373
25605526 0.226892758043497
22626995 0.226963455361376
25605526 0.228672543886464
25572631 0.228873571381812
22626995 0.229194398372977
23614709 0.229474004077553
22676912 0.229721269697935
23614709 0.2298030429152
25605526 0.230129304319361
25605526 0.230135806694499
23631348 0.230252551513201
23631348 0.23043135402223
23631348 0.230587549247403
25605526 0.231083815669497
23614709 0.23162293128811
22676912 0.231675426476339
22626995 0.231704771966053
25605526 0.231825177729634
23631348 0.233325517868621
23614709 0.233740334994335
25572631 0.234195630893521
25605526 0.234594525890005
22676912 0.234973664011414
22626995 0.235305041563844
22676912 0.236353504625816
22626995 0.236486178506422
22676912 0.236551937664256
22626995 0.236599258453451
22626995 0.236743552209377
23631348 0.236861502785987
22676912 0.236886609703984
25605526 0.237495380807788
23614709 0.237631656453434
25605526 0.237815160484588
23631348 0.238436725192735
23581814 0.238522886072727
23631348 0.238923077445261
22626995 0.238950858400207
23598453 0.239036668449313
25605526 0.239055604383063
22676912 0.239199992523666
23614709 0.239281685230123
22644017 0.239607622473492
25605526 0.239753208875682
22594100 0.240855206216622
23631348 0.241685387215363
23614709 0.241749489861716
23614709 0.242049363460038
23631348 0.242223203670666
23614709 0.242482671907668
23614709 0.242512380341198
23598453 0.242685741102477
23581814 0.242991171190907
25605526 0.243180052745578
23631348 0.243798297797183
23631348 0.244172380470362
22676912 0.244523137036467
23614709 0.244770018884904
25572631 0.245050190572421
22626995 0.245086791086355
22626995 0.245339498788722
22626995 0.24542211912441
25572631 0.245433562801805
25572631 0.245447427400706
22676912 0.245451432556786
22676912 0.245664428428132
25605526 0.245688723773344
22626995 0.245936163037348
22676912 0.245951440474719
22626995 0.246050715294462
23614709 0.246118087375782
22676912 0.246283984286588
23614709 0.24628530684991
22676912 0.246402887395397
23581814 0.24644793223214
22626995 0.246735932368317
23631348 0.246841316665612
23631348 0.247034387141842
23631348 0.24706003423579
22676912 0.247080169700545
22626995 0.247136761026564
23614709 0.247301810592086
22676912 0.247309264397922
25572631 0.247310143822429
22626995 0.247431292009427
25572631 0.247539733359779
23598453 0.247628211210292
22626995 0.247651110221442
22676912 0.24786660156868
25605526 0.247947310250958
23614709 0.248647675985625
22676912 0.248696230998746
23631348 0.248706558247967
22626995 0.248914947321646
23598453 0.24983258364384
25605526 0.250029371964625
25605526 0.25014869235552
22676912 0.25080673732084
22626995 0.250820059364246
25572631 0.251053633943577
22676912 0.251234617861372
23581814 0.251385897676767
23581814 0.251757856779132
25605526 0.252057757681987
23598453 0.252197962251265
23631348 0.252771618557623
25605526 0.252828444904815
23614709 0.253026523838387
25605526 0.253141070652854
25605526 0.253309799447156
25605526 0.253381729051373
22626995 0.253492246263696
22644017 0.25364725774784
23614709 0.254075815708034
23631348 0.25408039561974
22594100 0.25446532843026
25605526 0.255208082651838
25572631 0.255621121955607
25605526 0.255757565076884
25605526 0.25591779099336
23614709 0.255925856486017
25605526 0.256498009995083
22676912 0.256724526413927
22626995 0.256843233018728
23614709 0.257341899792654
22626995 0.257645742752088
22676912 0.257645883747163
23631348 0.257701730340901
25605526 0.257803767210416
25605526 0.258085752810157
25605526 0.258572213915302
23631348 0.259070071536049
25572631 0.259348142598357
22676912 0.259833324311993
25605526 0.259862304617666
23614709 0.260258459377246
23631348 0.260581561931578
22626995 0.260621302024686
22676912 0.261138114773091
22626995 0.261282271925899
22626995 0.261773889291849
22594100 0.262139563884451
23598453 0.26219014856521
22626995 0.262226045168529
22594100 0.262245095242556
22676912 0.262504627286879
22644017 0.262561337298582
22644017 0.262599696547227
23581814 0.262869918359056
22676912 0.262918212648881
25572631 0.262975658073881
23614709 0.263325416644263
22626995 0.263760622319312
25572631 0.264370073480243
22676912 0.264428431457536
25572631 0.264455485292475
22626995 0.26451522832607
22676912 0.264525800514451
25572631 0.264699256084865
25572631 0.264839951911501
25605526 0.264986942866136
22676912 0.265485416907975
23614709 0.265504748420821
23631348 0.265545363422658
25605526 0.265654654055126
23631348 0.265853409114132
25605526 0.266072230692016
23614709 0.266077920011334
23631348 0.266079836245424
23614709 0.266242004209722
22626995 0.266345699927582
25605526 0.266409124064296
23631348 0.266450603077692
25605526 0.266572087028984
23614709 0.266826928891416
23631348 0.267425600690209
25605526 0.267654411107474
23631348 0.267739707479519
25605526 0.26774303173162
23614709 0.267873519522965
23614709 0.268436427408709
23631348 0.268927262403897
22594100 0.268976949500751
23614709 0.269680653473099
25572631 0.269926646459574
22644017 0.269983122019498
22676912 0.270002614706661
22626995 0.270041610009333
25572631 0.270168433427929
23631348 0.270227386469559
23614709 0.27057196460654
25605526 0.270770024506279
25605526 0.270844178990762
25605526 0.2709216119648
23631348 0.271112331284985
25572631 0.271213223239495
23614709 0.271300508852867
25572631 0.271354148244949
23631348 0.271657897207682
23614709 0.271659420464458
25605526 0.272042457746158
23614709 0.272248505128243
25605526 0.272250108430047
25605526 0.27227763945332
25572631 0.272397432899441
23631348 0.272406780366051
23631348 0.272430266399733
23631348 0.272964411007101
23614709 0.273019478018301
22676912 0.273161765973195
25605526 0.273213951624377
23614709 0.27323526230918
23631348 0.273312885310178
22626995 0.273339069859704
22676912 0.273339520578546
23631348 0.273545028123461
23614709 0.273568574150964
25605526 0.273622500030936
22644017 0.273774695520013
25572631 0.273932293094722
23631348 0.274097809046124
25605526 0.274115956323276
22594100 0.27413516173851
25572631 0.274496325092976
25572631 0.27464557830771
25572631 0.275109704144675
25572631 0.275282009630742
23631348 0.275456603515733
23581814 0.275475820042041
22594100 0.275706494910702
23598453 0.276021108837762
23614709 0.276047857378148
25605526 0.276128680073841
25605526 0.276161165556325
25572631 0.276165398777229
22626995 0.276387405204813
23614709 0.27661705459951
22644017 0.276646169493269
22676912 0.276662067220876
25605526 0.276819830678859
23581814 0.276970090581805
23631348 0.277111262113649
22676912 0.277170297252028
22676912 0.277244020142025
22626995 0.27728164353773
23614709 0.277588508027239
22626995 0.277619222317961
22626995 0.277717084790341
22676912 0.27774420399272
22676912 0.27780887130078
25572631 0.27787430008714
22626995 0.277978217551739
25572631 0.27816297831037
25605526 0.278221989954989
22676912 0.278289109207574
25605526 0.278319358677973
22644017 0.278403354958763
22676912 0.278423924842071
23631348 0.278468658694367
25605526 0.278474787967003
22626995 0.278566962484487
25605526 0.278747746515649
22594100 0.279093106190811
23598453 0.279289353545021
23631348 0.28000885197584
22626995 0.28013967765516
23614709 0.280152722346379
23614709 0.280625513418887
23631348 0.280782103681674
25605526 0.280803037831762
22676912 0.280870530623417
25605526 0.280960954704472
25605526 0.281015503455033
23631348 0.281243076859036
23614709 0.281493940202175
25605526 0.281525354245667
25605526 0.281596353744002
23614709 0.281656992756322
25572631 0.281848609064897
23598453 0.282031550848932
23631348 0.282183862122081
23614709 0.282332312075473
22676912 0.282377294050467
22626995 0.282480621697389
22626995 0.282574802206549
25605526 0.282749241359497
25572631 0.282752663338907
23598453 0.282770995403241
22676912 0.283047082120889
23614709 0.283232912233725
25605526 0.283336633488626
25605526 0.283362330108014
22626995 0.283411180403263
23631348 0.283549805015435
22626995 0.283703527447824
22676912 0.283786318106368
22626995 0.283893719462099
23631348 0.284103404064469
23581814 0.284135028790916
23631348 0.284277650422934
22676912 0.284712905551436
22626995 0.28511417636494
25605526 0.285134184979347
23581814 0.285138579950775
22676912 0.28561072566811
23614709 0.285706228577732
25572631 0.285772961283209
22626995 0.285886754449646
25605526 0.286838726723008
25572631 0.287046583888459
25605526 0.287268064593812
25572631 0.287394726524981
25572631 0.287598465889149
25572631 0.287663514470098
25572631 0.288403955563234
23631348 0.2887046284933
22594100 0.288771320996017
22644017 0.289015367302488
23614709 0.289096977864345
23614709 0.289148630817307
25572631 0.289936700538806
22626995 0.290054163847018
25605526 0.290087869275456
23598453 0.290418151656369
22626995 0.290557774709116
22676912 0.290944777547281
25572631 0.291036098412679
25572631 0.291108551661802
22676912 0.291147910562602
23581814 0.291254025232311
23614709 0.291333148353621
22594100 0.291834632164768
22644017 0.291976682269273
22676912 0.291994891951393
25605526 0.292061870821975
23631348 0.292095116395747
22626995 0.292350081653317
25605526 0.29255442948576
25572631 0.292608912578346
22676912 0.292747835584184
22626995 0.292747986263407
23581814 0.292779628790281
25605526 0.292794086419381
23598453 0.292859809938087
25572631 0.293077075806627
23631348 0.29321047213133
22676912 0.29357003457933
22626995 0.294047521982364
23614709 0.294137773261308
22676912 0.294327638112063
22594100 0.294439747779625
22644017 0.294581939103233
22626995 0.294632272606974
22644017 0.29469649144713
25572631 0.294811182964723
23631348 0.295186072142977
25572631 0.295582307787181
22594100 0.295777268337798
23614709 0.296949349356232
25572631 0.297051156097171
23631348 0.297258291562614
22626995 0.297489657843192
23631348 0.297762679014841
23581814 0.297878356411824
22676912 0.298043305629248
25572631 0.298393347326317
23614709 0.298489932167561
23598453 0.298603310036945
23614709 0.29900183887413
23598453 0.299378968292425
25572631 0.299535664770239
23631348 0.299596338204464
25605526 0.29960003149469
25572631 0.299706750223741
23581814 0.299852689304012
23614709 0.300011213406876
22626995 0.300232924891097
22676912 0.300245225709498
25605526 0.300444032675284
23631348 0.301058719097254
25605526 0.301102201315924
22676912 0.301242976499949
22626995 0.301295548490278
22676912 0.301409030725407
22626995 0.301864528398331
25605526 0.302163185054368
23631348 0.30218243123986
23614709 0.30252787418547
23614709 0.302577804404952
23598453 0.302640393795716
25572631 0.302662003495837
23598453 0.302748048983265
23598453 0.302808832635133
22676912 0.302849464230888
23581814 0.303194795041884
22626995 0.303226782675265
22676912 0.303230549357628
25572631 0.303330122089585
23581814 0.30339065359976
22644017 0.303478336132075
25605526 0.303508810053324
22626995 0.303533181648106
22594100 0.303541602993651
25572631 0.30369914955584
22676912 0.303923173841453
22626995 0.304198216157528
25572631 0.304413750074453
25605526 0.304758299064777
23631348 0.304831995412192
23614709 0.304840476612969
23631348 0.304905713721632
25572631 0.30513502460198
23598453 0.305221588502004
23581814 0.305271255832088
22626995 0.305491814388103
22676912 0.30557879155371
25572631 0.305843861629784
25572631 0.306110414338572
23581814 0.306116818464147
22594100 0.306334761584945
22644017 0.306498391338669
22594100 0.306954418844395
25572631 0.307375507454208
22676912 0.307425726296298
22626995 0.307520262402997
25605526 0.307651801065017
23614709 0.308259358013133
22644017 0.30843705737456
25572631 0.308746418318319
23631348 0.309088297532628
23631348 0.30921952335495
25605526 0.309594179138142
23614709 0.309704175970051
25605526 0.309737596508155
22676912 0.31021569892158
22626995 0.310562721860317
25572631 0.311017874971108
23631348 0.311284707599949
22594100 0.311361473907596
25605526 0.311475455683381
25572631 0.311945180531038
22644017 0.312034601579495
25572631 0.312380242124931
25572631 0.312439795870876
23581814 0.312451668935573
23631348 0.312847254909351
23598453 0.31287207734632
23581814 0.313144490159511
23614709 0.313193411469427
25605526 0.313239000490716
22676912 0.313472076483468
22594100 0.313583138427625
22626995 0.313815795088678
23598453 0.313904876908619
22644017 0.31399459323593
23581814 0.314099592573084
23598453 0.314819513838249
22644017 0.314834663468987
22594100 0.315265113844307
25572631 0.315291348680842
22644017 0.315361690665873
25572631 0.315384755502255
22594100 0.315438089810598
22644017 0.315454080478866
22594100 0.31545856327773
23614709 0.315651472869148
23581814 0.315690765341089
25605526 0.31576680109009
23581814 0.316091398990003
23598453 0.316212094708473
23631348 0.316232023561465
23598453 0.31631329166635
23581814 0.316430144156204
23598453 0.316572851500405
25572631 0.316955653720887
23581814 0.316968749507226
22676912 0.317054196893495
23614709 0.317207881262582
25572631 0.317347227424928
22626995 0.317358232891517
25572631 0.317705575466069
22676912 0.317858512628229
22676912 0.31841705310529
22626995 0.318456849622862
23598453 0.318480815621436
23614709 0.318514524750826
23581814 0.318641561870278
23598453 0.318750483812217
22626995 0.318751017014873
23581814 0.319117269805084
25572631 0.319153055439259
22676912 0.319893818746629
25572631 0.320158689516166
22594100 0.320218228187657
22626995 0.320316490725342
23598453 0.320319765397949
22644017 0.320575426435927
23631348 0.320827176454603
23581814 0.321052249051622
23598453 0.321102296793987
23598453 0.321224227890681
22626995 0.321429579322629
22676912 0.321489785978107
25572631 0.321506704030472
22676912 0.321698627781686
22644017 0.321824979141948
22626995 0.321992554167342
23631348 0.322476996826
23614709 0.322931802230192
22594100 0.323004802451913
23631348 0.323092478670316
23598453 0.323138294150366
23581814 0.323218378631743
23614709 0.323378893706579
23631348 0.323464004924033
25605526 0.323508801458112
25572631 0.323556003868945
22676912 0.32356665708507
22626995 0.323589335822349
23614709 0.323594468706428
25605526 0.323684909982123
23581814 0.323804811859794
23614709 0.323982158336804
23631348 0.324221633160108
25572631 0.324257698220825
25605526 0.324314011127985
22676912 0.324335835335584
22626995 0.32436713535043
23614709 0.324475990026696
22626995 0.324797550266732
23614709 0.324820587778214
22676912 0.324917789351383
23598453 0.325094844459684
23631348 0.325154319868252
23581814 0.325354022732323
25572631 0.326891072438355
23598453 0.326908176094202
23631348 0.326950814141168
22626995 0.32698488473954
23581814 0.327039731109903
22644017 0.327340040786373
25605526 0.327440479167923
22676912 0.327488101366882
22594100 0.327503546501204
22644017 0.327507813961196
23598453 0.327635613553673
26044438 0.327804932367034
22676912 0.327845525791982
22626995 0.327870934093996
23631348 0.327956226318248
22626995 0.327965448991008
22676912 0.327973288810454
22594100 0.328023790024174
22626995 0.328043626532558
25572631 0.328071866750155
23598453 0.328090517420309
23581814 0.328260824671222
23614709 0.328296588916316
22676912 0.328408867600541
23614709 0.328494477518938
23631348 0.328617295436666
23614709 0.329004198177231
23614709 0.329077172437383
23581814 0.32911701178328
22676912 0.329222736452424
25572631 0.329396464571259
23598453 0.329424617011056
23631348 0.329484981724573
23631348 0.329632070070318
22676912 0.329721022154689
22626995 0.329731305986591
22644017 0.32975962063538
22626995 0.330030999924486
22594100 0.330245195362542
22644017 0.330642837681187
23614709 0.330939184409253
25572631 0.331010996003373
23614709 0.331013059193851
23614709 0.331412773560869
23631348 0.3314849230296
22594100 0.331519011507822
22644017 0.331528105170599
22594100 0.331535263418019
23631348 0.331553408888451
26044438 0.331562632913268
23631348 0.331606512127815
22626995 0.331615813347009
23631348 0.331934981558002
22676912 0.331940652652266
23631348 0.331960985961017
25572631 0.332168361561639
23614709 0.332185337056597
23581814 0.332269967939932
22676912 0.332330700572591
23581814 0.332333757935305
23598453 0.332352104711835
25605526 0.332395867837817
22594100 0.332697045881756
22644017 0.3328225271478
22676912 0.333046897251671
25572631 0.333056305984474
23631348 0.333113422613204
22676912 0.333130903619564
22626995 0.333252860985669
23614709 0.333282575170637
23614709 0.333287591896685
23631348 0.333380790144078
22594100 0.333461816241216
23581814 0.333619604260538
23614709 0.333987076288775
25572631 0.334103489929117
22644017 0.33432211545926
22594100 0.334386579409434
22644017 0.334415416046262
22644017 0.33443782426807
22594100 0.334538014539128
22594100 0.334655108922026
22644017 0.334743180317349
23631348 0.334776393868545
22644017 0.334812877731494
25572631 0.335066716806029
25605526 0.335122233191147
25572631 0.335249913705643
23598453 0.335353108279235
23614709 0.335425916866011
25605526 0.33545505412211
23581814 0.335496136576548
25572631 0.335646420978884
25572631 0.335783057609312
22626995 0.336098122664397
23614709 0.336136662674387
23598453 0.336172157010735
22676912 0.336204018670256
22626995 0.33650825569976
22644017 0.33654288206482
23614709 0.336683989328175
22594100 0.336707225772519
25605526 0.336751886609326
25572631 0.336796164087742
22644017 0.336812155361562
22594100 0.336881332337464
22594100 0.336949749758523
25572631 0.337329838461936
23598453 0.337689060609314
23631348 0.337783344704793
23614709 0.337800503080085
23631348 0.338132711415756
22626995 0.33825034576884
25572631 0.338678890261032
23631348 0.339058087527151
25572631 0.339071916334935
25572631 0.339088665426048
25572631 0.339150187550945
22594100 0.339363165354579
25572631 0.339458447702649
25572631 0.339501063773196
22676912 0.339506105508774
25605526 0.339531071308142
22626995 0.339784677894693
22676912 0.339828251670001
23581814 0.339910180471612
22626995 0.34033599307502
22676912 0.340513200459127
22626995 0.340532337689194
22676912 0.340550439211775
23598453 0.340613976745212
22626995 0.3407079458864
22644017 0.340782994246536
22594100 0.340884757517393
22644017 0.340964095653578
25572631 0.341359762493706
22644017 0.341630879009006
25572631 0.34164742050808
22594100 0.342020628898883
23581814 0.342197844481118
23631348 0.342211596074417
22626995 0.342215802571628
22676912 0.342215939026886
22644017 0.342269901005283
22594100 0.342274396441042
25572631 0.342494691842831
25572631 0.342707628243108
23581814 0.342965936810679
23614709 0.342971607205112
25572631 0.343467702174961
22626995 0.343666355305502
22676912 0.343673308159791
23598453 0.343730356988212
22676912 0.34383838869795
23614709 0.343891824057838
23581814 0.343951721427194
23614709 0.343958194879983
23614709 0.344015301563063
23631348 0.344266176645865
22644017 0.344319448289172
23598453 0.344569557449266
23581814 0.344669694772338
25572631 0.344748993397649
22594100 0.344806875589117
23631348 0.345172179736647
23598453 0.345386367970429
22626995 0.345462058799618
23581814 0.345696693227836
22644017 0.345967038885351
22594100 0.34610295703197
22594100 0.346113687692742
22644017 0.34650625827789
25572631 0.346585586413658
25572631 0.346742770265061
23598453 0.34684883614932
22644017 0.347202360656776
22594100 0.347319346919715
23598453 0.347392405518641
23598453 0.347407305594613
22594100 0.347657276777573
22626995 0.347873035466922
22626995 0.347926959776593
22644017 0.348116996396764
22676912 0.348152385078003
25572631 0.34824125441275
23581814 0.348310459942431
23581814 0.348392961944567
22676912 0.348433082737299
22644017 0.348437395847896
23598453 0.348454019900425
23598453 0.348487947023689
22626995 0.348654400706365
23581814 0.348655185850836
22594100 0.348810352402461
22676912 0.348847182869995
25572631 0.348967990220477
23598453 0.348995154643806
25572631 0.349010109333519
23631348 0.349026835521626
23614709 0.34911594582624
22594100 0.3492168115517
23581814 0.349371049691497
25605526 0.349534741829886
22644017 0.34970175202452
23631348 0.349892915248513
22676912 0.349994314146759
25572631 0.350039572911539
23581814 0.350133477503091
22626995 0.350382659147682
22676912 0.350434995724375
23631348 0.35071554125405
22676912 0.350841307734806
22626995 0.350967945684975
23581814 0.351023509099663
22594100 0.351057484799717
22644017 0.351062819154779
23598453 0.351453280785746
22626995 0.351481487939809
23631348 0.351527680770461
23614709 0.351786054994088
23614709 0.351995566931554
22644017 0.352041320087763
23614709 0.352096299012296
22594100 0.352103218067738
23598453 0.352292372645712
22626995 0.352401975844184
22644017 0.352746374319445
22676912 0.352753518543442
22594100 0.352832726515874
22644017 0.35294119909292
22644017 0.353150550302093
25572631 0.353211280578554
22644017 0.353414948104623
23631348 0.353438626921686
25605526 0.353529044141792
22594100 0.35363040022439
22594100 0.353659093225185
23631348 0.353661867424832
25572631 0.353916383886413
23614709 0.354092461715474
22594100 0.354095682331703
23614709 0.354177641952702
23581814 0.354304459013011
22626995 0.35438304247619
25572631 0.354512520420758
25572631 0.354524962246232
22676912 0.35482847301844
25605526 0.355143946121227
25605526 0.355409791678657
23631348 0.355755764967509
25572631 0.356066919097614
23614709 0.356070979419001
22644017 0.356303902997751
23614709 0.356696788823568
25572631 0.356742458401038
23598453 0.356764028188767
23631348 0.356990656571142
25605526 0.357268631091663
22644017 0.357514579602244
22594100 0.357546193156056
23598453 0.358115296029657
26044438 0.358137724071428
23581814 0.358235461329222
25572631 0.358371859469423
22594100 0.358375600592345
23598453 0.358759720309381
23581814 0.358823014771437
23598453 0.359205803728359
23581814 0.359518216510395
25572631 0.359543597085025
25572631 0.359599113901219
23614709 0.36034724658667
25572631 0.360399690368596
23631348 0.360417172938795
23631348 0.360463990922863
22626995 0.360490127382918
23614709 0.360605365475396
22644017 0.360726977929457
22676912 0.360943840533839
22594100 0.361549297258629
23631348 0.361685013877907
26044438 0.362163420682224
23614709 0.36218803709292
23631348 0.362289179677804
23581814 0.362492417045139
23614709 0.362534716661212
23598453 0.362874549555104
23581814 0.362899900456291
25572631 0.363059110051777
23631348 0.363067114255141
25572631 0.363097283674817
23598453 0.363292732169326
25572631 0.363315025618138
23581814 0.36335907777863
25572631 0.363752300592709
22626995 0.363805931452989
25572631 0.363904909078647
22676912 0.364016650269979
22626995 0.364039502015173
22676912 0.364127999990055
25572631 0.36429666411342
23631348 0.364477673092277
22626995 0.364507593313603
23614709 0.364628917591044
23614709 0.364816556366106
23581814 0.365022905116048
23598453 0.365076830574548
25572631 0.365321556456378
22676912 0.365579628850852
23614709 0.365739083001988
22626995 0.365747242498715
22626995 0.365910774329657
22676912 0.365991679644593
26044438 0.366082949611489
22676912 0.366107243918934
22626995 0.366136093187816
22626995 0.366194920171107
25605526 0.366197358062329
22676912 0.366532698762962
22676912 0.366787193474023
23614709 0.367333707888483
23581814 0.367814109374649
25572631 0.367960353199536
23598453 0.368022768690578
25572631 0.368141045792413
23631348 0.368225274461286
22676912 0.36848676561426
22626995 0.368486996845177
22644017 0.36856500669132
25572631 0.368626396241537
23614709 0.368661481481295
25572631 0.368671744365311
22594100 0.368699044436716
22594100 0.368731788045748
23581814 0.368800185288065
22644017 0.368939690946135
22676912 0.369078908346616
25572631 0.369312660290957
23631348 0.369453404591764
22626995 0.369738034786479
23581814 0.369883192441756
23598453 0.370030262856633
23598453 0.370083744936917
22676912 0.370177612386953
23598453 0.370298838908257
23614709 0.370433451269722
22626995 0.37058165262807
23631348 0.370705482408977
23631348 0.370827298379882
23581814 0.37095432571127
25572631 0.371092353123414
23581814 0.371128971563108
22676912 0.371388421768745
22644017 0.371417596128912
22594100 0.371442511032973
23598453 0.371445740116801
23614709 0.371675711267757
25572631 0.371728932573916
23631348 0.371736403308909
25605526 0.371742395285072
22644017 0.371932098094736
23598453 0.371951468317813
22594100 0.371992229992677
23581814 0.372179777560759
22626995 0.372557551610064
25605526 0.372668783490603
23581814 0.37287677329838
25572631 0.37309785521371
25572631 0.373140111544654
22644017 0.373217406251886
23598453 0.373446133965608
22594100 0.373858459778687
23631348 0.37406886055295
23581814 0.37407266218644
23598453 0.374178418893351
22626995 0.374291695714943
22676912 0.374353744962737
22676912 0.374392235570796
22644017 0.3751319504903
22594100 0.375238124290958
25572631 0.375487101501106
23614709 0.375941023752431
23581814 0.376084495882475
22626995 0.37610584378926
22644017 0.376277595659565
22594100 0.376322074523595
23631348 0.376524617572227
25605526 0.376687253306294
23614709 0.376927242490059
22594100 0.377002937212121
22644017 0.377382804238582
23614709 0.377562679358727
23581814 0.377595876942443
23581814 0.377600804214933
23631348 0.377727574117936
23581814 0.378112478302129
23598453 0.3783861236844
23598453 0.378495406117039
25572631 0.378750325598314
25572631 0.378808216817177
25605526 0.378893620268154
23581814 0.378903860695079
23598453 0.378920645593016
26044438 0.378935489424365
23598453 0.378987809526067
23598453 0.378999413575456
23598453 0.379298533421881
22594100 0.379405453939592
22594100 0.380035357303709
22644017 0.380098872791883
22644017 0.380118249233425
23581814 0.380321089949103
22594100 0.380437825921527
22644017 0.380553388083572
22644017 0.380561414365264
23581814 0.381095025267586
23598453 0.381118608699488
23614709 0.381820262951435
22626995 0.382220775024986
23631348 0.382335390352443
23631348 0.382398642860801
22594100 0.382401807832293
23598453 0.382406233243391
22676912 0.382532341979259
22644017 0.382583431358241
22676912 0.382763111740147
22644017 0.382969630324299
23598453 0.383028369810379
23581814 0.383087521782913
23614709 0.383115637241131
22644017 0.38317103879362
22626995 0.383181944332565
23581814 0.383583231478591
22594100 0.383619330995967
23598453 0.38362088234296
22594100 0.383901588759427
22626995 0.383944251280244
22676912 0.38395720038536
25572631 0.384275262397178
23581814 0.384410705678455
23598453 0.384454207994092
22594100 0.384553719178284
22594100 0.384568707559142
22644017 0.384617654433681
23581814 0.384710384534239
22644017 0.384713567554317
22594100 0.384919261309273
23614709 0.385220050590531
23598453 0.385223543042197
23581814 0.385238082908535
23631348 0.385393225467675
22594100 0.385434413123244
23598453 0.385472598421979
22644017 0.385553341644759
23614709 0.386536731997513
23598453 0.386623125684577
22594100 0.386774668488547
23631348 0.386848136464052
23581814 0.386867646013129
23581814 0.387052990905345
22644017 0.387277882700415
23581814 0.38734790538645
26044438 0.387526331720226
22644017 0.387632778479986
22594100 0.387654514351847
22594100 0.387756533738919
22594100 0.38805096618122
23581814 0.388102681516322
25605526 0.388202394181026
22644017 0.388239500933944
22594100 0.38836693462819
23598453 0.388554141591373
23631348 0.388593766781813
23614709 0.38860533264198
25572631 0.389021449229085
23598453 0.389049003494133
22644017 0.389196148759714
26044438 0.389418290514613
22644017 0.389473600080958
26044438 0.389587634456694
22644017 0.389867763010292
22644017 0.390031597061769
22594100 0.39016225406516
25572631 0.390182657782167
22676912 0.390209508162591
22594100 0.390508235365297
23598453 0.390556097851866
22644017 0.390577792033856
22644017 0.390702261731346
22594100 0.390942955811273
23598453 0.391017862497703
22626995 0.391043427897093
23614709 0.391088769957934
22676912 0.391308656929691
22594100 0.391329466598627
22626995 0.391366202651931
23598453 0.391620792528815
23581814 0.391631895706898
23581814 0.391637622425419
23581814 0.392067639615886
26044438 0.392136397433538
22676912 0.392225178513996
22626995 0.392273314027828
23598453 0.392424672404878
23581814 0.392700632897744
22676912 0.392811817983464
23598453 0.392817104232813
22626995 0.392836617050589
22676912 0.393020633310699
23581814 0.393025562804567
22626995 0.393145992223135
23614709 0.393170802233078
25572631 0.39363318480629
23631348 0.393700114174499
23581814 0.393991269796931
23598453 0.394095933463679
23631348 0.394329396932688
25572631 0.394455278434121
22626995 0.394858533586998
25572631 0.395271411876756
22676912 0.395330939221206
23631348 0.395445986246173
23614709 0.395959665922943
23614709 0.395974310518749
23631348 0.396034605208189
25572631 0.396353591028095
26044438 0.39641255780924
23614709 0.396667565825257
23598453 0.396759632290163
26044438 0.397075351123837
23631348 0.397283033613025
22594100 0.397303555797264
23581814 0.397366804111296
23598453 0.397515459436729
22644017 0.397747357067996
22644017 0.397822400518511
22594100 0.397925438078191
23581814 0.397958702997241
26011543 0.398123557847241
22594100 0.398629423024361
22644017 0.398676511575599
22676912 0.398714099879027
22644017 0.398909052476388
22594100 0.398936584153777
22626995 0.39906691070377
22594100 0.399334225187192
22644017 0.39974479231922
22644017 0.400030442024883
24020726 0.400045334271777
22676912 0.400075124001191
22594100 0.400108893968988
24037365 0.400305507517223
22626995 0.40087104133808
23598453 0.401167483608118
23581814 0.401253767391576
26044438 0.402290130218004
22644017 0.402434492866382
22594100 0.402505216289782
22676912 0.402571047841743
22644017 0.402573909110934
22594100 0.402651424531233
23598453 0.403115519860949
22626995 0.40332535460767
22676912 0.403389029162124
23598453 0.403449183116889
23581814 0.404169996415302
25572631 0.404525668291109
25572631 0.404993053314462
23581814 0.405466244466052
23614709 0.405826784597189
23631348 0.40605622574112
23598453 0.406171452182629
23581814 0.406228757206086
22626995 0.406370274031539
22594100 0.406386713006227
22644017 0.40659983767778
23614709 0.40670828877533
26044438 0.406782302012081
26011543 0.406891300023903
26044438 0.406897124067001
23631348 0.406949671387283
23598453 0.407099332628836
23581814 0.40743873645054
22644017 0.407578600787363
23598453 0.407838733835545
26044438 0.407853735705101
22594100 0.407886971736843
23581814 0.408038892903461
22594100 0.408093774834557
24070260 0.408177090616524
22644017 0.408225240379279
23581814 0.40844229366651
23598453 0.40900549301076
23631348 0.40932090033293
23581814 0.409594569339921
23614709 0.409656783376265
26044438 0.409677331656656
23614709 0.409681047686848
22644017 0.40978678062832
22594100 0.409792831376582
23598453 0.410003762350571
22594100 0.410150219545851
24053621 0.410234940633118
25572631 0.410495822053944
23598453 0.410572931770344
23598453 0.41059367963668
23581814 0.410648660462919
22626995 0.41067096483581
23581814 0.410786642614755
23581814 0.410796589480958
22644017 0.410817468856423
23581814 0.410914675036449
23631348 0.41093722060572
22676912 0.410991114912913
22594100 0.411487329693951
22676912 0.411585852586259
22644017 0.41169469714708
22594100 0.411847696186292
23581814 0.411871052656281
23598453 0.412036761597849
22594100 0.412132516126583
25572631 0.412134390497993
23631348 0.412302566545721
23614709 0.412461538211508
23581814 0.41251982755794
22626995 0.412579897125384
22644017 0.412608338466684
23598453 0.412704048119866
23598453 0.413038042561986
22626995 0.4132140407244
22676912 0.413887763889866
22644017 0.414059319678369
22594100 0.414080925385193
22644017 0.414376282855624
22594100 0.414449979121684
22594100 0.414573131255055
22644017 0.41457434942712
22644017 0.415089616326852
23598453 0.415309778477484
26011543 0.415606949452758
26044438 0.415697522491146
26044438 0.415704403524537
26044438 0.416089586700813
22644017 0.416525550644883
22644017 0.416548990140849
22594100 0.416583413662305
23581814 0.416737456640221
23598453 0.41694261128375
23598453 0.41710020582621
22594100 0.417169074003626
23598453 0.417229199108066
22594100 0.417234406955013
22644017 0.417422722518706
23581814 0.417484705538611
26044438 0.417557580062751
22594100 0.417648363764675
22644017 0.417737097417436
22644017 0.417802310125941
22676912 0.417898225154143
25572631 0.418029340686651
23598453 0.418223054273563
22626995 0.418251962776082
26044438 0.418308398031794
22594100 0.418393724032013
23082929 0.418571789662091
23598453 0.418579699876833
23033012 0.418811282324657
23598453 0.418873285046712
23598453 0.419260918460869
22644017 0.419377170853245
23581814 0.419527476052238
23581814 0.419564459163874
23581814 0.41963913542198
23581814 0.41964774005176
23598453 0.419805526732416
23598453 0.41982283122607
23581814 0.420096177482538
22594100 0.420232091372227
23115824 0.420545946276458
23581814 0.420606469068754
23065907 0.420699328289023
23598453 0.420841512788277
22594100 0.421059372685495
23598453 0.421199445585382
22644017 0.421248754643844
26011543 0.421314624452053
23581814 0.421350659159562
26044438 0.421781639989189
23581814 0.421856947761219
26044438 0.422246138827788
26044438 0.422608761046165
22594100 0.422713217183279
22644017 0.422893509860532
26011543 0.423039339209352
22644017 0.423178508042036
26044438 0.423493050974925
26044438 0.423630682660202
22594100 0.423728690560282
26044438 0.424089636931596
26044438 0.424314821333215
23581814 0.424390310311347
23581814 0.424406692265994
22644017 0.424460169380691
23598453 0.424542338856678
26044438 0.424616581853095
23598453 0.424621519084819
22594100 0.42483184264461
23581814 0.424884559684217
22644017 0.424972495715364
22594100 0.425242308441301
22626995 0.425273416906919
22676912 0.425555315271543
22644017 0.425636427691376
23581814 0.425783921955181
22594100 0.425944077447209
23598453 0.426022149057596
23598453 0.426055058036027
23614709 0.426409659550446
23631348 0.426428379276715
26044438 0.426911164131777
23581814 0.427084601472269
22594100 0.427390936639995
25572631 0.427394270568847
22644017 0.427478293645225
22644017 0.427702117996173
25572631 0.427750273278865
25572631 0.427951300109888
22594100 0.428203403552108
26011543 0.42827136389166
26044438 0.428381353591258
25605526 0.428753475244144
26044438 0.428861591351616
22626995 0.428885926836575
23598453 0.429051388321697
22676912 0.42922109372132
23581814 0.429230168809259
23598453 0.429239090624466
23581814 0.429313167933548
26011543 0.42956721272855
26044438 0.429925932926188
23598453 0.429968429674915
23581814 0.42998847828315
26011543 0.430021847552185
23598453 0.430061015687487
26011543 0.430401854243787
23581814 0.430713311521856
23581814 0.430804786368064
26011543 0.430831545803565
22644017 0.431158377581938
26011543 0.431446784672452
23598453 0.431669782970903
22594100 0.431926127392801
26044438 0.432332897627127
26044438 0.43250742229971
23581814 0.433085077056873
23598453 0.433221019622779
23581814 0.433260545339688
24053621 0.43336170126457
23614709 0.433612812599189
22594100 0.433869756614845
22594100 0.433915078515718
23598453 0.433942751721909
23631348 0.434134834065602
23598453 0.434434652224583
22644017 0.434640625330403
23581814 0.434800594901567
22626995 0.43486213993931
23115824 0.434893510929535
23065907 0.434923344001181
26044438 0.434926702800511
22644017 0.43493241284355
22676912 0.435094360144839
23581814 0.435866501245346
22594100 0.436323881655151
23631348 0.436520197978396
23614709 0.436784617937851
22644017 0.436818599209429
24053621 0.437402821211468
22676912 0.437412296951207
24070260 0.437433099104482
26044438 0.437584129645757
26044438 0.437636319755171
22626995 0.437721880887067
26011543 0.43791403481436
22594100 0.437944638142879
24070260 0.438250530413716
23598453 0.438347567277346
26011543 0.438958620579423
22644017 0.439273875711638
22594100 0.439349822841318
26044438 0.439566975759653
22644017 0.440467559420487
22594100 0.440962547530856
22644017 0.440975582249636
23581814 0.441032370243007
23598453 0.441075744206446
22644017 0.44111713717923
22644017 0.44128778564828
23581814 0.441381497590444
22594100 0.441588003733063
26011543 0.441748502285847
22594100 0.441750998596487
26044438 0.441853502264427
26044438 0.44231153438787
26011543 0.442359272402966
26044438 0.442553321531382
22644017 0.443023173363404
22594100 0.443252524227996
23581814 0.443266096118078
23598453 0.443388917808784
26044438 0.443517154298153
26044438 0.443579823039821
23598453 0.443592960922277
24053621 0.443771936200779
26044438 0.444023328549893
26011543 0.444058313570568
23581814 0.444101598470625
23598453 0.444449668634132
26011543 0.444558526934578
26044438 0.444923341627056
26044438 0.444942746958651
24070260 0.445135643105874
26044438 0.445143108757623
26011543 0.445556201020693
26044438 0.446287928533494
26044438 0.446416586374886
22594100 0.446576759951563
22644017 0.447067125621996
26044438 0.447514501101049
22644017 0.448438034347927
26011543 0.448517784373978
23598453 0.448667127952904
26044438 0.448668609289514
23581814 0.448750871830098
22594100 0.448989409740279
26044438 0.449310302962566
26011543 0.449354443935142
26011543 0.449417583267235
26044438 0.449439085371887
22644017 0.44947065570687
22594100 0.449732771622798
24070260 0.449847813847125
22644017 0.450069879046603
24053621 0.450123510079485
22594100 0.450376554273853
23581814 0.450537778289003
23598453 0.450805826638264
26011543 0.450903407104926
23598453 0.45090905122818
22594100 0.451018767508825
23598453 0.451196549741781
22644017 0.451546205506002
23581814 0.451590680940557
23581814 0.452136811017867
26011543 0.452315804923042
23598453 0.452370829644036
26011543 0.452601345048685
24053621 0.452902299314024
26044438 0.452903685325877
26044438 0.453032765394302
24070260 0.453044634095099
26044438 0.453131729504844
23581814 0.453158113731893
23631348 0.453687486518121
26044438 0.453832191476062
22594100 0.453962988533592
23581814 0.454027444863473
26044438 0.454144851807266
23115824 0.454158969392381
22644017 0.454267324434393
26044438 0.454326505818673
26011543 0.454387806924893
23065907 0.454616100218171
26044438 0.454631339670682
26011543 0.454727383371605
26044438 0.454734519557259
23581814 0.455003346440497
22644017 0.455095137387778
23614709 0.455128108672391
23598453 0.455216878886197
23581814 0.455241031234692
23598453 0.455348087833226
22644017 0.45541910938668
24070260 0.455641223742042
22644017 0.45571529035416
22594100 0.455888076460241
22644017 0.455946616401882
23598453 0.455990733024718
22594100 0.456033919282536
23581814 0.456105271829272
26044438 0.456205056036837
24053621 0.45626976588404
22594100 0.456489271961434
22594100 0.456905510076811
26011543 0.457090098943531
23598453 0.457283389577267
26044438 0.457307472173283
23581814 0.45808790029394
22644017 0.458697550838874
23598453 0.458983572615834
26044438 0.45903745990397
26044438 0.459053227796883
26044438 0.459064357249926
22594100 0.459389446365646
26011543 0.459462239244449
26044438 0.459667467521805
26044438 0.45972888131867
26044438 0.459935615499398
22644017 0.45996050325239
22594100 0.460052844593481
22594100 0.460053262060925
23115824 0.460104579597362
26044438 0.460133647138382
26044438 0.460139578051919
22594100 0.460168068236999
22594100 0.46019250811135
22644017 0.460196683237712
23065907 0.460252648929648
22644017 0.460314938512198
22644017 0.460373344975137
24053621 0.460594999056885
22594100 0.460628829486343
24070260 0.460768758951389
26044438 0.461127733480261
26044438 0.461469627365719
22644017 0.461762657015066
23115824 0.461883757381093
23581814 0.461914215588516
23598453 0.461914694166386
26011543 0.462244260948594
23065907 0.462470652893995
26011543 0.462733949670468
26044438 0.463216542046211
26044438 0.463529921115111
23115824 0.463579836418864
23065907 0.463740427107076
26011543 0.463766128128474
26044438 0.464449451485567
26044438 0.464520535434609
26011543 0.46473163531887
26011543 0.464914656648215
23115824 0.465021655360723
23065907 0.465444633636684
23065907 0.466025655703855
22594100 0.466261746580944
23115824 0.466298913012121
22644017 0.466402831205713
26044438 0.466543899815113
26044438 0.466817476307145
26044438 0.466912173382813
26044438 0.467118274111766
23115824 0.467258672198443
26044438 0.467423588861438
23065907 0.467443683105992
26044438 0.467639685494981
26011543 0.46778593971808
23115824 0.467903185411021
23065907 0.46790905648554
24070260 0.467940941673587
26011543 0.468746169881397
26011543 0.468934948166241
24053621 0.469210506119394
26011543 0.469322717718663
23581814 0.469514541568194
26044438 0.469713719445068
23115824 0.469891260209563
26011543 0.470079538017529
26011543 0.47011321557279
23065907 0.47013394797403
22644017 0.470316776996785
23598453 0.470409968712703
22594100 0.470484713734807
23581814 0.470567002879623
24053621 0.471107607383706
23598453 0.471111239486983
22594100 0.47114286680323
26011543 0.471200392968848
26044438 0.471323450385143
26011543 0.471338858713214
23115824 0.471497239545905
23065907 0.471499821256791
22644017 0.471608352330822
24070260 0.471708676233139
26011543 0.472028258777612
23065907 0.47235308461108
23581814 0.472596410853873
23115824 0.472763811399048
26011543 0.472828017004784
26011543 0.472981263075699
26044438 0.473200057382674
24070260 0.473250141807174
26044438 0.473354742623877
26011543 0.473367284564542
26044438 0.473449920438609
23581814 0.473582965148138
23598453 0.473698775257828
24053621 0.47377967377249
26011543 0.474070581719942
24070260 0.474405909108021
26011543 0.47498144417971
26011543 0.47525126869705
23581814 0.475658606217272
24070260 0.475774959319867
26011543 0.475778257200623
24053621 0.475831004539281
26044438 0.47601089714307
23598453 0.476107749952818
26044438 0.476329349987555
24053621 0.476583207248614
26044438 0.476640846068103
26011543 0.476722024954728
26011543 0.476874476789111
26011543 0.476904913472831
26044438 0.477433210940438
24070260 0.477810797097833
23082929 0.477919859205356
22594100 0.477922727892428
23033012 0.477941865938613
26011543 0.478084564169336
26044438 0.478161178468839
22644017 0.478298612871099
26011543 0.478635630085805
26044438 0.478762205997567
26044438 0.478995920806337
24053621 0.479233088682781
26011543 0.480193728701154
23598453 0.48065727101144
26011543 0.480836413401392
26011543 0.480843929562257
26011543 0.481298234228613
26011543 0.481416847375386
26044438 0.481809801564597
23065907 0.481841241068447
26044438 0.481870114790669
26011543 0.482008553801276
23115824 0.482217478064063
23065907 0.482348658317106
23115824 0.482456678884273
26011543 0.482465300627376
26044438 0.482467667351784
26011543 0.482578754904147
24070260 0.482593615247983
23614709 0.482631184970027
23598453 0.482890761511618
26011543 0.482895585200363
26044438 0.482954300513438
26044438 0.483160257361842
26044438 0.483264235458578
23581814 0.483289215936263
24053621 0.483381029205656
23115824 0.48351418850757
26011543 0.483598983378752
26011543 0.483820655685923
23065907 0.48391183375374
26011543 0.484745095556531
26011543 0.484776172518165
22644017 0.484826230641978
26011543 0.484844671517084
22594100 0.484884029453964
26011543 0.484913418147765
26044438 0.484945710240399
26044438 0.485134249891944
24020726 0.485165188304916
26011543 0.48530927520462
26044438 0.485325522889325
26011543 0.485348000287794
24037365 0.485769592887209
22594100 0.48722063543183
22644017 0.487317482260873
24070260 0.487451846443662
24053621 0.487489483416199
26044438 0.487744704722416
23631348 0.487922540717506
26011543 0.488017091036753
26011543 0.488064446145242
26044438 0.48823051803875
26011543 0.488328935659729
23065907 0.488382297842369
26011543 0.488466898210108
23115824 0.488972382560237
24070260 0.489535668187421
26011543 0.490836443852787
23065907 0.491152496793932
26011543 0.491157064921447
22676912 0.491438364427183
24053621 0.491649442059223
23115824 0.491812410856928
22626995 0.491873180870987
24053621 0.492410079400787
24070260 0.492765672760033
26044438 0.492785702000841
24053621 0.492949394088437
24070260 0.493179225717691
26044438 0.49328122589708
26011543 0.493366855112584
24053621 0.493607864847338
24070260 0.493898045875127
24053621 0.494224123807119
26011543 0.494406204495128
26044438 0.494623078470383
26044438 0.494703514890349
24070260 0.494967412777768
26011543 0.495013338841187
24053621 0.495058637450546
23115824 0.495200502546717
24070260 0.49553577313554
23065907 0.495666947519894
26044438 0.495819644838846
23115824 0.495859730729377
23065907 0.496076733146936
26011543 0.496158099037044
26044438 0.496502202928387
26044438 0.496613070307515
22594100 0.497080849203271
26044438 0.497201688173793
22644017 0.497260106963043
23115824 0.497348870406175
26011543 0.497592702676137
26044438 0.49778061372121
26011543 0.498157556488461
26011543 0.498241458241206
23065907 0.498242588546081
26011543 0.498252080918635
26011543 0.498363061332804
26044438 0.498426581645484
26044438 0.498632054018478
23115824 0.498751973722098
22644017 0.498790295918693
26011543 0.498863930346087
22594100 0.498964012249106
26044438 0.499287706705134
24020726 0.499409591701583
24037365 0.499451362932199
26011543 0.499470254621765
26011543 0.499545585070795
26011543 0.49962731646164
23115824 0.499765100797661
23065907 0.499830267656927
26044438 0.499854716283994
23065907 0.500071328623203
24070260 0.50024933988571
26011543 0.500250479569965
24053621 0.500940945145288
26044438 0.501382974902727
26011543 0.501977959605763
26044438 0.502136883962452
26011543 0.502274901681584
26011543 0.502787798268761
26044438 0.503034485593412
26044438 0.503677352335925
23115824 0.50389056776833
26011543 0.504003649941004
26011543 0.5041809851484
24070260 0.504305023451897
23065907 0.504589687529633
26044438 0.504812740796766
24053621 0.50507485396229
26011543 0.505660593040572
26011543 0.505825336430132
23115824 0.505930451086894
26011543 0.506009118852833
26044438 0.506028084765069
23065907 0.50625716268317
23115824 0.506429373596461
26044438 0.506492199555156
26011543 0.506652250486965
23065907 0.506693686917474
26011543 0.507231549383575
26011543 0.508509026311709
26011543 0.508761337865928
23581814 0.508877498332698
23033012 0.509179165178705
26011543 0.509324969256163
26011543 0.5093254079352
23115824 0.50949180138272
24020726 0.50958013871971
23065907 0.509689690810715
24053621 0.509738338489287
23082929 0.509849368699021
26011543 0.510007553940179
24037365 0.51004259743844
24070260 0.510236605675221
26011543 0.51048675295336
26044438 0.510539310566402
23033012 0.510567355869179
26011543 0.510908618970918
23598453 0.510965817105865
26011543 0.511005341887493
26044438 0.511207843680611
23082929 0.511315767378315
24053621 0.511563118545364
24070260 0.511572970472164
24053621 0.511725051969423
24070260 0.512192585064042
24070260 0.512527454714979
24070260 0.512868592736565
26011543 0.512914309144413
24053621 0.513731345069932
24070260 0.51387921569712
26011543 0.514032676234812
23115824 0.514065091099705
24053621 0.514144519608677
26044438 0.514502632775067
23065907 0.514723536109251
26011543 0.514727119503636
24070260 0.514868118957002
23065907 0.514870173077089
24070260 0.515053261297057
24053621 0.516038357522055
26011543 0.516044727278291
23115824 0.516185848858033
24020726 0.516366887338387
24053621 0.516587757533749
24070260 0.516617920795066
24070260 0.516650619901248
23115824 0.516795861598177
24053621 0.516874377717722
26044438 0.516930364189149
23065907 0.517107409013794
24053621 0.517209368382311
24070260 0.517327936050042
24070260 0.517678236954658
26011543 0.5177303073691
24053621 0.51788009932312
24053621 0.517922536297029
26011543 0.518088803961823
26044438 0.518296931761948
23065907 0.518487930823552
23115824 0.518518251995868
26011543 0.518619986916974
24053621 0.518690611973276
24053621 0.518980883509827
26044438 0.519474589140354
24070260 0.519504909087725
24053621 0.519595043006372
24070260 0.519662131995573
26011543 0.519751302374708
24070260 0.520035513693905
24037365 0.520251664438717
23065907 0.52040593024108
23115824 0.520767151824055
26011543 0.521019882246113
24053621 0.521250852145105
24053621 0.521542066668263
24070260 0.52158900117091
23115824 0.521606798681443
26011543 0.521840142575757
23115824 0.521870852332476
23065907 0.521937191947947
23065907 0.521964275912459
26011543 0.52209626913265
24037365 0.52230501623247
24053621 0.52254921591654
24020726 0.522581742123494
23115824 0.522720026508215
24037365 0.522741216498149
24020726 0.522793012315828
24070260 0.52284076397319
23065907 0.522934877453087
23065907 0.522968665883711
26011543 0.523173804796262
23115824 0.523451616469002
24037365 0.523673900635945
23065907 0.523924782420253
24070260 0.52401047518506
24037365 0.524237480210418
24020726 0.524281964585328
26011543 0.52458904242903
24070260 0.524667890561969
24053621 0.524701790196773
26011543 0.524845501624271
26044438 0.525254160413166
23115824 0.525373306400851
24053621 0.525376859565954
26011543 0.525540921484593
26011543 0.525576331540163
23065907 0.525600952784501
26011543 0.525706625160562
23065907 0.526114490330349
26011543 0.526324761350549
26011543 0.52657704370063
23115824 0.526602967646308
24053621 0.527049047743666
23115824 0.52709912571462
26011543 0.527167256772345
24037365 0.52724713885924
26011543 0.527376158814526
24070260 0.527775145182766
26044438 0.528172905832106
23115824 0.528390577577138
24053621 0.528614225105445
23065907 0.52864158664075
26011543 0.528730860308891
24020726 0.528800122163754
23065907 0.528920626778891
23115824 0.5293811093371
26044438 0.52997273111748
24020726 0.53001622808784
26044438 0.530073930744304
24070260 0.530088946734015
26044438 0.53093071166971
24070260 0.530975227752817
23115824 0.530989633129436
23065907 0.531187049371562
23115824 0.531441788837847
26044438 0.53173103402742
23065907 0.532406043972647
24053621 0.532553982393754
26011543 0.532575797605346
23082929 0.532730387856471
24070260 0.532784195475521
23065907 0.53291348581824
23065907 0.532949732043121
23082929 0.533040189592936
24020726 0.533136129623521
23033012 0.533172885161194
23115824 0.533209192803637
24053621 0.533251533518079
23082929 0.533282747137676
24053621 0.533324407553174
26011543 0.533499275143633
23033012 0.533822778046661
24070260 0.533961885003419
23115824 0.534216252055134
24037365 0.53428569151447
23033012 0.534576763037143
24020726 0.534837064222647
24070260 0.534847972559045
24037365 0.534893760188309
24037365 0.534997842336073
24053621 0.535084894342539
23082929 0.535175789277408
26044438 0.535267376757783
23082929 0.535269177117946
24070260 0.535501134501931
23033012 0.535610727233632
24037365 0.535630338338446
23033012 0.535694342003939
24020726 0.535752408616197
26044438 0.535874467134628
23115824 0.535890470891351
26044438 0.535900886535432
24037365 0.535913847830694
24020726 0.535952423701063
26044438 0.536160999233321
23065907 0.536175563331009
24053621 0.536194813649346
24053621 0.536243684010683
24020726 0.53628641877569
24070260 0.5364935827986
24070260 0.536498322596857
23082929 0.536510057001776
24053621 0.536549745438488
24053621 0.537047711927949
24070260 0.537094661154309
23115824 0.53739536323476
24053621 0.537469846772418
24070260 0.537576239457157
24070260 0.537637625784521
23065907 0.537647367587313
23115824 0.537938062199913
23065907 0.538143939009166
23033012 0.538419504918824
23082929 0.538462327990158
24020726 0.538531384084975
23115824 0.538597799310167
24070260 0.538706464720008
23033012 0.538825159275658
24053621 0.538929538708201
26011543 0.53893493881386
23065907 0.538990855671926
23082929 0.539227432154197
24053621 0.539416324144229
24070260 0.539416406258702
23033012 0.539588217305525
26044438 0.539629262644072
24053621 0.539687083347536
23033012 0.539746202047612
24070260 0.539885105805275
23082929 0.540029579543053
24037365 0.540078497314341
23033012 0.54031594677162
23115824 0.540396350566718
24070260 0.540571105363656
26011543 0.540606344000364
24053621 0.540681449106869
23082929 0.540954342625268
24037365 0.541191753118882
23115824 0.541209550613105
26011543 0.541475252210293
24020726 0.541481516803823
24053621 0.541496211023174
23065907 0.541523179418432
23065907 0.541550903743459
23065907 0.541614791124443
23115824 0.541975953121438
24020726 0.542186860924197
24037365 0.542261733420498
24070260 0.54235285400665
24053621 0.542368952382259
26011543 0.542420808813397
23115824 0.542558849951713
23082929 0.542596337544018
23115824 0.542736566080241
23082929 0.542798925399295
24020726 0.542928014238515
24070260 0.542962910733389
24037365 0.542970380552026
23033012 0.543029556195577
23115824 0.54303042956091
23033012 0.543060625783342
24070260 0.54307694563301
24037365 0.543078296215944
24053621 0.543127226199672
24053621 0.543142264830375
23065907 0.543155263380708
23065907 0.543376324976855
23065907 0.543404112392196
23115824 0.543663403910184
24053621 0.543695484716668
24053621 0.543832969148861
24070260 0.543901495490932
23065907 0.543921284694167
24070260 0.543959320027964
24053621 0.543966624802626
24070260 0.544015649730538
24020726 0.544102238589293
24053621 0.544199321851405
24070260 0.544233659944937
24053621 0.544278547064448
24070260 0.544327223084245
24070260 0.544373402354284
24070260 0.544465173545796
24053621 0.544470819916193
24037365 0.544547200688371
23115824 0.544562232910012
24020726 0.544601403494841
23065907 0.54494942210389
24070260 0.545054492337331
24070260 0.54527316931199
23115824 0.545324519713973
23065907 0.545365830438406
24053621 0.545377629060874
26011543 0.54540940217074
23082929 0.545600395497656
23115824 0.545645989527562
24053621 0.545842647639969
23033012 0.545881393932003
24020726 0.54604442552973
24037365 0.546490108104576
24053621 0.546505222506514
26011543 0.546565952545201
24020726 0.54657424475021
24070260 0.546646701806499
23065907 0.546806684904017
24053621 0.546992392753416
24053621 0.547249874198644
24070260 0.547372058661244
24053621 0.547395035647941
26044438 0.547449628835897
23115824 0.547468963299563
26011543 0.547494991756394
24020726 0.547649018928175
23065907 0.547697833743439
24070260 0.547756486764932
24070260 0.547796111543695
23033012 0.547799132542595
24053621 0.547811692201634
24037365 0.547873353808736
23082929 0.547885549145317
26011543 0.547976333451701
24053621 0.54805745480014
24070260 0.548080365810773
23115824 0.548746520506524
23065907 0.548798691991639
24053621 0.54892641352998
24037365 0.549003309311883
26011543 0.549192534568914
26011543 0.549285568790043
24020726 0.549479459016436
24070260 0.549519168813858
26011543 0.54953142127971
23115824 0.549535411338372
23065907 0.549730675010199
24020726 0.550007742489774
24053621 0.550023054804673
24070260 0.55019230565199
26044438 0.550358887440326
24037365 0.550412176937738
23115824 0.550424314741494
24037365 0.550482640795899
23065907 0.550529062957883
23065907 0.550557829541749
23065907 0.550600307994796
23115824 0.550688533199896
23065907 0.550796888685739
23115824 0.55081761191046
24070260 0.550886745911809
24037365 0.550956306520807
23065907 0.550966529470616
23115824 0.551029112894628
26011543 0.551075747982298
23115824 0.551163232227613
23115824 0.551220837650205
23065907 0.551321398354154
24053621 0.551393589870802
24070260 0.551453448167648
24070260 0.551489964563714
23065907 0.551611397305083
23065907 0.551649966699351
23082929 0.551678058930467
23115824 0.551728185300185
23065907 0.551823447501899
26011543 0.551874185549727
23065907 0.551942416363436
24053621 0.551980878251318
23065907 0.552126988539026
23115824 0.552243186102782
23115824 0.5522756757381
24020726 0.55229761737483
23115824 0.552331020126189
23033012 0.552472120558413
23115824 0.552706569857484
26011543 0.552719078846514
23033012 0.55274661300543
23082929 0.552856131851095
24053621 0.55306693997132
26011543 0.553124808157686
26044438 0.55325595610029
24037365 0.553273634685258
24020726 0.553533513160919
23033012 0.55390238833967
23082929 0.553932943371289
24020726 0.554106644342735
23115824 0.55412385118322
24070260 0.554132000525254
24037365 0.554433830716161
23065907 0.55459519755737
24037365 0.554650146506214
23065907 0.555345988057187
24020726 0.555347534294971
24053621 0.555389821975268
24070260 0.555488194403825
24020726 0.555513289193824
23082929 0.555664073756532
24053621 0.555718594490142
24037365 0.555807965381842
24037365 0.55588012305026
23033012 0.555950407930028
23082929 0.555957073905083
23033012 0.555997392595818
23065907 0.556064399490257
24070260 0.556150385956689
24020726 0.556193373653401
23115824 0.556243347757617
24053621 0.556349479173995
26011543 0.556618915934342
23082929 0.556705598144644
23082929 0.556758172322625
23115824 0.556786139967621
23082929 0.556797190700068
23033012 0.55717236213503
23033012 0.557351334503002
23082929 0.557420344344293
23115824 0.557541871517861
23033012 0.557557056612298
23115824 0.557676504696964
26011543 0.557693751219014
23033012 0.557793341074547
24053621 0.557830301595115
23082929 0.557888981068355
23115824 0.557910183993205
23065907 0.558039694155781
24070260 0.558177018686505
23065907 0.558187718886842
24053621 0.558345239935579
23082929 0.558392314959654
23033012 0.558456712647425
23033012 0.558632000331845
23065907 0.558665913326466
23082929 0.558677379493203
23115824 0.558706425285081
23115824 0.558732756028635
23065907 0.558784921693218
23082929 0.558817615412952
24020726 0.558849823046278
23033012 0.558932523706178
23065907 0.558968861485837
23115824 0.558977687274982
23065907 0.559146351417409
23065907 0.559191085910919
24037365 0.559385489983412
24053621 0.559598919622213
23033012 0.560020694799225
23115824 0.560188459815435
24020726 0.560192969482874
23115824 0.560242788247338
23065907 0.560406906030272
23115824 0.560533582450781
24037365 0.560564463958025
24020726 0.560614822554212
23065907 0.560688463291107
24037365 0.560856662409227
24070260 0.561010103590404
24053621 0.561020863323681
24070260 0.561154067347794
24037365 0.561265472921821
24053621 0.56133800012769
24070260 0.561403855801081
24020726 0.561404916191291
24037365 0.56147404877127
23065907 0.561534849233944
23065907 0.561607248161548
23082929 0.561820384758268
24070260 0.561909443848571
23033012 0.561914073864535
24070260 0.561920613666823
23082929 0.562048465268144
23115824 0.56210337983078
23115824 0.562201340822853
24037365 0.562215234199983
24020726 0.562252745720899
24053621 0.56246185040098
24020726 0.562508431328153
24020726 0.562642603506004
24070260 0.562731642473709
24037365 0.562871087892873
23065907 0.562878160766276
24020726 0.562932399357932
23115824 0.563263108190887
23115824 0.563456162075535
24037365 0.563656484875456
24020726 0.563778777987362
24053621 0.563793944605358
23033012 0.563834523186278
24070260 0.563974591160864
24037365 0.564223139563747
24053621 0.564250541690236
24037365 0.564335033057441
23082929 0.564450979419205
23033012 0.564526270845603
26011543 0.564601799840125
24053621 0.564744972394629
23065907 0.564886665596191
24070260 0.564891516289476
24053621 0.564935819685918
24037365 0.564940291386558
23065907 0.564973819912595
24070260 0.565140075423904
24053621 0.565187213882601
24020726 0.565222173476949
23115824 0.565456810410601
23065907 0.565565017967053
24020726 0.565681018913665
23115824 0.565709531459818
24070260 0.56584829984123
23115824 0.565879713834265
24053621 0.565989895976019
23033012 0.566032899471147
24070260 0.566039839696698
24070260 0.56610677649024
24037365 0.566227286048406
23082929 0.566393379895094
23115824 0.566486966445207
23065907 0.566489513578076
23065907 0.56653360932718
23082929 0.566644039718327
24037365 0.56668457873832
24020726 0.566740780858268
24037365 0.566815499104033
24020726 0.567092737004087
24020726 0.567167124494254
24070260 0.567195576844516
23033012 0.567269190338852
24070260 0.567312667381859
24020726 0.567329331881222
24053621 0.567509004849446
24020726 0.567546293645474
24037365 0.567625796762603
24053621 0.567633279487048
24053621 0.567688018443635
24070260 0.567895900692359
24070260 0.567957540644863
24020726 0.568045149718447
24053621 0.568103246282572
23115824 0.568125726019507
24053621 0.568160151992068
23033012 0.568248806857995
24070260 0.568293175123645
24053621 0.568434970681754
24037365 0.568475643662547
24037365 0.568514022661064
24053621 0.568711992290837
23033012 0.568743568135529
23082929 0.568776044204603
23033012 0.568793687134688
24053621 0.568798676657361
23082929 0.568831623800791
24070260 0.568981256830072
23115824 0.56904663868568
23082929 0.56917600909494
23065907 0.569181931686282
23082929 0.56931023293194
24020726 0.569486947049071
24070260 0.569518597439377
23033012 0.569536477550353
23115824 0.56974384772934
24053621 0.569858481308577
23033012 0.569993635840986
24020726 0.57000029797343
24053621 0.570025098574819
23065907 0.57007776831704
24053621 0.570227930356534
24070260 0.570371567993763
23082929 0.570372828545837
23082929 0.570462232968697
23082929 0.570752511749119
23033012 0.570787893993444
24070260 0.570880025170009
23033012 0.570979285766776
23082929 0.571117743364392
23115824 0.571403942690291
24070260 0.571436106437881
24053621 0.571502935357423
23065907 0.571536592934886
26044438 0.571606112660886
24020726 0.571623340833266
23033012 0.571646597609195
24070260 0.571686068508353
24037365 0.571715622368107
24070260 0.571797284606446
24020726 0.572011206964409
23033012 0.572077087927277
23082929 0.572103901543324
24037365 0.572131435751154
24037365 0.572312087505661
24070260 0.572341313705747
24020726 0.572359102576414
24053621 0.572361784217342
24037365 0.57239334444248
24037365 0.572488259491752
23115824 0.572902160781844
23065907 0.572912865404445
24020726 0.572930465128613
23082929 0.572939165264963
23115824 0.572947645382373
23115824 0.573011949420582
23065907 0.573140878700983
24037365 0.573221658350585
24070260 0.573290176703846
23065907 0.573327489297627
23033012 0.573352595342181
23065907 0.573385630379213
24020726 0.573478744160804
24053621 0.573554309882262
23115824 0.573555424681845
24053621 0.573573411165687
23065907 0.573826835022699
24037365 0.574034382420238
24053621 0.574107283043725
23115824 0.574239821396317
24070260 0.574515830775031
23082929 0.574634363873255
23065907 0.574661757623245
24037365 0.574783417694085
23115824 0.574834327840907
24037365 0.57486000646821
24020726 0.574961600106414
23115824 0.575032047325009
24020726 0.575165802502237
23065907 0.575363481049847
23033012 0.575391020666255
23082929 0.575396928568428
26044438 0.575465663682485
24037365 0.575539959127313
24070260 0.575613466513936
24020726 0.575638910036671
24020726 0.575807285742049
24053621 0.575827306385052
24037365 0.575889088979633
24053621 0.575920134459866
24070260 0.576024284314245
23033012 0.57615407677079
24070260 0.576155163357934
23065907 0.576277812093715
24070260 0.576336588158123
23065907 0.576358824754911
23082929 0.576390940002814
24053621 0.576458812271899
23065907 0.576558823186924
23115824 0.57664937426212
23115824 0.576861426328538
23033012 0.576961289712425
24020726 0.577169788714431
24037365 0.577218696994656
24037365 0.577427739701661
24037365 0.577438822696051
24020726 0.577483601609389
23065907 0.577522281250276
24070260 0.577674350485043
23115824 0.577875540055347
24020726 0.578020972513992
23115824 0.578043863426275
23082929 0.578227216927292
24053621 0.578486298226919
24037365 0.578526314169932
24070260 0.578585378135918
23065907 0.578848857944996
23065907 0.57901788941123
24053621 0.579054734211152
23033012 0.579202361792643
23115824 0.579251259025224
23082929 0.579260020771486
23033012 0.579289712846624
23065907 0.579523184316846
23082929 0.579557432053423
23115824 0.579754097714567
23033012 0.57988504461269
23082929 0.579947454188184
24053621 0.579980150109282
23033012 0.580013053739518
24070260 0.580056276308352
24053621 0.580128078278931
23082929 0.580204238695864
24037365 0.580244709088312
23082929 0.580388003148856
23033012 0.580425702499182
23033012 0.58043187650732
23082929 0.580530965429812
24053621 0.580551409066947
24020726 0.580568734613262
23033012 0.580810846484714
24020726 0.580874392730941
23115824 0.580885889266082
23082929 0.580900206094879
24037365 0.580922082955468
23065907 0.58094141855662
24070260 0.580982347551814
23082929 0.581139959605925
24020726 0.581221991859548
23033012 0.581265005535
24020726 0.581319978325561
24037365 0.581377815963071
23033012 0.581530251510085
24037365 0.581541495797404
24037365 0.581619496436035
24037365 0.581715450038494
23033012 0.581853345726306
23082929 0.582148066180466
24020726 0.582298093823918
24053621 0.582331609130845
24037365 0.582439770652165
23082929 0.582475470578856
23082929 0.582478511449166
23033012 0.582543596589003
23082929 0.58255050589965
23065907 0.582641675287557
23115824 0.582652472061356
24020726 0.582703823287126
24020726 0.582712635081826
24020726 0.582759182686622
24070260 0.583126371989634
23065907 0.583141872273204
23033012 0.583152901974055
24070260 0.583280108477461
23082929 0.583304149534337
24037365 0.58338155725059
24053621 0.583501729753647
24070260 0.58360625856903
23115824 0.583607588092036
23082929 0.583640773731051
24020726 0.583764331450052
24020726 0.583883655474698
24020726 0.583959881537201
24037365 0.583997717896712
23065907 0.584238432454777
23082929 0.584245318244891
24037365 0.584374983500193
23033012 0.58447027284679
24037365 0.584724837889808
23033012 0.584772846687588
24037365 0.585011652035661
23115824 0.585025208896572
24053621 0.585085604604466
23082929 0.585213063436041
23033012 0.585233030398535
24037365 0.585244404825015
24020726 0.585255171956121
23115824 0.585362185964593
23033012 0.58575242017932
23082929 0.585826388681311
23033012 0.585859695518492
24037365 0.585915513086351
24037365 0.585980095835547
23033012 0.586075484013831
23082929 0.586153131785595
24070260 0.58625635945472
24020726 0.586257862629779
24020726 0.586271056422755
24020726 0.586434396031269
24020726 0.586566365457959
23115824 0.58660865113087
24020726 0.586658908191659
23065907 0.586765673703612
24037365 0.586875753760938
23065907 0.586879637861885
24020726 0.58696591226682
23065907 0.586976129110789
23115824 0.587039125854904
23065907 0.587097532282634
24070260 0.587108459837789
23033012 0.587152785699677
23065907 0.58726589153639
23065907 0.587268487005465
23082929 0.58728718375683
23115824 0.587396824209836
23115824 0.587520923804875
23033012 0.587599081698708
23065907 0.587633841360721
23033012 0.587717889868521
23082929 0.587825610816363
23082929 0.587851933140408
24053621 0.587913290204513
23082929 0.587967886461197
23033012 0.588021984981176
23115824 0.588448200170049
23115824 0.588513781173613
23082929 0.588650947439965
23115824 0.588677277019152
23082929 0.588735413340765
23033012 0.588917906595476
23082929 0.588942768186249
23033012 0.58912548108284
23033012 0.589171393636807
23033012 0.589290004933486
23065907 0.589366436223133
24053621 0.589452169518622
23065907 0.589577526888238
23115824 0.589656638712476
24037365 0.589712659412892
23082929 0.589813033784434
24020726 0.589878367861166
24070260 0.589974551854427
24070260 0.590079385584174
24020726 0.590423431797113
23033012 0.590748612700291
23082929 0.591058480369709
24037365 0.591062794914243
23033012 0.591163929430896
23082929 0.591420440176096
24053621 0.591513945372896
24037365 0.591853319932156
23082929 0.591904689898573
24020726 0.591980495287131
23082929 0.591990992922001
24020726 0.592041029424247
24037365 0.592065152137143
24037365 0.59207409619999
23082929 0.592202400432626
23065907 0.592318805313796
23033012 0.592482938310277
23033012 0.592491800012874
24070260 0.592524039335004
23082929 0.592935192350635
23033012 0.59293908632985
23033012 0.593032451104445
23033012 0.593075153306722
24020726 0.593148923067389
24037365 0.593191674331679
23033012 0.593255720241774
23082929 0.593370041627284
23115824 0.593488324962227
23082929 0.593601570845406
24020726 0.593747608144194
23065907 0.593786002915587
24020726 0.593860167205931
23115824 0.593890898043764
24037365 0.594163555881969
24020726 0.594293407135269
24020726 0.59444531202648
23082929 0.594479417580237
24037365 0.594519093033791
23033012 0.59465260577942
24053621 0.594732766420804
23033012 0.594806778841174
23082929 0.594957509845258
23082929 0.595057897418415
23033012 0.595238032291574
24037365 0.595263332432482
24037365 0.595416724809832
24053621 0.595607852714862
24037365 0.595725159630117
23082929 0.595784411894923
24037365 0.595913746669238
23082929 0.595957204939145
23033012 0.595997613339318
23033012 0.596036662095257
23082929 0.596296860177478
23033012 0.596308290744282
23082929 0.596314002363527
24053621 0.59633061475017
24053621 0.596334909116761
23033012 0.596415063227937
23082929 0.596493822224705
23033012 0.596518637339179
24070260 0.596528441195811
24020726 0.596667183325838
24020726 0.596696129411261
24020726 0.59671204203482
24037365 0.596946590397235
24037365 0.597016714459805
24020726 0.597201712803309
24070260 0.597227457176288
23082929 0.597244005956343
24020726 0.5973101496759
23033012 0.597434978307321
23082929 0.597486619419376
23033012 0.59748820000399
23033012 0.597868963884471
23033012 0.597896556859252
23082929 0.59796488341447
24037365 0.598110833617777
23082929 0.598127241606129
24037365 0.598950783357689
24037365 0.59895470890245
23065907 0.598985103769774
24020726 0.598986054255869
23115824 0.599007118646027
23033012 0.599032338446944
24037365 0.599073397500376
24020726 0.599085490085561
24020726 0.599088925842023
23033012 0.599175956090279
23115824 0.599320023873627
24020726 0.599367287605501
24037365 0.599440497175232
24053621 0.599498961332147
24053621 0.599725930746511
23065907 0.599743652428858
23082929 0.599848270261192
24037365 0.599908300205631
24020726 0.600007194292912
23115824 0.600141913859756
24070260 0.600403887652553
24020726 0.600423810421673
24070260 0.600624428943633
24020726 0.600635075990663
23065907 0.600685673263133
23082929 0.600707109606103
24037365 0.600763437621982
24037365 0.600789008484119
23033012 0.600870598745651
23115824 0.601167293943391
23065907 0.601209780123598
24070260 0.601216545437093
24053621 0.601444669172539
24037365 0.601564349976928
24020726 0.60209088737994
24037365 0.60231435361423
24020726 0.602437580236743
24037365 0.60245767686061
24020726 0.602513690260004
24020726 0.602526268329357
24020726 0.602530687824476
24053621 0.602562821882907
24020726 0.602839562030169
24053621 0.602890760751758
24070260 0.603266158692368
24070260 0.603442135300473
24037365 0.603842234672723
24020726 0.60389640056996
23065907 0.603958308261104
23082929 0.603983459523173
23033012 0.604212807966133
24037365 0.604253184375591
24037365 0.604299933121749
24037365 0.604570484775317
24037365 0.604630865336629
23033012 0.604763186256154
24020726 0.604765022812345
24020726 0.604862977958616
24037365 0.605067551208889
24020726 0.605164567513521
24037365 0.605206406933604
23115824 0.605348163423636
23033012 0.60560783659217
24037365 0.605613810767582
23033012 0.605728645074002
24053621 0.605779085418665
24037365 0.605859981514939
23082929 0.605928367727506
23115824 0.605990783033003
23082929 0.60604308323207
24037365 0.606172806285597
23082929 0.606240599252497
24020726 0.606512958581984
24070260 0.606572908936625
23033012 0.606633250269589
23033012 0.606705255397392
23115824 0.60674144191912
23065907 0.606748125855559
24037365 0.606777635409702
24020726 0.60684497688839
24020726 0.606878161022824
24020726 0.606942719124158
23065907 0.606945985820777
23082929 0.607142624778465
23115824 0.607197896131089
23033012 0.60747510410968
23065907 0.607611214043898
24020726 0.607827432806485
24037365 0.608075559991637
23082929 0.608197086120427
23033012 0.608383038224386
24020726 0.608530010472446
24020726 0.608812724379307
23082929 0.608838572830734
23033012 0.608965186302422
23082929 0.609096942825086
23033012 0.609185856863238
24020726 0.609264812044763
24037365 0.609333851584771
24037365 0.609393913107897
23082929 0.609749310590903
23033012 0.610258157543503
23082929 0.610287372113486
23115824 0.610443137541321
23082929 0.610485427001883
24020726 0.610494553035889
23033012 0.610601160578431
23082929 0.610620829768383
23065907 0.610777316701903
24037365 0.610918649403059
23115824 0.611055459541643
24037365 0.61125731701924
23065907 0.611447636273542
23115824 0.611672967241999
23065907 0.611716312880555
24037365 0.612075692178091
23033012 0.61216243440665
24020726 0.612173155000599
23033012 0.612359588500525
23082929 0.612484664822599
24070260 0.612550776960702
24053621 0.612649891664078
23065907 0.613217423345601
23033012 0.613341517954126
24020726 0.613346427234108
23082929 0.613644449307383
23082929 0.613711579468938
24053621 0.614283523564056
24020726 0.614506315210195
23115824 0.614596221056781
24070260 0.614670570411272
24020726 0.614749390311765
23115824 0.614788408017694
24070260 0.614820953130024
24037365 0.614895838179591
23065907 0.614955195304631
24053621 0.615156443942619
23115824 0.615164436884192
23065907 0.615212239182709
23115824 0.615237064391702
24037365 0.61539872765935
23065907 0.6154334676679
23082929 0.615476460365551
24053621 0.615506291367476
23082929 0.615831568380786
23033012 0.616101301843521
23082929 0.616177232386453
24070260 0.61623980136541
24020726 0.616276361380189
23033012 0.6162902235643
23033012 0.616456023524298
24053621 0.616476311077337
24070260 0.616798959259
23033012 0.616821999694745
24037365 0.616902223027777
23082929 0.61749847193629
23065907 0.617703146935736
24020726 0.61804715927705
24037365 0.618162254912945
23115824 0.618331587657475
23082929 0.618383417366507
23033012 0.619149157052946
23082929 0.619317861768444
24020726 0.619545940091573
23065907 0.61958992293047
23033012 0.619622386625605
23082929 0.619774570113873
24037365 0.620050068309494
24070260 0.620119210168073
24070260 0.620239287865539
24053621 0.620287535317715
23082929 0.620350810774169
23115824 0.620413093904485
24037365 0.620431451119436
24020726 0.620443743558597
23082929 0.620477640749025
23033012 0.620535004606864
23033012 0.620702187070691
23065907 0.620789643253489
24020726 0.620793662691499
24020726 0.62090265994174
24037365 0.621171605507963
23033012 0.621424888279759
24053621 0.621641313716319
23082929 0.62172967540598
24037365 0.621821238367118
24020726 0.621929520334493
24037365 0.622051899949728
23082929 0.62225120455144
23033012 0.622342830555629
24037365 0.622393513293539
23033012 0.622466873890668
24020726 0.622529639329028
23115824 0.622580155497328
24020726 0.622657330358165
24037365 0.622803737345363
24020726 0.622815930858916
24037365 0.622872259484424
23082929 0.622941117174512
24037365 0.623389964295127
24037365 0.623579219492772
24053621 0.623650175462876
24020726 0.623839697969249
24053621 0.623962658125806
23033012 0.62405022812276
24020726 0.624256217150908
24070260 0.624261202452256
24037365 0.624281437674202
24070260 0.624297382147475
23033012 0.624494154935667
23033012 0.624625388357629
23082929 0.624652329500352
24037365 0.624732510153257
23082929 0.624750794803884
24070260 0.624797044585408
23082929 0.624883652488397
23082929 0.625345018003482
23033012 0.625362479504556
24053621 0.625528719622286
24037365 0.625755010179872
23033012 0.626129796329581
24020726 0.626160540039208
23033012 0.62691224159727
23082929 0.627041965608344
24037365 0.627190939631216
23115824 0.627471552863271
24020726 0.627519948599576
23115824 0.62796900676261
23065907 0.627975034592712
23065907 0.628107136220745
24070260 0.628183050408376
24037365 0.628657653174705
24020726 0.628822183178397
23033012 0.628853547134439
23082929 0.628890683859201
24020726 0.629158900098044
24053621 0.629188077767538
23082929 0.629204688821581
24053621 0.629739930751478
23082929 0.629756956217612
23082929 0.630102516825718
23082929 0.630382479450129
23033012 0.630411605198172
23033012 0.630517517743968
23033012 0.630526385384656
23033012 0.630555845823179
23082929 0.630721029119983
24020726 0.631144060555825
24037365 0.631274702277222
24037365 0.631296585000126
23033012 0.631406842207276
23033012 0.63159821914304
23033012 0.631703514462247
24070260 0.631776484900594
23082929 0.631816222904436
23115824 0.632349245974925
23082929 0.632370771943168
24053621 0.632583102616547
24020726 0.632633868169337
23065907 0.632843668224094
24070260 0.633825712241728
23065907 0.63387473025905
23115824 0.633933184621109
24037365 0.634490970902231
24070260 0.634745674310541
24020726 0.635639919391024
23033012 0.636090301541818
23082929 0.636331430845614
23065907 0.636853276705586
24053621 0.636912844204195
23115824 0.637070380699312
24020726 0.637326590662493
23082929 0.63757790900455
24037365 0.638693029970613
23033012 0.638758972315079
23082929 0.639181881385843
23033012 0.640006528237775
24037365 0.640105378202721
23033012 0.64024246410848
24037365 0.640359408149813
23082929 0.640406227096367
23033012 0.640467882989478
23115824 0.640868252395185
23082929 0.640891234906256
23065907 0.640944167738033
24020726 0.640944664780055
24020726 0.641909542856364
23115824 0.642097266836662
23033012 0.642117538638105
23082929 0.6424092014882
23065907 0.642463905729489
24037365 0.643460223608292
24020726 0.643670286080792
24020726 0.645792697537436
23082929 0.64678768287735
23033012 0.647002850566439
24020726 0.647154665626902
23033012 0.64733412524737
24037365 0.647530932449447
23082929 0.647767925985938
24020726 0.648320599399995
24037365 0.648695534559701
23033012 0.651794473917737
23082929 0.651904448739236
23033012 0.652240079343278
23082929 0.652307091753684
24037365 0.653255654803733
23082929 0.655767334973051
23033012 0.656417514805388
23082929 0.661586150707763
23033012 0.661643616269705
23082929 0.667638755721017
23033012 0.667666765021508
