x  y
21560179 5.34806434914592e-20
21580722 5.34806434914592e-20
21603472 5.34806434914592e-20
21999091 5.34806434914592e-20
22019634 5.34806434914592e-20
22042384 5.34806434914592e-20
21547827 0.0482965690974621
21570577 0.0493968876882791
21527284 0.0496572703087299
21580722 0.0799998772201201
21560179 0.0800713800174135
21603472 0.0833466117932045
21603472 0.084715766840505
21580722 0.0850061965735177
21560179 0.0881236686777232
21560179 0.0906561399156735
21580722 0.0916433945215363
21603472 0.0922718967254065
21580722 0.100234250508226
21560179 0.100409555507496
21603472 0.100827033224709
21560179 0.105936364435246
21603472 0.10651876498694
21603472 0.106607932038854
21580722 0.108069969455586
21580722 0.10815266190615
21603472 0.108725619810902
21580722 0.10903502770914
21560179 0.109934142040868
21603472 0.110782743263014
21580722 0.111712466020308
21560179 0.111874504720112
21560179 0.112017274668178
21570577 0.112105572884622
21603472 0.112309267801675
21603472 0.112551055471471
21580722 0.114064596755667
21547827 0.115367483410836
21560179 0.115450747303212
21527284 0.115825396391615
21580722 0.11745490759193
21560179 0.11747594157672
21603472 0.11815320009242
21560179 0.119584964135421
21580722 0.119986958634407
21603472 0.120320769883351
21603472 0.122171382214254
21580722 0.122892861856212
21603472 0.123335868226123
21580722 0.123579730413756
21603472 0.125147899939799
21603472 0.125380904728883
21560179 0.125402924207966
21580722 0.12548082825209
21603472 0.125589865911522
21580722 0.125754843356774
21560179 0.126036333439878
21603472 0.126400210336007
21570577 0.127047795307838
21580722 0.127203092461661
21560179 0.127424174454606
21603472 0.127492901244174
21580722 0.127527517741011
21603472 0.127642557032053
21560179 0.128135828320263
21560179 0.12814323245295
21560179 0.12824385823451
21580722 0.128608393378309
21580722 0.12895922129213
21560179 0.129312395965125
21560179 0.129372688353341
21580722 0.129734130155781
21560179 0.12996477087816
21580722 0.130269588303734
21580722 0.130364062159146
21560179 0.130384767497275
21603472 0.130875028195759
21560179 0.130876439080404
21570577 0.131241081480333
21560179 0.131374112244761
21603472 0.131409882275798
21603472 0.132618899499601
21527284 0.132829498327551
21603472 0.133247304864974
21547827 0.133323381509518
21560179 0.133344008048042
21580722 0.133492620180738
21603472 0.133934677927758
21603472 0.13395989640664
21560179 0.134113019670137
21603472 0.13417310017786
21580722 0.13426501623942
21560179 0.134416118614809
21580722 0.134541061978113
21580722 0.13499593702145
21580722 0.135154898387592
21580722 0.13555944225852
21603472 0.135725755491098
21560179 0.135805056565143
21603472 0.135982597551829
21560179 0.13630006270715
21560179 0.137189344316571
21603472 0.137514315726427
21560179 0.137733666400461
21560179 0.138028862116523
21603472 0.139200425971473
21603472 0.139210033830285
21547827 0.139246418081182
21603472 0.139395918423702
21560179 0.140041525125583
21580722 0.140084764096352
21560179 0.140116639492598
21580722 0.140202890734458
21580722 0.1405327955244
21603472 0.140651280311617
21580722 0.140728933227862
21560179 0.140953918023412
21603472 0.141152263280835
21603472 0.141183668454535
21527284 0.141498958336674
21560179 0.142312744094029
21560179 0.142724336254393
21580722 0.143173705017208
21580722 0.14319938961399
21580722 0.143443827170215
21580722 0.143722417222486
21603472 0.143981102705189
21560179 0.1443053512479
21580722 0.144801382962158
21560179 0.144935414284531
21603472 0.145410029749052
21580722 0.145577995628103
21560179 0.145941309542875
21580722 0.146425541606789
21580722 0.146441558654871
21603472 0.146923566914467
21580722 0.146934941792618
21560179 0.1475779464942
21560179 0.147630633080827
21603472 0.147826629656545
21603472 0.148012698449038
21580722 0.148639062543275
21603472 0.148648345029752
21603472 0.148902451059695
21560179 0.149009625833172
21560179 0.14915698805585
21580722 0.149178656324166
21580722 0.149412354686764
21560179 0.149421379672348
21560179 0.149449765799356
21603472 0.149461271088929
21580722 0.149480328392751
21570577 0.149500944849931
21560179 0.149875472544756
21560179 0.149876276563434
21603472 0.150013289861507
21603472 0.150045326188743
21603472 0.150086443427652
21580722 0.150519163031795
21603472 0.150924636736813
21580722 0.151089890879995
21560179 0.151157818719764
21580722 0.151556934720403
21560179 0.151855759577274
21603472 0.152669377875848
21603472 0.152759895316797
21580722 0.152971515836196
21560179 0.153138817711732
21580722 0.153447201173588
21570577 0.153521917726733
21603472 0.153676988230492
21603472 0.153829514253153
21580722 0.154397163762537
21570577 0.15491426843043
21560179 0.155369230842429
21547827 0.15598494473217
21603472 0.15635630765141
21603472 0.156910702936869
21527284 0.157301442072539
21547827 0.157611071597553
21547827 0.15820519896323
21580722 0.158281093027493
21527284 0.158418890200996
21560179 0.158688175816917
21603472 0.158897497920188
21580722 0.158955660024541
21560179 0.15914892854253
21570577 0.159158249075787
21580722 0.159373186184309
21603472 0.159457266928179
21560179 0.159809508314109
21560179 0.159870868756254
21580722 0.159928114422396
21560179 0.159950697237016
21580722 0.160105524283551
21560179 0.160432046308435
21527284 0.160726482977161
21580722 0.160790685287096
21580722 0.161035487375556
21560179 0.161436164731611
21547827 0.161911378737771
21603472 0.16216934447215
21580722 0.162256379294189
21580722 0.162568392080473
21560179 0.163199734788258
21603472 0.163404402627124
21580722 0.163410868354801
21570577 0.163723523049807
21560179 0.163783880983882
21527284 0.163857728436071
21580722 0.163963341026967
21570577 0.164037878818306
21560179 0.164063135594063
21580722 0.164180532148754
21547827 0.164224188919603
21560179 0.164530261000675
21580722 0.164624232696464
21580722 0.164626616707268
21560179 0.165016788301922
21560179 0.16524667403129
21603472 0.165369900725749
21527284 0.165482171902765
21603472 0.165527172154183
21560179 0.165639785461271
21560179 0.165724221848831
21570577 0.165760519738643
21603472 0.165938913323635
21527284 0.166062286895359
21603472 0.166341686185478
21603472 0.166467566776118
21570577 0.166539250169556
21603472 0.16663645768025
21603472 0.166648834289147
21580722 0.166679836694944
21527284 0.166948453144347
21570577 0.166967377156493
21547827 0.167265440485108
21580722 0.167928266670152
21560179 0.167986546052124
21603472 0.168006967536552
21603472 0.168380275152663
21570577 0.16891479106616
21547827 0.169177252206555
21527284 0.169197575530738
21580722 0.169293427830353
21603472 0.169513962972151
21603472 0.1695155520383
21570577 0.170000313934464
21527284 0.170050870892287
21527284 0.170463886714712
21570577 0.170484087702021
21547827 0.170524733866401
21570577 0.170558757778153
21603472 0.170710441917608
21560179 0.170810227783741
21547827 0.170841474241219
21580722 0.170896618545926
21547827 0.171918690242125
21547827 0.172054548137153
21527284 0.172198769889802
21547827 0.172483145463265
21603472 0.17252205169491
21603472 0.172741351856558
21527284 0.172752968517947
21527284 0.17283487749252
21580722 0.172857667525133
21580722 0.17349707880938
21560179 0.173651016832182
21603472 0.173803199791688
21570577 0.173886947004087
21560179 0.173945634849758
21527284 0.174088617122219
21547827 0.174105782737947
21603472 0.174163376841619
21570577 0.174576451207087
21547827 0.174607845578322
21570577 0.174815934459467
21547827 0.175016517723937
21560179 0.17502477956456
21603472 0.17504658875866
21560179 0.175477363778075
21560179 0.175515913940973
21560179 0.175549131600412
21580722 0.175704603327737
21547827 0.175914473475471
21527284 0.175990250222438
21580722 0.176310503606581
21603472 0.176357657217468
21560179 0.176469483131205
21580722 0.17647719191991
21603472 0.176594473872877
21580722 0.176624811476593
21570577 0.176897273070208
21603472 0.177191603530236
21527284 0.177475163128104
21580722 0.177854268541709
21603472 0.177903886707415
21527284 0.177942441935687
21580722 0.177987094830323
21527284 0.178035985459547
21570577 0.178418283224117
21580722 0.178473709394495
21527284 0.178609929429662
21603472 0.17879595594151
21560179 0.178924555523724
21547827 0.179001167371741
21547827 0.179020191490513
21560179 0.17917009015596
21570577 0.1793699871747
21603472 0.179542429236612
21570577 0.179620236494552
21603472 0.179715464542371
21547827 0.179740466219774
21580722 0.179815979439186
21603472 0.180016317519249
21560179 0.180302741251556
21570577 0.18041897192046
21603472 0.180489717377311
21547827 0.181064979929862
21580722 0.18166772630109
21603472 0.182047486793701
21527284 0.182202308556422
21570577 0.182472225149753
21547827 0.182588018688523
21580722 0.183039346460916
21527284 0.183432844533565
21527284 0.183462814075334
21570577 0.183582678764282
21560179 0.183864203058933
21560179 0.183866682744006
21603472 0.184046841734751
21570577 0.184131907746184
21560179 0.184216034214594
21580722 0.184459677324254
21527284 0.184468893335056
21570577 0.184485138851631
21547827 0.18460662626606
21527284 0.184655225624229
21570577 0.184658367766009
21580722 0.184680623246333
21560179 0.184797544371324
21603472 0.184964471151935
21560179 0.185072736556309
21547827 0.185080251769271
21603472 0.185105130280314
21580722 0.185344010582742
21547827 0.185623841418033
21580722 0.185704778544667
21547827 0.185753420382452
21547827 0.185870441622605
21580722 0.185874890091343
21560179 0.1858790405271
21570577 0.185929122647247
21527284 0.185973503306136
21560179 0.186022863997514
21570577 0.186098416120626
21560179 0.186212281717292
21580722 0.186233664409814
21603472 0.186437997047101
21527284 0.186511082889512
21603472 0.18670394666843
21570577 0.186785117133282
21580722 0.186800587129285
21580722 0.186869207297693
21547827 0.187123993610204
21603472 0.187165690429413
21527284 0.187167814996078
21560179 0.187231192538054
21570577 0.187252848236133
21547827 0.187468313893041
21527284 0.187835474023216
21527284 0.187899256652058
21570577 0.188073609051444
21560179 0.188113547113031
21560179 0.188119219125382
21603472 0.188218320768173
21560179 0.189063267334532
21560179 0.189153679570706
21547827 0.189325070266701
21547827 0.189408174987397
21527284 0.189458166354992
21580722 0.189528018401184
21603472 0.189550226960678
21603472 0.189649587319763
21560179 0.189830496277118
21527284 0.189990234788906
21603472 0.190034225736169
21603472 0.190080656503979
21580722 0.190130667355351
21560179 0.190202190321512
21580722 0.190363964888639
21560179 0.190374780099603
21560179 0.190381774944435
21570577 0.190407337282904
21580722 0.191100546498937
21527284 0.191137165196633
21570577 0.191144979577406
21560179 0.19117431589976
21570577 0.191474874473737
21580722 0.191662300341221
21527284 0.191900029643174
21547827 0.191920730537514
21580722 0.192175000399191
21570577 0.192434955425391
21570577 0.192488745020027
21527284 0.192687329194208
21580722 0.192920957539596
21547827 0.193036699870583
21603472 0.193081100931307
21547827 0.193500217175473
21603472 0.193841595684492
21547827 0.193912418837978
21560179 0.194020520122884
21580722 0.194163577931861
21560179 0.194259807630355
21603472 0.194317014377116
21603472 0.194454613977774
21547827 0.194624263856355
21560179 0.194627335763306
21603472 0.194944907305183
21560179 0.194979425246359
21547827 0.194990910328253
21527284 0.195008846515948
21527284 0.195153044065264
21580722 0.19527187952156
21570577 0.195432965747
21603472 0.195587372465151
21580722 0.195801796442373
21580722 0.195928438712335
21603472 0.19602515949506
21580722 0.196258679786354
21603472 0.196338429319024
21603472 0.196417549327582
21560179 0.196540965814012
21570577 0.196570067333253
21560179 0.196598684827572
21603472 0.196741853368219
21527284 0.196968428002079
21527284 0.197036761420924
21560179 0.197057802388666
21603472 0.197091509165228
21547827 0.197163918671012
21527284 0.197203911012147
21570577 0.19740780886506
21547827 0.197618227378592
21547827 0.197622423046063
21603472 0.197699291482056
21580722 0.197756759944289
21580722 0.197785254717695
21570577 0.198418321059645
21560179 0.198424882568664
21560179 0.198468279151551
21570577 0.198473682092164
21547827 0.198795597261054
21527284 0.19893882127336
21527284 0.199144827494513
21560179 0.19918968300059
21527284 0.199246793054634
21547827 0.199478327938651
21603472 0.199486326702216
21570577 0.199516063880223
21580722 0.199602074550228
21580722 0.199635306891333
21580722 0.19967963960646
21603472 0.199820111618973
21527284 0.199897307372592
21603472 0.200133188578095
21580722 0.200146306264665
21570577 0.200235976041798
21570577 0.200269986046543
21570577 0.200381283975478
21560179 0.20041205835411
21560179 0.2005408806812
21570577 0.200546383077117
21560179 0.200924342209955
21560179 0.200954062045786
21580722 0.201093501522667
21603472 0.201165277556578
21570577 0.2012775760649
21560179 0.201323530979775
21547827 0.201375490757387
21547827 0.201434970222225
21547827 0.201462128001004
21603472 0.201655239644771
21580722 0.2019223614108
21603472 0.201987604248389
21560179 0.202133230859973
21580722 0.202791938312696
21570577 0.202906120743317
21560179 0.203098640034693
21603472 0.203356602122461
21580722 0.203634272163499
21603472 0.203822987650543
21527284 0.203837093541039
21570577 0.203883427154134
21580722 0.203992078088993
21547827 0.204063457718903
21603472 0.204073096874721
21570577 0.204119812975398
21580722 0.204261530571302
21570577 0.204707628539756
21560179 0.204792358373978
21547827 0.204917229586683
21547827 0.205014081753981
21580722 0.205142061766991
21570577 0.205275305749373
21580722 0.205409272932613
21527284 0.205429411984518
21603472 0.205575813729427
21527284 0.205628527473957
21527284 0.205697785120506
21547827 0.205920292473775
21570577 0.206358577708344
21547827 0.206628826954761
21527284 0.207070179645759
21570577 0.207199092978607
21527284 0.207530086382591
21580722 0.20769075771495
21603472 0.207718837301982
21560179 0.207825597573505
21547827 0.207847448895987
21560179 0.207910961746318
21547827 0.207917831098203
21527284 0.207954811725121
21570577 0.208064538869048
21560179 0.208115727691405
21580722 0.208335477765447
21603472 0.208474855201308
21603472 0.208510260449163
21527284 0.208577638054378
21580722 0.208638501868536
21570577 0.208727134046721
21603472 0.208802470001634
21580722 0.208948019461
21547827 0.209076839938315
21603472 0.209129435838423
21580722 0.209259925222577
21560179 0.209297506445981
21527284 0.209626616113644
21570577 0.209694781132483
21580722 0.209805901438246
21547827 0.209855971356469
21580722 0.209896783399437
21527284 0.210029888153964
21560179 0.210319071248636
21560179 0.210338405573034
21560179 0.210517762948654
21560179 0.210620385227634
21547827 0.211126926878352
21547827 0.211226919551132
21603472 0.211329665898733
21547827 0.211473853248247
21527284 0.211480942959571
21570577 0.211500290171093
21527284 0.211550498665911
21580722 0.21173499642547
21547827 0.211755567939748
21527284 0.211758669930429
21527284 0.21189671533555
21603472 0.2119811358588
21547827 0.212124976184871
21603472 0.212512478266336
21560179 0.212634570819812
21560179 0.212683455019627
21570577 0.213068945780898
21580722 0.213072988577971
21570577 0.213100023330542
21547827 0.213480802389931
21527284 0.213624272375521
21547827 0.21374756095295
21527284 0.213919450487977
21603472 0.214249030529849
21570577 0.214308155629765
21570577 0.214806696751566
21603472 0.214833489351372
21527284 0.214920978901198
21580722 0.214932490268677
21547827 0.215242746134105
21560179 0.215349626884487
21580722 0.215357639140289
21570577 0.215432931161705
21547827 0.215446916791373
21570577 0.215692760639569
21547827 0.215804679879692
21560179 0.215834582046836
21527284 0.215974574677213
21560179 0.216116976396358
21580722 0.216272885466394
21547827 0.216906004319342
21570577 0.217487988159453
21570577 0.217532297791257
21560179 0.217725710251841
21527284 0.217790195198026
21527284 0.217955716433646
21580722 0.218259798688478
21580722 0.218383151507819
21580722 0.218421871776596
21570577 0.218432327255696
21527284 0.218665445232211
21580722 0.21866865654122
21527284 0.218671058005454
21570577 0.218734977038909
21547827 0.21875726555447
21603472 0.21883147999972
21527284 0.21914415986563
21527284 0.219222276744872
21580722 0.219260209973937
21603472 0.219766548892369
21560179 0.219794598206885
21560179 0.219819812865465
21560179 0.219870578518383
21603472 0.219901011393701
21547827 0.220018160613088
21603472 0.22023903601794
21547827 0.220509418725846
21570577 0.220779463390834
21570577 0.220877092973236
21547827 0.220995077518513
21570577 0.221166335018225
21570577 0.22140693650153
21547827 0.221623956271489
21570577 0.221636112586358
21560179 0.221765480849559
21547827 0.221922256151324
21547827 0.222005397531923
21570577 0.222152219185006
21547827 0.22220756470843
21527284 0.222514795409428
21570577 0.222570709187479
21570577 0.22276863258593
21527284 0.222811981897705
21527284 0.222931193315687
21570577 0.223536247402771
21527284 0.223601640924607
21570577 0.223834231660879
21603472 0.223908663410314
21603472 0.22391788977879
21527284 0.22406252627767
21547827 0.224231494818266
21580722 0.224258264368428
21570577 0.224583935903905
22042384 0.224632485328318
21527284 0.224646453492881
21547827 0.224974625449335
21570577 0.225172922761306
21560179 0.225205529494285
21547827 0.225278950715988
21547827 0.225468731546314
21570577 0.225829132839903
21527284 0.225829733173119
21527284 0.226086499729794
21570577 0.226245613003032
21547827 0.226304823412043
21527284 0.226389593712913
21527284 0.22661039129094
21527284 0.226659451150804
21570577 0.226749237811363
21560179 0.2268184288905
21580722 0.226864675318541
21603472 0.227008209149789
21527284 0.227074145838346
21547827 0.227254681716761
21547827 0.227264921401094
21527284 0.227265857207037
21603472 0.227408685419508
21527284 0.227436207874811
21527284 0.227472720689496
21570577 0.227587032000124
21603472 0.227659278738546
22019634 0.22769778825291
21570577 0.227724268160497
21570577 0.227806242576101
21527284 0.228011418076597
21547827 0.228092340890878
21527284 0.228093730290893
21527284 0.228320944686298
21570577 0.228368860366484
22042384 0.228416997675275
21547827 0.228539413363523
21570577 0.228623588924674
21560179 0.228881373290849
21999091 0.228923626845947
21547827 0.228998360400576
21527284 0.229002334620426
21570577 0.229630287236131
21603472 0.229677301902876
21570577 0.229700252508162
21603472 0.2297047804667
21547827 0.229761001222364
21527284 0.229811129707524
21570577 0.229862217739226
21547827 0.229954145800842
21580722 0.230035706716005
21547827 0.230056584400385
21527284 0.230108524612116
21547827 0.230137642171862
21570577 0.230140782343724
21547827 0.230367958654248
21560179 0.230518211025287
21547827 0.230543562438277
22019634 0.230626325523777
21527284 0.230658828909861
21560179 0.230796194349182
21527284 0.231197745688823
21570577 0.231320297151198
21570577 0.231470009720685
21570577 0.231582022691774
21570577 0.231627563452063
21580722 0.231722276572734
21999091 0.232323725983467
21580722 0.232572555340559
21570577 0.23259390265618
21560179 0.232714639791636
21547827 0.23329567945388
21547827 0.234116131100016
21547827 0.234408580675739
21527284 0.234691207302186
21570577 0.234726737836045
21603472 0.235028650491056
21560179 0.235086899454309
21527284 0.235169583826663
21570577 0.235674032691944
22042384 0.235822408645498
21570577 0.23585643895381
21547827 0.23595996845082
21527284 0.235980851104023
21580722 0.236065192523739
21527284 0.236361643462391
21560179 0.236391695879551
21547827 0.236393458411621
21527284 0.236431269968842
21547827 0.236504365718757
21547827 0.23665156215823
21570577 0.236857713060283
21580722 0.236922832139118
21580722 0.236947071908819
21527284 0.237027629013419
21547827 0.237100322591622
21570577 0.23711374684383
21547827 0.237265746472175
21547827 0.23765871247477
21527284 0.237797342738777
21570577 0.237856986070116
21603472 0.2380127747112
21560179 0.238049610164146
21999091 0.238053461169422
22042384 0.238221656013554
21580722 0.238402894183622
22019634 0.23846394994026
21527284 0.238838070677386
21527284 0.239062255289526
21547827 0.239076863045458
21547827 0.23945366849866
21527284 0.23985279193297
21527284 0.240120365208054
21547827 0.240377755202132
21547827 0.240657282864838
21570577 0.240803726793701
22019634 0.240969655935123
21527284 0.241176885798083
21527284 0.241251235902335
21570577 0.24145741194037
21527284 0.241793481892208
21570577 0.241892876788945
21570577 0.241917780562037
21570577 0.241941156272067
21527284 0.242053166066622
21547827 0.242849027754092
21570577 0.242915634157578
21570577 0.243167322351997
21547827 0.243529517987065
21570577 0.243755776799386
21527284 0.244212654528966
21547827 0.244543735111087
21547827 0.244662387403012
21547827 0.24504112315671
21580722 0.245188479430006
21527284 0.245591322296997
21527284 0.2456328142241
21547827 0.245678248565682
21560179 0.245890334005988
21527284 0.24602245255297
21999091 0.246062720066584
21547827 0.246379413421411
21603472 0.2464201843539
21547827 0.246426213078106
21527284 0.246430163791791
21527284 0.246495153577232
21547827 0.247359873889218
21547827 0.247405787779972
21570577 0.247675723348527
21547827 0.248043249394511
21603472 0.248150662615875
21570577 0.248308483892353
21527284 0.248494093650157
21570577 0.248898314086019
21570577 0.249824609504694
21527284 0.249870964241989
21570577 0.249896658578978
21547827 0.250140729977825
21570577 0.251115665161805
21570577 0.251399905346034
21527284 0.251954359918633
21603472 0.252101056553503
21570577 0.252950057786601
21570577 0.252997106732585
21570577 0.253187649956502
21580722 0.253364785318323
21603472 0.253591465906185
21570577 0.254088884497424
21560179 0.254289792149448
21570577 0.254409496766852
21547827 0.254418530692946
21570577 0.255164569319207
22019634 0.255270521133264
21547827 0.255318079465875
21527284 0.255378299027043
22042384 0.255465448343109
21547827 0.255685566783466
21570577 0.255907960052284
21527284 0.255932544275851
21570577 0.25594085421055
21547827 0.256109117545279
21527284 0.256191336040004
21527284 0.256294016349871
21527284 0.256589528839317
21570577 0.256599524521637
21527284 0.256748558075253
21547827 0.256976657499798
21547827 0.257012991382982
21527284 0.257133834586173
21527284 0.258267576040389
22042384 0.25831270203676
21570577 0.258430864277298
21603472 0.258833312029476
21547827 0.258932300623626
21570577 0.259184436222903
21580722 0.259350792911215
21547827 0.259357446738014
21560179 0.259429303559435
21547827 0.259442365424263
21527284 0.259930312909442
21547827 0.260050185838363
21547827 0.260109053890963
21603472 0.26027318082622
21547827 0.260430095088158
21560179 0.26052000479606
21527284 0.260805249298977
22009489 0.260867935632622
21603472 0.261043908466623
21580722 0.26111279026709
21527284 0.261221247189296
21527284 0.261228989450723
21570577 0.261370854656256
21527284 0.261375768945299
21999091 0.261556737080593
22019634 0.261600757565336
21580722 0.261688818307109
22042384 0.261812253963406
21560179 0.262088031839536
21560179 0.262333386816362
22009489 0.262569428017757
21570577 0.262610862723626
21547827 0.26277485640651
21999091 0.263307807710678
21527284 0.263337278782154
22019634 0.263467914438694
21580722 0.263469624197614
21527284 0.263762146421692
21603472 0.263766415698816
21570577 0.264330149504659
21547827 0.264766673343934
21547827 0.264816076102529
21999091 0.264851213478419
21999091 0.26487874629375
21570577 0.264891193746735
21966196 0.265041536229399
21570577 0.265052460244851
21527284 0.265736226123186
22042384 0.265811815634444
22019634 0.266041134291011
21560179 0.266616645400701
21580722 0.266758825676765
21547827 0.267242906112247
21570577 0.267286220780678
21527284 0.267344505766959
21986739 0.267849540418155
21570577 0.268068246127854
21547827 0.268210859474492
21527284 0.26853765700969
21560179 0.268695019391692
21580722 0.268740036473589
21570577 0.26953169855582
22042384 0.270055561658157
21570577 0.270062754456103
21547827 0.27033981662399
21527284 0.270631737192607
21547827 0.2710318449204
21547827 0.271045554267794
21570577 0.27163815058748
21999091 0.271755620118095
21999091 0.272519181781802
21527284 0.272552218189858
21527284 0.272564978954465
21527284 0.272655853227921
21527284 0.272684191672535
22019634 0.27353191937831
22042384 0.273787368926763
22042384 0.273820063345294
22019634 0.273927459397258
21986739 0.273955890854079
21547827 0.273967824584399
21547827 0.273980263042874
22019634 0.274524321975648
21547827 0.274624184473342
21547827 0.274925248287938
21966196 0.275061500757181
22042384 0.275244881493075
21570577 0.275560369209466
21999091 0.276385235247743
21527284 0.276511885023351
21527284 0.276707570212838
22019634 0.276967550528553
21999091 0.27717963697942
22042384 0.277848999425363
21547827 0.278042331040963
21999091 0.278100378548197
21527284 0.27866701282249
21570577 0.278684644858717
22019634 0.279014076064787
22019634 0.280268742108288
22042384 0.280269038832062
21547827 0.280428642579867
21570577 0.280630087500229
21547827 0.280722371073696
22042384 0.280853703636797
21966196 0.280915153968699
21547827 0.28133281038357
22042384 0.281495100485262
21547827 0.281660164217131
21570577 0.281667324085934
21527284 0.281824327864203
22009489 0.28207658109944
21527284 0.282354892721013
21527284 0.282408196516882
21986739 0.282789705892704
22042384 0.283084845114989
22019634 0.283459343895013
22042384 0.284071475964823
22042384 0.28417830214769
21999091 0.284604342664928
22042384 0.284626777045089
22009489 0.284816199277022
22042384 0.286377097332903
22009489 0.286716580502619
22019634 0.286763587307135
21966196 0.286865697209829
22042384 0.286999479872057
21986739 0.287259767103125
22042384 0.287689509588244
21999091 0.287737474573568
22019634 0.288218563668057
21986739 0.288361107463814
21999091 0.28844760346978
21999091 0.288977999979953
22019634 0.289089903882031
22019634 0.289335019042599
22042384 0.29006000816326
22009489 0.290463614416265
21999091 0.290544196311421
22042384 0.290728985141082
21999091 0.290822352942795
22042384 0.291079861755205
22019634 0.29115205630058
22042384 0.291227885398064
21966196 0.291526199122922
22009489 0.291697417644726
22042384 0.291896128113345
21603472 0.291943130069103
22019634 0.292393494241676
21999091 0.292400673826871
22019634 0.292490480043376
21966196 0.29273710765683
21999091 0.292998682237568
21570577 0.29299901849333
21999091 0.29327590175771
21999091 0.293639480837323
22019634 0.293841309888153
22019634 0.294003436420877
21570577 0.294031681526287
21999091 0.294037222864024
22019634 0.294042481892963
22042384 0.294092854177161
21986739 0.294144456605562
22042384 0.294202959605415
22019634 0.294559540549888
21999091 0.294745180694125
21527284 0.294779254743368
21580722 0.294896281725741
22042384 0.295124115460151
22019634 0.295152955658504
21547827 0.295653787303529
21999091 0.295726328590774
22042384 0.296111548457866
22019634 0.296383411338307
21999091 0.296546851608128
21999091 0.296554083784566
21999091 0.296584978750291
22042384 0.296747091943394
22019634 0.296755768726775
22019634 0.297293185316558
21570577 0.297634010788023
21560179 0.297871304100864
21547827 0.297889748910609
21999091 0.29846255607112
21999091 0.298772415883496
21999091 0.299035138969771
22019634 0.299134003398882
22019634 0.299183645463869
22009489 0.299435413557275
21999091 0.29955809997874
21527284 0.299981730438274
22042384 0.301257399539918
22019634 0.30131840013904
22042384 0.301572987246962
22042384 0.301665574580233
21999091 0.301725132875466
22019634 0.301767650872543
21570577 0.302002665005247
22042384 0.302246657684961
22042384 0.302502405747939
22009489 0.302507449978932
22009489 0.303153067298328
22042384 0.303181359005292
22019634 0.303340192804733
21966196 0.303682872356883
22009489 0.303690193183835
22042384 0.30380220293128
21966196 0.304236584271925
21999091 0.30427552246927
22042384 0.30438383039677
22042384 0.30448341541248
22042384 0.3045933360009
21986739 0.304639130739353
21986739 0.304755034775426
22009489 0.304804116604213
21986739 0.304854568293006
21966196 0.305056143280095
21966196 0.305175313087084
21999091 0.305278443892078
22009489 0.305369352394298
21999091 0.305522421086741
22042384 0.305645394667665
21527284 0.305787333945726
21986739 0.30584186632066
22042384 0.305845496295015
21547827 0.306056652166782
22019634 0.306085104408829
22019634 0.306114026031377
21999091 0.306240728888507
22042384 0.306320807406914
22042384 0.306516447692686
22019634 0.30667217278933
22009489 0.306865611075818
22009489 0.306992104165099
21999091 0.306996279164553
21999091 0.307307534428923
22019634 0.307361950764676
22019634 0.307716588900041
21986739 0.307801366074278
21966196 0.307928786525241
21999091 0.308076510257588
22042384 0.308241103613445
22009489 0.308260400817698
22009489 0.308426090474116
21547827 0.308752590985903
21966196 0.308779839625176
22042384 0.308957616634697
21527284 0.3093492671154
22019634 0.309461051003057
22009489 0.309786162111042
21986739 0.310235826409526
21999091 0.310430833392693
21999091 0.310431120179136
22042384 0.310488649342635
21999091 0.310494850913804
22042384 0.31066324831415
22042384 0.31069825420838
22019634 0.310747455646085
22009489 0.310882221742214
21966196 0.310969493763586
22042384 0.311029758759522
22009489 0.311091386803557
22042384 0.311245075519926
22042384 0.311436190968572
22042384 0.311516221069041
21999091 0.311692650584452
22019634 0.311940649952918
22009489 0.312024189136623
22009489 0.312082452235538
21966196 0.312172052704526
22019634 0.312341350350069
21966196 0.312398681328328
22019634 0.312550857000765
22042384 0.312590452973721
21966196 0.312668958282299
21999091 0.313215887236161
22042384 0.313287060978385
21966196 0.313310278617314
21986739 0.313359530767443
22019634 0.313427108469149
21986739 0.313469337519985
21986739 0.313553549093511
21999091 0.313573067896951
21986739 0.313712671689021
22042384 0.313734175179866
21999091 0.313745260493929
22019634 0.313825567553277
21986739 0.313964205478473
21986739 0.313964293634703
22019634 0.313975148742351
22042384 0.314023475125442
22042384 0.314067502728727
22042384 0.314246568009752
21966196 0.314324791126743
22019634 0.314353475355966
21999091 0.31444723503668
22019634 0.314484384275445
22009489 0.314524368274508
21999091 0.314556168875889
21999091 0.314718380166452
22042384 0.314806010381482
21966196 0.314817508556768
22042384 0.314821669473068
21999091 0.315039882717065
22009489 0.315049937221941
22019634 0.315098479133863
21999091 0.315169667056301
21999091 0.315170312000531
22019634 0.315194771319958
21999091 0.315295389900523
21999091 0.315461606153984
22019634 0.3156932895125
22042384 0.315755264033319
22042384 0.316068262105551
21986739 0.31608170126753
21986739 0.3162612350809
21986739 0.316307700270427
21966196 0.316398400516294
22009489 0.316426146284793
22009489 0.316522226939159
21986739 0.316570187052939
22019634 0.316582156715919
22019634 0.316745851073008
21966196 0.316902404817076
21966196 0.316917570553612
22042384 0.317277167926691
21999091 0.317298659275866
22009489 0.31748598507477
22019634 0.317612198160436
21999091 0.3176692279197
21999091 0.317864016306023
22019634 0.3181106576252
22042384 0.318111165799016
22019634 0.318148547267545
22019634 0.318521176844637
22042384 0.318575834378978
22019634 0.318783782210641
21999091 0.318847610587233
21999091 0.318927373256436
22019634 0.318973560192094
22042384 0.319107979911338
22019634 0.319118004566625
21999091 0.319359302955595
21999091 0.319480129409528
22042384 0.31975525677806
21999091 0.319818529134224
21966196 0.320105692687974
21999091 0.320112608657845
21986739 0.32020638999764
22042384 0.320402404386583
21966196 0.32042144820967
21966196 0.320432290955015
22009489 0.320466938545774
21986739 0.320626713700097
21986739 0.320635513728888
21999091 0.320752926336095
22009489 0.32087954847281
21966196 0.321030749247815
22009489 0.321032137740028
21999091 0.321485701024102
21986739 0.321506216458261
22042384 0.321577395346214
21966196 0.321720528644425
22019634 0.321824912497524
21986739 0.32186789792459
22019634 0.32197036955174
21999091 0.322125307298801
22019634 0.322195665136829
21999091 0.322412277252105
22042384 0.322427866650047
22019634 0.32249895987956
22009489 0.322516407572282
21966196 0.322660019518944
22009489 0.322852450772116
22009489 0.323206363041337
22019634 0.323235870293077
21986739 0.323299606692417
22019634 0.323319979353301
22019634 0.323371232740898
22009489 0.323504538665228
22042384 0.323580600558965
21966196 0.323721265654286
22019634 0.323751749570644
21986739 0.323922771782615
21966196 0.324012399187224
21999091 0.324272511371665
22019634 0.324432309223814
22009489 0.324440413059685
21986739 0.324496831582035
21999091 0.324498166226858
22042384 0.324502673298937
22019634 0.324715398123276
21986739 0.324771667347312
21986739 0.324802677880292
22042384 0.324853098337301
22019634 0.325042995064711
21966196 0.325069158472371
21999091 0.325152430035006
22009489 0.325310000675935
21966196 0.325340206597119
22042384 0.325384752740356
22009489 0.325391731183658
21986739 0.32548837857335
21999091 0.325492947422203
21966196 0.325553959980305
21966196 0.325807235081438
22042384 0.325826835890445
22019634 0.325831218318179
22042384 0.326245682430363
21966196 0.326317386727762
22019634 0.326386606625195
21999091 0.3265834045098
21986739 0.326646069372164
21999091 0.32681312949664
21986739 0.326969132363009
22042384 0.326984503931412
21966196 0.32699171667077
22042384 0.327061002691647
22019634 0.327095910573343
22009489 0.327127759721613
21999091 0.327225417909267
22019634 0.327298832817657
21986739 0.327308100693346
22009489 0.327362625341459
21986739 0.327383764414619
22019634 0.327610789679379
21999091 0.32761139293338
22042384 0.327637518107251
21966196 0.327758442260588
21999091 0.32778611343752
22009489 0.327910925999546
21999091 0.328063817077043
21966196 0.328142676835725
21986739 0.328265988183643
21986739 0.328322544521031
21986739 0.328421397571378
21999091 0.328426285314535
22042384 0.328457279000061
22019634 0.328657408358711
22019634 0.328676910011175
21986739 0.328841461493436
22042384 0.328876149119208
21966196 0.328906784688383
22009489 0.328986942927799
22019634 0.329057328236523
22042384 0.329258882776113
22042384 0.329373436516371
21999091 0.32950404465969
22009489 0.329581840291367
22019634 0.329789462814667
22009489 0.329837714101717
21999091 0.329916850846642
22009489 0.32999106392634
22042384 0.330003092988492
22042384 0.330022974517628
22019634 0.33004750970651
21999091 0.33009079969849
22019634 0.330115814933943
22042384 0.330208961852114
22019634 0.33022780929145
21999091 0.330232636797605
22019634 0.330415779519337
22042384 0.33042330467668
22042384 0.330500580149497
21999091 0.330531187720363
22009489 0.330550306047942
22009489 0.330720765857056
21966196 0.330773844452365
21986739 0.330782096474812
21999091 0.330785667805346
22042384 0.330844969581149
21986739 0.330891931839941
21999091 0.330972550357754
21966196 0.331001776197106
22009489 0.331042429302069
21999091 0.331068851602863
22019634 0.331090681311885
21986739 0.331114997709266
21966196 0.331150371762321
22019634 0.33115218896547
21966196 0.33122084857272
22009489 0.331294952611951
22042384 0.331340119183435
22042384 0.331409380771849
22019634 0.331558674030494
21986739 0.331619476714191
21986739 0.331699140096605
22009489 0.331735560613889
21966196 0.331811523378034
22042384 0.331883852399797
21966196 0.331909474967632
21966196 0.331921284850143
22019634 0.331938988127802
21999091 0.331983413849842
21966196 0.332108955870247
22042384 0.332110838289864
22009489 0.332192553674116
21999091 0.332325601795573
21986739 0.332420653437594
22042384 0.332597185407848
21986739 0.332689770782344
21986739 0.332771456563916
22009489 0.332916110318932
22009489 0.332976268147699
21966196 0.333171856699742
22009489 0.333276751527818
22019634 0.333570496939367
21999091 0.333668239560052
22019634 0.333694560167256
22019634 0.333698075589952
21999091 0.3337713204514
22009489 0.333780636177243
22009489 0.333881260240324
22042384 0.333883422388374
21999091 0.333966307426505
21966196 0.334020732297488
22019634 0.334026543136495
22009489 0.334028973056616
21999091 0.334304037056591
22042384 0.334379187725917
22009489 0.334379517404572
21999091 0.334403727135062
21986739 0.334467874457107
22009489 0.334541428481158
22009489 0.334668323774722
21999091 0.334904746088366
21999091 0.334959321960081
21966196 0.334977517018185
22042384 0.335037669550841
22009489 0.335192147986953
21999091 0.335310020282081
22009489 0.335348558823811
21966196 0.335501583217013
22042384 0.335745583956204
22009489 0.335792902952975
21986739 0.335940240513704
22042384 0.335960816920144
22042384 0.336164187148267
22019634 0.336396626600752
21966196 0.336405739031495
21999091 0.336677529788783
22019634 0.336699714081218
21966196 0.337071087861555
21986739 0.337109101734616
22019634 0.337172424896691
22009489 0.337196398238218
22009489 0.337279207583266
22019634 0.337380041425874
21986739 0.337693053364434
22042384 0.337698330015757
22009489 0.337817918735072
22019634 0.337834382210306
21999091 0.338019408578935
22042384 0.338092152251259
21966196 0.338313087713032
21986739 0.338498430322579
21966196 0.338514753587046
22019634 0.338644524573431
22042384 0.338956883749259
21999091 0.339036308555585
21986739 0.339319957847349
21986739 0.33931998972889
21966196 0.339321419141043
21986739 0.339451734437361
21999091 0.339472323168371
21999091 0.339507277821838
22019634 0.33951426725627
21999091 0.339802098209692
21986739 0.339879426076138
21966196 0.339893320350452
22019634 0.340173353067834
22042384 0.340226124469485
21966196 0.340227124475607
22019634 0.340317089284413
22042384 0.340412283013101
22009489 0.340532345409309
21999091 0.340576154388557
21986739 0.340576969485902
22009489 0.340583987568587
22042384 0.340759183694494
22009489 0.34087805773819
21999091 0.340888856386534
21966196 0.340976771792017
22009489 0.34104599827461
22009489 0.341073414581203
22009489 0.341259174732252
21986739 0.341325652204191
22019634 0.341335962152193
21986739 0.341385312176463
21986739 0.341397783984251
22019634 0.341462565723492
21999091 0.341511841336112
22009489 0.34168874895118
21966196 0.341745339766217
22009489 0.341773638466068
22009489 0.341783457516584
21966196 0.341784640635213
22009489 0.341823686362618
21966196 0.341829676636128
22009489 0.34190526321198
22019634 0.341945291657646
22009489 0.341949816152917
21966196 0.342176949204975
21986739 0.342291385586086
21986739 0.342508694637894
21986739 0.342723666455889
22009489 0.342799072241724
21966196 0.342905793003963
21966196 0.342924125938096
21999091 0.342940701342541
21966196 0.343160924092804
22009489 0.34319102140196
21966196 0.343225958121049
22009489 0.343243123201096
22009489 0.343305212174893
22042384 0.34331135563077
22042384 0.343373845612051
21966196 0.343421296061219
22042384 0.343479974563559
21986739 0.343543293445603
21986739 0.343576911277193
22009489 0.343621583157783
22019634 0.343954518458831
21966196 0.344060333438078
22009489 0.344106713874792
21986739 0.344167319646449
21966196 0.34435205047104
21999091 0.344514517533265
21966196 0.344555923261368
21986739 0.344636928075439
21966196 0.34465917363473
22009489 0.3446835113418
21986739 0.344772720368819
21966196 0.344799758348756
21986739 0.344828446904232
21999091 0.344997195296484
21966196 0.34499742434133
21999091 0.345038825748674
22019634 0.345054893486987
21986739 0.345058773260983
22042384 0.345071188110204
21986739 0.345150062710681
21986739 0.345184932503197
22042384 0.345195218406576
21966196 0.345295941085784
22009489 0.345323771891529
22009489 0.34533299077805
21986739 0.345370941601438
22009489 0.345386761857527
21986739 0.345401661117929
21986739 0.345409802078137
22009489 0.345436135478806
22009489 0.345439845511348
22042384 0.345443383249044
21999091 0.345493634228245
22019634 0.345559200438781
22042384 0.345617157391386
22019634 0.345692514418159
21966196 0.345860453217151
21986739 0.345962169291046
21986739 0.345980549874401
22009489 0.346003349556858
22019634 0.346030605564951
22019634 0.346080368566291
22042384 0.346153798400932
22009489 0.34631645262121
22042384 0.346364195047119
22042384 0.346403671700306
22042384 0.346407984512754
22019634 0.346408389400672
22009489 0.346416808200233
22042384 0.346419348277927
22009489 0.346440408189842
21986739 0.346467823984184
21986739 0.346693887001352
21999091 0.346870803588681
21966196 0.346910845580571
22019634 0.346935919933296
21966196 0.347184878739623
22009489 0.347294244376579
21986739 0.347323123986779
21966196 0.347400752429068
21986739 0.347503490074893
21986739 0.347535010854766
21999091 0.347627060637421
21966196 0.347632158083593
21999091 0.347702500231694
21966196 0.347815413236493
22009489 0.347834853199879
21966196 0.347894201609822
21986739 0.347898320512832
21966196 0.348007528325409
21999091 0.348063551436045
22009489 0.348072490408924
21966196 0.348097402936922
22009489 0.348123135491911
21986739 0.348328038580735
21966196 0.348336556279437
21986739 0.348378858389901
22042384 0.34840118431783
22019634 0.348415789601152
22019634 0.348431862948335
21966196 0.348479683653465
22009489 0.34858591153154
21986739 0.348686818873085
21999091 0.348723273525869
21999091 0.348753513992329
22019634 0.348782704181258
21966196 0.348932316627839
21986739 0.348963425441413
21966196 0.349027596632589
21966196 0.34941908501324
21966196 0.349491618195283
21966196 0.349562388268536
21966196 0.349604931455802
21966196 0.349742134674082
21986739 0.34980061680271
22009489 0.349867088232597
21966196 0.349986951407823
21986739 0.350021612541564
22042384 0.350201644477743
22009489 0.350255197807641
21966196 0.350334060312666
21986739 0.350356843125625
22019634 0.350395241870884
22009489 0.35044224010841
21986739 0.350466443571339
21999091 0.350575528389763
21966196 0.350629758296507
21986739 0.3507989105496
21986739 0.350923509459008
22009489 0.35119389977589
22009489 0.351251981572292
22019634 0.351378481498418
22042384 0.351836277283924
21966196 0.352012021081586
22009489 0.352203732193613
22019634 0.352334272584567
22009489 0.352470423751024
21986739 0.352504290422889
22009489 0.352677982978823
21986739 0.352703139654515
21966196 0.352715730157313
21966196 0.352979103776165
21999091 0.353632285870163
22009489 0.353676048757145
21986739 0.353694888571729
21999091 0.353819766225781
21986739 0.353823243765848
22009489 0.353946390714889
21986739 0.354157531565954
22019634 0.354656300916
21999091 0.354713240322566
22009489 0.354747350919261
22009489 0.354842469677448
22019634 0.354983245615976
21999091 0.355062765160661
22009489 0.355148344200167
21966196 0.355300784078162
21999091 0.355445932335319
21986739 0.355523967041157
22042384 0.35594289012067
21999091 0.356060404436584
21986739 0.356088807452725
22019634 0.35609094829786
22042384 0.356161113487426
21966196 0.356355763527764
22009489 0.356777779262245
22019634 0.356835715204759
21966196 0.357019468810017
22009489 0.357195404356823
21986739 0.357300299903387
22019634 0.357423191498242
21966196 0.357760290748273
22042384 0.357836480313554
21966196 0.357938850686425
21966196 0.35818943667456
22042384 0.358210370332141
22009489 0.358582486593096
22019634 0.359171788573206
22019634 0.359233766396019
21986739 0.359365126777224
21999091 0.359994096964522
22009489 0.360072421255493
22009489 0.360110674919598
21966196 0.360287084922881
22009489 0.360903243182549
21986739 0.360955016860298
22009489 0.360970067196355
22042384 0.361020124004406
22042384 0.361184108749581
22019634 0.361184836528685
21999091 0.361264437409346
21986739 0.361277920724976
21999091 0.361392129191603
21966196 0.361458673725974
21999091 0.361462739647298
22009489 0.361624126776607
21986739 0.361640212784792
21966196 0.361694371879921
21986739 0.361731660908073
22042384 0.361791553411271
22042384 0.361830289374164
21986739 0.361874636710528
21966196 0.361966408144929
22042384 0.361975021988165
22019634 0.36217544313134
21966196 0.362229944494511
21986739 0.362810414997002
21986739 0.363135720656784
21986739 0.363195170746385
21986739 0.363216621071473
22009489 0.363443943656646
22019634 0.363599568973945
22009489 0.363620204256629
21966196 0.363772624089408
22009489 0.363776823104106
21966196 0.363961813347364
22009489 0.364009437605218
21966196 0.364170826545023
22009489 0.364294001676231
21986739 0.364449545821023
21966196 0.364694874937739
21999091 0.364855918622926
22009489 0.364960491314317
21966196 0.36498389336665
22019634 0.365466538758647
21999091 0.365497803948612
21986739 0.365623891627182
21966196 0.365787007947948
22009489 0.365910996781646
21986739 0.366071714642851
22009489 0.366286716821973
21986739 0.366834176652245
21986739 0.367104389573036
21966196 0.367144461706942
22042384 0.367285877536359
22019634 0.367653639999532
21966196 0.367925703319175
21966196 0.367937409629726
21986739 0.367987745664832
22009489 0.368017827240884
21999091 0.368070720657301
21966196 0.368232320395615
21966196 0.368392904909217
22009489 0.368534745050968
22009489 0.369668908762989
21999091 0.369706421198181
21986739 0.369748733920868
21966196 0.369786778422808
21986739 0.370353040425832
22009489 0.370699315387628
22019634 0.370770546244246
21966196 0.370981950977421
22042384 0.371179886354724
21966196 0.371333663157711
21986739 0.371379078995086
22042384 0.371660642688865
21999091 0.371844922296697
21999091 0.37189545321296
21986739 0.371950920514914
22009489 0.372123647698726
22009489 0.372129113297673
22019634 0.372148070185027
21986739 0.37250213940246
21966196 0.372695925724318
21986739 0.372795903874949
22019634 0.372986200928057
22009489 0.373310650124765
22019634 0.373376065197353
21999091 0.373599774379087
21999091 0.373803196216298
21966196 0.373852524727886
21966196 0.373915734464711
21986739 0.374537460834347
21986739 0.374665613435256
22042384 0.374672905696875
21966196 0.37567166084925
22019634 0.375926989687582
21999091 0.376431401997741
21966196 0.37648478125672
21966196 0.37713618391757
21966196 0.377389995179052
22042384 0.377522573371984
22009489 0.37753326734894
21986739 0.377596341537471
22009489 0.377616980269754
21966196 0.378040907165205
22042384 0.378366523604008
21986739 0.378460001360606
21986739 0.378476922440624
21966196 0.378672710818834
21986739 0.378984244285834
21986739 0.379339738605792
22019634 0.379416505668366
22009489 0.379497885157499
22019634 0.379604944433545
21966196 0.379982275861527
22042384 0.380343010676318
21986739 0.380357820901225
22042384 0.380817617970926
21986739 0.38097459224499
22019634 0.381278787385664
21999091 0.381787561039119
21986739 0.382416280370205
22009489 0.382471355912305
21986739 0.382500833118312
22009489 0.382581239642418
22009489 0.382734399154116
22019634 0.382913710090633
22019634 0.383001227864281
21999091 0.383213205020502
22019634 0.38359046939102
21999091 0.383955273394164
21999091 0.384124353394669
21966196 0.384529170235531
22042384 0.384682774808224
22009489 0.38495913820971
21966196 0.385142691507059
22009489 0.385188197016335
22019634 0.38531292778092
21999091 0.385617909350851
21986739 0.385870311292957
22042384 0.386169926514909
21986739 0.386573119521411
21999091 0.386998967728573
22042384 0.387564121235104
21966196 0.387692936733866
21986739 0.38778852391083
22009489 0.38863018722604
21966196 0.389486357793574
22009489 0.389496815877021
22009489 0.389788784679488
21966196 0.390502167520363
21966196 0.391812146589638
21986739 0.392563126560167
21966196 0.392737727718023
21986739 0.392843283156454
21966196 0.394198198297722
21966196 0.394264574649624
21966196 0.394857922808671
21986739 0.39509210644426
22042384 0.396912013860253
21986739 0.397340190142891
21966196 0.397496376344535
21986739 0.397732026488432
21966196 0.397952135316724
22009489 0.3986867828163
21986739 0.398881901523658
21986739 0.399685686732449
21986739 0.39969603061237
22009489 0.401227174990303
22009489 0.401966722349268
21966196 0.402427280495384
21966196 0.403023131815238
21999091 0.403838018106119
22009489 0.403994207059387
22019634 0.404206930838619
21986739 0.404832155070221
22042384 0.408182511686021
21999091 0.408897169675334
21999091 0.409604298760718
22042384 0.409780930515727
21999091 0.410042175414533
22009489 0.411860510401244
22019634 0.412247348305031
22019634 0.412383360088386
21986739 0.413595773540099
22019634 0.414491631790203
21966196 0.416129556304783
22042384 0.418184970521739
21986739 0.422812468376465
21986739 0.423408321753427
22009489 0.424157527907031
21999091 0.424215173509034
21966196 0.424215989244162
22019634 0.424844841950536
21966196 0.424852326671815
22019634 0.432138242458183
22042384 0.432440826692529
21999091 0.436386572792676
