x  y
724.868835449219 0.745446777825093
824.677185058594 0.745446777825093
840.884033203125 0.745446777825093
856.928344726562 0.745446777825093
860.731140136719 0.745446777825093
863.492553710938 0.745446777825093
874.527770996094 0.745446777825093
879.643005371094 0.745446777825093
897.756103515625 0.745446777825093
907.012756347656 0.745446777825093
914.904296875 0.745446777825093
925.9873046875 0.745446777825093
927.561157226562 0.745446777825093
936.969360351562 0.745446777825093
937.979614257812 0.745446777825093
948.26123046875 0.745446777825093
951.827758789062 0.745446777825093
954.878479003906 0.745446777825093
958.660095214844 0.745446777825093
959.172302246094 0.745446777825093
960.716674804688 0.745446777825093
960.814697265625 0.745446777825093
971.158630371094 0.745446777825093
974.98486328125 0.745446777825093
977.9013671875 0.745446777825093
982.340698242188 0.745446777825093
987.968872070312 0.745446777825093
991.007080078125 0.745446777825093
1005.01672363281 0.745446777825093
1009.03009033203 0.745446777825093
1014.80249023438 0.745446777825093
1019.64569091797 0.745446777825093
1024.94079589844 0.745446777825093
1037.58728027344 0.745446777825093
1037.72509765625 0.745446777825093
1051.14794921875 0.745446777825093
1055.10949707031 0.745446777825093
1055.88586425781 0.745446777825093
1060.37719726562 0.745446777825093
1073.33923339844 0.745446777825093
1073.96252441406 0.745446777825093
1074.041015625 0.745446777825093
1077.42211914062 0.745446777825093
1079.3916015625 0.745446777825093
1081.72863769531 0.745446777825093
1087.31115722656 0.745446777825093
1095.6083984375 0.745446777825093
1102.89831542969 0.745446777825093
1103.17700195312 0.745446777825093
1106.66027832031 0.745446777825093
1116.14514160156 0.745446777825093
1123.93896484375 0.745446777825093
1124.27209472656 0.745446777825093
1137.11364746094 0.745446777825093
1139.74609375 0.745446777825093
1139.78039550781 0.745446777825093
1139.93237304688 0.745446777825093
1143.6357421875 0.745446777825093
1150.33703613281 0.745446777825093
1160.30432128906 0.745446777825093
1164.50170898438 0.745446777825093
1171.67199707031 0.745446777825093
1171.88513183594 0.745446777825093
1172.90307617188 0.745446777825093
1179.59375 0.745446777825093
1188.11450195312 0.745446777825093
1192.88000488281 0.745446777825093
1194.41052246094 0.745446777825093
1195.01159667969 0.745446777825093
1199.99377441406 0.745446777825093
1202.91455078125 0.745446777825093
1203.5986328125 0.745446777825093
1203.6357421875 0.745446777825093
1205.9169921875 0.745446777825093
1220.88098144531 0.745446777825093
1223.88647460938 0.745446777825093
1229.27136230469 0.745446777825093
1235.333984375 0.745446777825093
1236.1552734375 0.745446777825093
1237.61511230469 0.745446777825093
1237.63049316406 0.745446777825093
1242.99682617188 0.745446777825093
1249.40295410156 0.745446777825093
1252.416015625 0.745446777825093
1261.88110351562 0.745446777825093
1262.39318847656 0.745446777825093
1264.23107910156 0.745446777825093
1271.60766601562 0.745446777825093
1272.30981445312 0.745446777825093
1274.82934570312 0.745446777825093
1279.37048339844 0.745446777825093
1281.93176269531 0.745446777825093
1288.275390625 0.745446777825093
1297.31079101562 0.745446777825093
1298.23657226562 0.745446777825093
1304.92016601562 0.745446777825093
1306.25305175781 0.745446777825093
1306.40417480469 0.745446777825093
1315.61157226562 0.745446777825093
1324.36315917969 0.745446777825093
1324.86669921875 0.745446777825093
1335.21899414062 0.745446777825093
1337.734375 0.745446777825093
1339.77136230469 0.745446777825093
1344.30578613281 0.745446777825093
1353.44104003906 0.745446777825093
1356.05407714844 0.745446777825093
1371.1064453125 0.745446777825093
1375.56567382812 0.745446777825093
1376.63940429688 0.745446777825093
1377.52453613281 0.745446777825093
1390.51806640625 0.745446777825093
1391.42321777344 0.745446777825093
1399.8212890625 0.745446777825093
1407.86315917969 0.745446777825093
1409.63525390625 0.745446777825093
1415.45727539062 0.745446777825093
1416.05871582031 0.745446777825093
1440.50024414062 0.745446777825093
1441.74279785156 0.745446777825093
1441.90515136719 0.745446777825093
1447.17919921875 0.745446777825093
1454.35900878906 0.745446777825093
1457.98596191406 0.745446777825093
1461.24499511719 0.745446777825093
1462.08044433594 0.745446777825093
1462.20861816406 0.745446777825093
1462.78564453125 0.745446777825093
1479.21179199219 0.745446777825093
1483.99816894531 0.745446777825093
1494.84582519531 0.745446777825093
1503.16101074219 0.745446777825093
1509.22473144531 0.745446777825093
1520.89575195312 0.745446777825093
1539.79296875 0.745446777825093
1540.87023925781 0.745446777825093
1549.33483886719 0.745446777825093
1556.41052246094 0.745446777825093
1576.50415039062 0.745446777825093
1581.83471679688 0.745446777825093
1591.23486328125 0.745446777825093
1599.64685058594 0.745446777825093
1622.81237792969 0.745446777825093
1626.20056152344 0.745446777825093
1664.8369140625 0.745446777825093
1666.52355957031 0.745446777825093
1705.5556640625 0.745446777825093
1731.68762207031 0.745446777825093
1755.76647949219 0.745446777825093
1812.53759765625 0.745446777825093
2072.48754882812 0.745446777825093
