0 0.26641321182251
1 0.259705096483231
2 0.244864761829376
3 0.220317095518112
4 0.21145661175251
5 0.190740674734116
6 0.176407739520073
7 0.166407838463783
8 0.164116650819778
9 0.157049655914307
10 0.149760365486145
11 0.136608779430389
12 0.134600177407265
13 0.129140600562096
14 0.116377726197243
15 0.110299557447433
16 0.0978414788842201
17 0.0877498909831047
18 0.0854010805487633
19 0.0794408693909645
20 0.0741971358656883
21 0.0663198456168175
22 0.059170838445425
23 0.0569782853126526
24 0.0469316467642784
25 0.0358896180987358
26 0.0308212470263243
27 0.0247320700436831
28 0.0199032556265593
29 0.0113933607935905
30 0.0034724751021713
31 3.14015153435321e-07
