0 0.657886743545532
1 0.574701189994812
2 0.513201117515564
3 0.490785926580429
4 0.392758250236511
5 0.349791586399078
6 0.320669114589691
7 0.290691256523132
8 0.263254255056381
9 0.254275232553482
10 0.242620497941971
11 0.22674597799778
12 0.218097642064095
13 0.201811268925667
14 0.198583796620369
15 0.18978288769722
16 0.182660192251205
17 0.179145842790604
18 0.165860131382942
19 0.155642300844193
20 0.151075795292854
21 0.144648313522339
22 0.133978441357613
23 0.12110460549593
24 0.119789406657219
25 0.110662832856178
26 0.108235388994217
27 0.0994173884391785
28 0.0885370895266533
29 0.0783132165670395
30 1.5685242260588e-07
31 1.00321813079063e-07
