0 9890.65625
1 10.4810256958008
2 4.20615482330322
3 3.4633424282074
4 3.00457358360291
5 2.29593658447266
6 1.85869657993317
7 1.68673717975616
8 1.39018762111664
9 1.32941889762878
10 1.08015465736389
11 0.927058279514313
12 0.855898141860962
13 0.654441654682159
14 0.526115953922272
15 0.494826555252075
16 0.435094177722931
17 0.39831155538559
18 0.333819508552551
19 0.321172297000885
20 0.215749889612198
21 0.174848616123199
22 0.16343829035759
23 0.134937733411789
24 0.110859200358391
25 0.0828273966908455
26 0.0644592866301537
27 0.0508270114660263
28 0.0395102649927139
29 0.0307550020515919
30 0.0019450553227216
31 0.000724821293260902
32 0.000582708220463246
33 0.000582708220463246
34 0.000582708220463246
35 0.000582708220463246
36 0.000582708220463246
37 0.000582708220463246
38 0.000582708220463246
39 0.000582708220463246
40 0.000582708220463246
41 0.000582708220463246
42 0.000582708220463246
43 0.000582708220463246
44 0.000582708220463246
45 0.000582708220463246
46 0.000582708220463246
47 0.000582708220463246
48 0.000582708220463246
49 0.000582708220463246
50 0.000582708220463246
51 0.000582708220463246
52 0.000582708220463246
53 0.000582708220463246
54 0.000582708220463246
55 0.000582708220463246
56 0.000582708220463246
57 0.000582708220463246
58 0.000582708220463246
59 0.000582708220463246
60 0.000582708220463246
61 0.000582708220463246
62 0.000582708220463246
63 0.000515134073793888
