0 1.53434634208679
1 1.38013911247253
2 1.27092242240906
3 1.22049164772034
4 1.16622078418732
5 1.06299531459808
6 1.05336272716522
7 0.992302894592285
8 0.93859851360321
9 0.914851367473602
10 0.891239881515503
11 0.854611754417419
12 0.773663103580475
13 0.734186291694641
14 0.67606645822525
15 0.624760866165161
16 0.59546309709549
17 0.553468823432922
18 0.523058414459229
19 0.48381507396698
20 0.424141138792038
21 0.370009809732437
22 0.365202516317368
23 0.31982958316803
24 0.271987497806549
25 0.222880184650421
26 0.197545364499092
27 0.154051542282104
28 0.108305394649506
29 0.0648752301931381
30 0.023303771391511
31 3.51902599504683e-07
