0 3.81215810775757
1 3.52818298339844
2 3.36490750312805
3 3.25267577171326
4 2.93155479431152
5 2.33427858352661
6 2.0723283290863
7 2.03064393997192
8 1.76374661922455
9 1.53310143947601
10 1.47639310359955
11 1.43337035179138
12 1.38526594638824
13 1.30057692527771
14 1.20699143409729
15 1.15630435943604
16 1.13652539253235
17 1.07064592838287
18 0.983634352684021
19 0.908345818519592
20 0.895964980125427
21 0.800712704658508
22 0.730997085571289
23 0.719116449356079
24 0.67097145318985
25 0.648853421211243
26 0.588127493858337
27 0.57628720998764
28 0.505385637283325
29 0.45922788977623
30 9.86100076261209e-07
31 8.12903579117119e-07
