0 0.258222043514252
1 0.249280527234077
2 0.242462769150734
3 0.227484837174416
4 0.214257448911667
5 0.199616625905037
6 0.194553896784782
7 0.178414702415466
8 0.164679110050201
9 0.154602840542793
10 0.151796236634254
11 0.145140886306763
12 0.135307788848877
13 0.127507522702217
14 0.114602670073509
15 0.10750649869442
16 0.101491846144199
17 0.0905555337667465
18 0.0854192823171616
19 0.0822409242391586
20 0.0759777650237083
21 0.0695555657148361
22 0.0574581474065781
23 0.0475054308772087
24 0.042522020637989
25 0.0278254691511393
26 0.0229538958519697
27 0.017531905323267
28 0.0162348933517933
29 0.00800859369337559
30 0.00480560818687081
31 6.19562214865255e-08
