0 0.256583839654922
1 0.243012145161629
2 0.228212967514992
3 0.220668196678162
4 0.213506564497948
5 0.203367680311203
6 0.198408558964729
7 0.186290100216866
8 0.176540732383728
9 0.16995033621788
10 0.158993259072304
11 0.149586021900177
12 0.138241499662399
13 0.130886510014534
14 0.130475342273712
15 0.121340095996857
16 0.10396333783865
17 0.0941481441259384
18 0.0886659920215607
19 0.0763966217637062
20 0.0738294497132301
21 0.0655546709895134
22 0.0604939423501492
23 0.0530319027602673
24 0.0497537516057491
25 0.0455875843763351
26 0.0282999407500029
27 0.024353289976716
28 0.0107097551226616
29 0.00506018614396453
30 0.0022522727958858
31 1.05251821480579e-07
