0 1.51303911209106
1 1.34626889228821
2 1.29038715362549
3 1.16645836830139
4 1.11883473396301
5 1.11735832691193
6 1.05082738399506
7 0.986687004566193
8 0.900986909866333
9 0.875385701656342
10 0.851710319519043
11 0.83106541633606
12 0.779207944869995
13 0.714032471179962
14 0.690585970878601
15 0.630504906177521
16 0.603857040405273
17 0.549627125263214
18 0.517035663127899
19 0.483628153800964
20 0.423237442970276
21 0.400223940610886
22 0.299119979143143
23 0.292125374078751
24 0.244744926691055
25 0.223442032933235
26 0.187074169516563
27 0.160071790218353
28 0.127329289913177
29 0.0487936586141586
30 0.0272264238446951
31 4.37133337527484e-07
