0 7757.21826171875
1 15.3463554382324
2 8.82754325866699
3 5.46200609207153
4 3.6209135055542
5 3.18657970428467
6 2.83526420593262
7 2.19881701469421
8 1.95582091808319
9 1.67581808567047
10 1.31371128559113
11 1.04756772518158
12 0.830545663833618
13 0.730555355548859
14 0.672316133975983
15 0.493411988019943
16 0.436621904373169
17 0.401005387306213
18 0.284276306629181
19 0.235347390174866
20 0.218915835022926
21 0.191336393356323
22 0.170443028211594
23 0.132237195968628
24 0.10595515370369
25 0.0877836421132088
26 0.0651654973626137
27 0.0438711196184158
28 0.0184581186622381
29 0.0133376820012927
30 0.000503592367749661
31 0.000451435334980488
32 0.000451435334980488
33 0.000451435334980488
34 0.000451435334980488
35 0.000451435334980488
36 0.000451435334980488
37 0.000451435334980488
38 0.000451435334980488
39 0.000451435334980488
40 0.000451435334980488
41 0.000451435334980488
42 0.000451435334980488
43 0.000451435334980488
44 0.000451435334980488
45 0.000451435334980488
46 0.000451435334980488
47 0.000451435334980488
48 0.000451435334980488
49 0.000451435334980488
50 0.000451435334980488
51 0.000451435334980488
52 0.000451435334980488
53 0.000451435334980488
54 0.000451435334980488
55 0.000451435334980488
56 0.000451435334980488
57 0.000451435334980488
58 0.000451435334980488
59 0.000451435334980488
60 0.000451435334980488
61 0.000451435334980488
62 0.000451435334980488
63 0.000304871005937457
