0 1.56363809108734
1 1.41332352161407
2 1.33536040782928
3 1.23870801925659
4 1.21454322338104
5 1.10130393505096
6 1.07580733299255
7 0.990748226642609
8 0.954667091369629
9 0.944899082183838
10 0.863513827323914
11 0.81316864490509
12 0.738287091255188
13 0.682423293590546
14 0.661289036273956
15 0.610172629356384
16 0.584166467189789
17 0.545851767063141
18 0.512974858283997
19 0.479822307825089
20 0.407499849796295
21 0.372365891933441
22 0.339851796627045
23 0.333404958248138
24 0.2918321788311
25 0.233694151043892
26 0.169582650065422
27 0.15119780600071
28 0.116572998464108
29 0.0603127740323544
30 0.0168285649269819
31 2.4282121557917e-07
