0 0.266911536455154
1 0.249276831746101
2 0.231894195079803
3 0.226009413599968
4 0.217670366168022
5 0.207079604268074
6 0.19348968565464
7 0.181739047169685
8 0.166986525058746
9 0.151025533676147
10 0.145713597536087
11 0.135691091418266
12 0.132633849978447
13 0.122438199818134
14 0.115901187062263
15 0.10897271335125
16 0.104646354913712
17 0.0863749608397484
18 0.0843108743429184
19 0.0797600671648979
20 0.0731186717748642
21 0.0662615373730659
22 0.0605085119605064
23 0.057624563574791
24 0.0518820472061634
25 0.036999449133873
26 0.0312793552875519
27 0.0224307086318731
28 0.0181098561733961
29 0.0132041703909636
30 0.000273221579845995
31 4.9621345254991e-08
