0 0.586551547050476
1 0.557354152202606
2 0.505224466323853
3 0.496620029211044
4 0.389907449483871
5 0.364161938428879
6 0.335678726434708
7 0.289275705814362
8 0.287051796913147
9 0.254790365695953
10 0.250066518783569
11 0.242160648107529
12 0.226885035634041
13 0.217308238148689
14 0.19879375398159
15 0.193270608782768
16 0.188412800431252
17 0.180902615189552
18 0.157505869865417
19 0.148956790566444
20 0.141252443194389
21 0.138391941785812
22 0.131307616829872
23 0.123482994735241
24 0.11490373313427
25 0.0957105457782745
26 0.094953827559948
27 0.0878237783908844
28 0.0709296390414238
29 0.0609022080898285
30 1.43482807857254e-07
31 7.1998918826921e-08
