0 8503.580078125
1 15.9175224304199
2 4.24021100997925
3 3.66503500938416
4 2.89721369743347
5 2.50367426872253
6 2.15232849121094
7 1.51804327964783
8 1.46814107894897
9 1.13205599784851
10 1.07511293888092
11 0.936372399330139
12 0.791687488555908
13 0.661645650863647
14 0.551107406616211
15 0.443863868713379
16 0.424505323171616
17 0.372761398553848
18 0.314238607883453
19 0.235689595341682
20 0.203986316919327
21 0.138322204351425
22 0.128395691514015
23 0.120912700891495
24 0.102906338870525
25 0.06229342892766
26 0.0571209825575352
27 0.0469867736101151
28 0.0355572737753391
29 0.0282718259841204
30 0.0114730093628168
31 0.00092073279665783
32 0.000669612025376409
33 0.000501946429722011
34 0.000501946429722011
35 0.000501946429722011
36 0.000501946429722011
37 0.000501946429722011
38 0.000501946429722011
39 0.000501946429722011
40 0.000501946429722011
41 0.000501946429722011
42 0.000501946429722011
43 0.000501946429722011
44 0.000501946429722011
45 0.000501946429722011
46 0.000501946429722011
47 0.000501946429722011
48 0.000501946429722011
49 0.000501946429722011
50 0.000501946429722011
51 0.000501946429722011
52 0.000501946429722011
53 0.000501946429722011
54 0.000501946429722011
55 0.000501946429722011
56 0.000501946429722011
57 0.000501946429722011
58 0.000501946429722011
59 0.000501946429722011
60 0.000501946429722011
61 0.000501946429722011
62 0.000477868161397055
63 0.00019144506950397
