0 6.47400665283203
1 4.29875230789185
2 3.69620609283447
3 2.72784447669983
4 2.1348180770874
5 1.71491706371307
6 1.35055780410767
7 1.27116990089417
8 0.970752596855164
9 0.886953890323639
10 0.702733397483826
11 0.659909963607788
12 0.543423414230347
13 0.448249995708466
14 0.386237174272537
15 0.333912402391434
16 0.32868105173111
17 0.259765714406967
18 0.232062175869942
19 0.176696807146072
20 0.161270812153816
21 0.150849610567093
22 0.125888556241989
23 0.0822349712252617
24 0.0528906956315041
25 0.0294765625149012
26 0.0206001605838537
27 0.017268905416131
28 0.00807174667716026
29 0.000842161069158465
30 6.2924289068178e-07
31 2.63056278981821e-07
32 2.63056278981821e-07
33 2.63056278981821e-07
34 2.63056278981821e-07
35 2.63056278981821e-07
36 2.63056278981821e-07
37 2.63056278981821e-07
38 2.63056278981821e-07
39 2.63056278981821e-07
40 2.63056278981821e-07
41 2.63056278981821e-07
42 2.63056278981821e-07
43 2.63056278981821e-07
44 2.63056278981821e-07
45 2.63056278981821e-07
46 2.63056278981821e-07
47 2.63056278981821e-07
48 2.63056278981821e-07
49 2.63056278981821e-07
50 2.63056278981821e-07
51 2.63056278981821e-07
52 2.63056278981821e-07
53 2.63056278981821e-07
54 2.63056278981821e-07
55 2.63056278981821e-07
56 2.63056278981821e-07
57 2.63056278981821e-07
58 2.63056278981821e-07
59 2.63056278981821e-07
60 2.63056278981821e-07
61 2.63056278981821e-07
62 2.63056278981821e-07
63 2.63056278981821e-07
