0 0.634306073188782
1 0.627529978752136
2 0.583810091018677
3 0.531535625457764
4 0.408955037593842
5 0.39616534113884
6 0.349403887987137
7 0.329082787036896
8 0.286296159029007
9 0.2817562520504
10 0.262886017560959
11 0.24906587600708
12 0.229540333151817
13 0.210780665278435
14 0.207443416118622
15 0.199188902974129
16 0.19183312356472
17 0.186319947242737
18 0.16288286447525
19 0.155216962099075
20 0.149851113557816
21 0.146584182977676
22 0.135259822010994
23 0.130954921245575
24 0.124947607517242
25 0.117492407560349
26 0.103448204696178
27 0.0947068855166435
28 0.0773747190833092
29 0.0684228166937828
30 4.08977797405896e-07
31 1.86608417607204e-07
