0 8458.876953125
1 7.35644292831421
2 5.93201589584351
3 4.37894010543823
4 3.42629146575928
5 2.41268539428711
6 2.05372405052185
7 1.52770137786865
8 1.4084187746048
9 1.23586761951447
10 0.934368789196014
11 0.852693021297455
12 0.749349355697632
13 0.591393709182739
14 0.526052713394165
15 0.458507359027863
16 0.34970235824585
17 0.300159811973572
18 0.260729163885117
19 0.225158512592316
20 0.186029314994812
21 0.161280184984207
22 0.127139136195183
23 0.0993428826332092
24 0.0767324417829514
25 0.0680916011333466
26 0.0636327415704727
27 0.0460976399481297
28 0.0239413399249315
29 0.0159331541508436
30 0.00492888502776623
31 0.000499234010931104
32 0.000499234010931104
33 0.000499234010931104
34 0.000499234010931104
35 0.000499234010931104
36 0.000499234010931104
37 0.000499234010931104
38 0.000499234010931104
39 0.000499234010931104
40 0.000499234010931104
41 0.000499234010931104
42 0.000499234010931104
43 0.000499234010931104
44 0.000499234010931104
45 0.000499234010931104
46 0.000499234010931104
47 0.000499234010931104
48 0.000499234010931104
49 0.000499234010931104
50 0.000499234010931104
51 0.000499234010931104
52 0.000499234010931104
53 0.000499234010931104
54 0.000499234010931104
55 0.000499234010931104
56 0.000499234010931104
57 0.000499234010931104
58 0.000499234010931104
59 0.000499234010931104
60 0.000499234010931104
61 0.000499234010931104
62 0.000487936951685697
63 0.000306297326460481
