0 0.24419678747654
1 0.238434702157974
2 0.219868361949921
3 0.208873823285103
4 0.202879458665848
5 0.194494694471359
6 0.186029300093651
7 0.184981137514114
8 0.179738238453865
9 0.165697544813156
10 0.156845927238464
11 0.137710675597191
12 0.13480369746685
13 0.125565558671951
14 0.117897398769855
15 0.114930354058743
16 0.104545541107655
17 0.0984398648142815
18 0.0963319838047028
19 0.0918267965316772
20 0.087245985865593
21 0.0673956051468849
22 0.0648664906620979
23 0.053836565464735
24 0.0467577837407589
25 0.0413550436496735
26 0.0333119109272957
27 0.0284176766872406
28 0.0252896118909121
29 0.0128215132281184
30 0.00522504514083266
31 8.4635892960705e-08
