0 8612.0576171875
1 11.098219871521
2 4.7551736831665
3 3.82828235626221
4 3.42649102210999
5 2.18770122528076
6 1.91657161712646
7 1.77521467208862
8 1.51772499084473
9 1.45568513870239
10 1.00659799575806
11 0.955129384994507
12 0.846052408218384
13 0.653770267963409
14 0.488871872425079
15 0.405176490545273
16 0.403170615434647
17 0.325521945953369
18 0.291974604129791
19 0.246933937072754
20 0.176130756735802
21 0.153199329972267
22 0.122660726308823
23 0.0865246802568436
24 0.0683151036500931
25 0.059423889964819
26 0.0435120165348053
27 0.0286301840096712
28 0.0208393912762403
29 0.0171236768364906
30 0.00137416704092175
31 0.000853108649607748
32 0.000507953227497637
33 0.000507953227497637
34 0.000507953227497637
35 0.000507953227497637
36 0.000507953227497637
37 0.000507953227497637
38 0.000507953227497637
39 0.000507953227497637
40 0.000507953227497637
41 0.000507953227497637
42 0.000507953227497637
43 0.000507953227497637
44 0.000507953227497637
45 0.000507953227497637
46 0.000507953227497637
47 0.000507953227497637
48 0.000507953227497637
49 0.000507953227497637
50 0.000507953227497637
51 0.000507953227497637
52 0.000507953227497637
53 0.000507953227497637
54 0.000507953227497637
55 0.000507953227497637
56 0.000507953227497637
57 0.000507953227497637
58 0.000507953227497637
59 0.000507953227497637
60 0.000507953227497637
61 0.000507953227497637
62 0.000507953227497637
63 0.000373634393326938
