0 3.62496209144592
1 3.12654900550842
2 2.91043305397034
3 2.76128721237183
4 2.55222368240356
5 1.98117184638977
6 1.8111400604248
7 1.54618668556213
8 1.52611362934113
9 1.45594787597656
10 1.42472958564758
11 1.2940057516098
12 1.25083756446838
13 1.17583429813385
14 1.12224531173706
15 1.10563695430756
16 1.04670989513397
17 0.994564712047577
18 0.943448185920715
19 0.868448257446289
20 0.811541318893433
21 0.78876531124115
22 0.74827116727829
23 0.729434013366699
24 0.666082978248596
25 0.615403413772583
26 0.569279611110687
27 0.552582502365112
28 0.488542050123215
29 0.426468908786774
30 1.41144619192346e-06
31 4.1920168314391e-07
