0 3.77634835243225
1 3.67170429229736
2 3.3983588218689
3 3.03150963783264
4 2.97734975814819
5 2.60958218574524
6 2.33975791931152
7 1.9817967414856
8 1.94257605075836
9 1.59759747982025
10 1.44225692749023
11 1.40934658050537
12 1.32602941989899
13 1.24741554260254
14 1.18468606472015
15 1.15863454341888
16 1.12176620960236
17 1.05939531326294
18 0.97392863035202
19 0.935839712619781
20 0.899814546108246
21 0.850456118583679
22 0.773431420326233
23 0.770578980445862
24 0.699018001556396
25 0.675814211368561
26 0.593577682971954
27 0.569051861763
28 0.49273094534874
29 0.401873350143433
30 2.23088613893196e-06
31 8.2977453530475e-07
