0 0.247368738055229
1 0.232840940356255
2 0.221109062433243
3 0.216288879513741
4 0.206117033958435
5 0.194098174571991
6 0.175511568784714
7 0.170681059360504
8 0.169553905725479
9 0.157265573740005
10 0.145702704787254
11 0.143122389912605
12 0.135480612516403
13 0.126501008868217
14 0.116526298224926
15 0.10230877250433
16 0.100143447518349
17 0.0968694910407066
18 0.0866675898432732
19 0.0764514580368996
20 0.0722167566418648
21 0.0646987631917
22 0.059887733310461
23 0.0549763813614845
24 0.0468516983091831
25 0.0427141189575195
26 0.0329117067158222
27 0.0323226265609264
28 0.0238114818930626
29 0.0119607886299491
30 0.00592698063701391
31 1.25382342730518e-07
