0 6.55085897445679
1 4.79663372039795
2 3.29062271118164
3 2.99511313438416
4 2.06303930282593
5 1.55921792984009
6 1.32573115825653
7 1.17293310165405
8 0.882113933563232
9 0.840816736221313
10 0.78140926361084
11 0.68247663974762
12 0.551682829856873
13 0.464253097772598
14 0.350113332271576
15 0.322919905185699
16 0.257255166769028
17 0.239428967237473
18 0.225243896245956
19 0.192973896861076
20 0.133950680494308
21 0.121733941137791
22 0.0854480341076851
23 0.0723307505249977
24 0.0464080162346363
25 0.0402665659785271
26 0.0138800889253616
27 0.0103681581094861
28 0.0055709183216095
29 0.00333067518658936
30 4.06896788263111e-07
31 3.3563102874723e-07
32 3.3563102874723e-07
33 3.3563102874723e-07
34 3.3563102874723e-07
35 3.3563102874723e-07
36 3.3563102874723e-07
37 3.3563102874723e-07
38 3.3563102874723e-07
39 3.3563102874723e-07
40 3.3563102874723e-07
41 3.3563102874723e-07
42 3.3563102874723e-07
43 3.3563102874723e-07
44 3.3563102874723e-07
45 3.3563102874723e-07
46 3.3563102874723e-07
47 3.3563102874723e-07
48 3.3563102874723e-07
49 3.3563102874723e-07
50 3.3563102874723e-07
51 3.3563102874723e-07
52 3.3563102874723e-07
53 3.3563102874723e-07
54 3.3563102874723e-07
55 3.3563102874723e-07
56 3.3563102874723e-07
57 3.3563102874723e-07
58 3.3563102874723e-07
59 3.3563102874723e-07
60 3.3563102874723e-07
61 3.3563102874723e-07
62 3.3563102874723e-07
63 3.3563102874723e-07
