0 1.55661201477051
1 0.810752749443054
2 0.701344907283783
3 0.569071650505066
4 0.417087137699127
5 0.347048401832581
6 0.328393638134003
7 0.256400436162949
8 0.196859955787659
9 0.15670770406723
10 0.131656661629677
11 0.116263680160046
12 0.112395443022251
13 0.107049316167831
14 0.0931359976530075
15 0.0663049221038818
16 0.0547470562160015
17 0.0530589893460274
18 0.044442430138588
19 0.0379740446805954
20 0.0330807752907276
21 0.0222969781607389
22 0.0199357066303492
23 0.0131528982892632
24 0.0104860300198197
25 0.00619964767247438
26 0.00425248267129064
27 0.00259610638022423
28 0.00139413948636502
29 0.00028440504684113
30 7.7531637998618e-08
31 7.7531637998618e-08
32 7.7531637998618e-08
33 7.7531637998618e-08
34 7.7531637998618e-08
35 7.7531637998618e-08
36 7.7531637998618e-08
37 7.7531637998618e-08
38 7.7531637998618e-08
39 7.7531637998618e-08
40 7.7531637998618e-08
41 7.7531637998618e-08
42 7.7531637998618e-08
43 7.7531637998618e-08
44 7.7531637998618e-08
45 7.7531637998618e-08
46 7.7531637998618e-08
47 7.7531637998618e-08
48 7.7531637998618e-08
49 7.7531637998618e-08
50 7.7531637998618e-08
51 7.7531637998618e-08
52 7.7531637998618e-08
53 7.7531637998618e-08
54 7.7531637998618e-08
55 7.7531637998618e-08
56 7.7531637998618e-08
57 7.7531637998618e-08
58 7.7531637998618e-08
59 7.7531637998618e-08
60 7.7531637998618e-08
61 7.7531637998618e-08
62 7.7531637998618e-08
63 6.40316244471251e-08
