0 1.12270224094391
1 0.8643958568573
2 0.619008660316467
3 0.538799524307251
4 0.482317090034485
5 0.312311977148056
6 0.301330178976059
7 0.259062141180038
8 0.220476001501083
9 0.204134598374367
10 0.16223406791687
11 0.13910137116909
12 0.115609034895897
13 0.0884297415614128
14 0.0678123533725739
15 0.062069695442915
16 0.0547502785921097
17 0.0473036170005798
18 0.0438716597855091
19 0.0259996075183153
20 0.0256630890071392
21 0.0235428493469954
22 0.0178543273359537
23 0.0134256426244974
24 0.0100078973919153
25 0.0047988030128181
26 0.00380817265249789
27 0.00267656520009041
28 0.00061294756596908
29 0.000176351953996345
30 9.97096236687867e-08
31 4.47546320003767e-08
32 4.47546320003767e-08
33 4.47546320003767e-08
34 4.47546320003767e-08
35 4.47546320003767e-08
36 4.47546320003767e-08
37 4.47546320003767e-08
38 4.47546320003767e-08
39 4.47546320003767e-08
40 4.47546320003767e-08
41 4.47546320003767e-08
42 4.47546320003767e-08
43 4.47546320003767e-08
44 4.47546320003767e-08
45 4.47546320003767e-08
46 4.47546320003767e-08
47 4.47546320003767e-08
48 4.47546320003767e-08
49 4.47546320003767e-08
50 4.47546320003767e-08
51 4.47546320003767e-08
52 4.47546320003767e-08
53 4.47546320003767e-08
54 4.47546320003767e-08
55 4.47546320003767e-08
56 4.47546320003767e-08
57 4.47546320003767e-08
58 4.47546320003767e-08
59 4.47546320003767e-08
60 4.47546320003767e-08
61 4.47546320003767e-08
62 4.47546320003767e-08
63 4.47546320003767e-08
