0 3.28481841087341
1 3.04198980331421
2 2.74182057380676
3 2.62089323997498
4 2.47807908058167
5 2.44119596481323
6 1.62305128574371
7 1.59295225143433
8 1.51223075389862
9 1.49104619026184
10 1.42064118385315
11 1.30155992507935
12 1.20678281784058
13 1.13017427921295
14 1.12132740020752
15 1.02588558197021
16 1.00128662586212
17 0.979254007339478
18 0.921184539794922
19 0.857399582862854
20 0.812498450279236
21 0.75746762752533
22 0.691591382026672
23 0.664296865463257
24 0.620200276374817
25 0.585223615169525
26 0.548889696598053
27 0.511311054229736
28 0.496520042419434
29 0.38886433839798
30 1.17442766622844e-06
31 4.87513261759887e-07
