0 0.266675919294357
1 0.231650546193123
2 0.216629177331924
3 0.208182498812675
4 0.20542211830616
5 0.192734181880951
6 0.187457799911499
7 0.183556720614433
8 0.170042216777802
9 0.16727876663208
10 0.158643737435341
11 0.154893130064011
12 0.147902816534042
13 0.131549865007401
14 0.111681804060936
15 0.103975676000118
16 0.0982309281826019
17 0.0879636034369469
18 0.0800638198852539
19 0.0727718770503998
20 0.0663577020168304
21 0.0649489015340805
22 0.0573091842234135
23 0.0461589135229588
24 0.0406768918037415
25 0.0363466925919056
26 0.0301860142499208
27 0.022070650011301
28 0.0194966327399015
29 0.0085796806961298
30 0.00260516721755266
31 5.64596405183693e-08
