0 3.27237367630005
1 3.09173560142517
2 3.01756715774536
3 2.66528606414795
4 2.28013706207275
5 1.9591246843338
6 1.66086792945862
7 1.56317806243896
8 1.49160015583038
9 1.42469477653503
10 1.31832420825958
11 1.28275001049042
12 1.26708388328552
13 1.17697441577911
14 1.11959064006805
15 1.03949594497681
16 1.02540099620819
17 0.995490610599518
18 0.934332251548767
19 0.914201498031616
20 0.832264125347137
21 0.76076203584671
22 0.734689593315125
23 0.701143145561218
24 0.665698170661926
25 0.622865736484528
26 0.532530605792999
27 0.479815632104874
28 0.433696717023849
29 0.327631741762161
30 7.80194682192814e-07
31 7.31109935259155e-07
