0 0.545814573764801
1 0.53064888715744
2 0.482173532247543
3 0.390560448169708
4 0.342271625995636
5 0.289040714502335
6 0.275085836648941
7 0.256982922554016
8 0.243243172764778
9 0.230917885899544
10 0.225399747490883
11 0.212351813912392
12 0.202891498804092
13 0.193270280957222
14 0.182459846138954
15 0.178546041250229
16 0.172351732850075
17 0.156115859746933
18 0.154268190264702
19 0.144920170307159
20 0.140438392758369
21 0.13580809533596
22 0.124651357531548
23 0.122407399117947
24 0.107961021363735
25 0.095097504556179
26 0.0919844210147858
27 0.0900648981332779
28 0.0680459067225456
29 0.0646138861775398
30 1.39680096822303e-07
31 8.02217883233425e-08
