0 0.249668255448341
1 0.23999211192131
2 0.238102003931999
3 0.218094423413277
4 0.213700592517853
5 0.200883731245995
6 0.189534664154053
7 0.177836000919342
8 0.170382082462311
9 0.149729460477829
10 0.144295766949654
11 0.141479521989822
12 0.124921955168247
13 0.119882926344872
14 0.114024341106415
15 0.111239291727543
16 0.102555714547634
17 0.0905209258198738
18 0.0846689343452454
19 0.0765650272369385
20 0.074288621544838
21 0.0651083663105965
22 0.0552668794989586
23 0.0530020296573639
24 0.0441121384501457
25 0.0371442697942257
26 0.0323770940303802
27 0.0259143132716417
28 0.0174707379192114
29 0.00523106707260013
30 0.00244169915094972
31 2.4911486207202e-08
