0 0.545500457286835
1 0.532206296920776
2 0.458320945501328
3 0.39717572927475
4 0.303636968135834
5 0.282907754182816
6 0.269661664962769
7 0.243864983320236
8 0.239446327090263
9 0.227569252252579
10 0.216236740350723
11 0.212517395615578
12 0.202104240655899
13 0.186806559562683
14 0.182036519050598
15 0.173179998993874
16 0.169085949659348
17 0.156274482607841
18 0.151243388652802
19 0.145843014121056
20 0.139002934098244
21 0.130654692649841
22 0.123393595218658
23 0.122297331690788
24 0.107598096132278
25 0.0931795611977577
26 0.0911883115768433
27 0.0757478028535843
28 0.072133831679821
29 0.064334973692894
30 1.44854141126416e-07
31 7.49511244180212e-08
