0 1.56571054458618
1 1.38078391551971
2 1.28316283226013
3 1.18094527721405
4 1.16850435733795
5 1.11305940151215
6 1.05795013904572
7 0.972285628318787
8 0.95099288225174
9 0.867884755134583
10 0.841021537780762
11 0.805277943611145
12 0.778451085090637
13 0.688614904880524
14 0.647961497306824
15 0.600023090839386
16 0.589154303073883
17 0.531731963157654
18 0.469509899616241
19 0.467842012643814
20 0.391974896192551
21 0.363807082176208
22 0.323945194482803
23 0.316376239061356
24 0.234511986374855
25 0.203869074583054
26 0.174422547221184
27 0.0938670709729195
28 0.0838855654001236
29 0.0382494553923607
30 0.0197037737816572
31 2.39925157075049e-07
