0 7579.6005859375
1 7.19354295730591
2 5.75134181976318
3 2.36894392967224
4 1.668217420578
5 1.5957316160202
6 1.48962569236755
7 1.30902087688446
8 1.20782792568207
9 0.983424186706543
10 0.809190392494202
11 0.735998332500458
12 0.634447395801544
13 0.59063982963562
14 0.53537917137146
15 0.497489422559738
16 0.418905943632126
17 0.308372497558594
18 0.279181957244873
19 0.226524412631989
20 0.169689759612083
21 0.161704987287521
22 0.118769131600857
23 0.101401522755623
24 0.0868238359689713
25 0.0534345060586929
26 0.041060745716095
27 0.0323412716388702
28 0.0295992642641068
29 0.0123186195269227
30 0.000554808473680168
31 0.000451376603450626
32 0.000451376603450626
33 0.000451376603450626
34 0.000451376603450626
35 0.000451376603450626
36 0.000451376603450626
37 0.000451376603450626
38 0.000451376603450626
39 0.000451376603450626
40 0.000451376603450626
41 0.000451376603450626
42 0.000451376603450626
43 0.000451376603450626
44 0.000451376603450626
45 0.000451376603450626
46 0.000451376603450626
47 0.000451376603450626
48 0.000451376603450626
49 0.000451376603450626
50 0.000451376603450626
51 0.000451376603450626
52 0.000451376603450626
53 0.000451376603450626
54 0.000451376603450626
55 0.000451376603450626
56 0.000451376603450626
57 0.000451376603450626
58 0.000451376603450626
59 0.000451376603450626
60 0.000451376603450626
61 0.000451376603450626
62 0.000451376603450626
63 0.000201024158741347
