0 6.73398113250732
1 5.7590503692627
2 5.15999603271484
3 3.96031379699707
4 2.55122447013855
5 2.22793459892273
6 1.68938565254211
7 1.58787131309509
8 1.32751524448395
9 1.25902426242828
10 1.12908267974854
11 0.927137017250061
12 0.828953683376312
13 0.57812762260437
14 0.455383658409119
15 0.43748465180397
16 0.370158612728119
17 0.317927986383438
18 0.276242643594742
19 0.190972700715065
20 0.142853587865829
21 0.107820950448513
22 0.0932577028870583
23 0.0764330476522446
24 0.0592712834477425
25 0.0441541224718094
26 0.0285910572856665
27 0.0185873433947563
28 0.0127952108159661
29 0.00227254000492394
30 4.85023406326945e-07
31 2.82807292251164e-07
32 2.82807292251164e-07
33 2.82807292251164e-07
34 2.82807292251164e-07
35 2.82807292251164e-07
36 2.82807292251164e-07
37 2.82807292251164e-07
38 2.82807292251164e-07
39 2.82807292251164e-07
40 2.82807292251164e-07
41 2.82807292251164e-07
42 2.82807292251164e-07
43 2.82807292251164e-07
44 2.82807292251164e-07
45 2.82807292251164e-07
46 2.82807292251164e-07
47 2.82807292251164e-07
48 2.82807292251164e-07
49 2.82807292251164e-07
50 2.82807292251164e-07
51 2.82807292251164e-07
52 2.82807292251164e-07
53 2.82807292251164e-07
54 2.82807292251164e-07
55 2.82807292251164e-07
56 2.82807292251164e-07
57 2.82807292251164e-07
58 2.82807292251164e-07
59 2.82807292251164e-07
60 2.82807292251164e-07
61 2.82807292251164e-07
62 2.82807292251164e-07
63 2.82807292251164e-07
