0 1.39402973651886
1 1.32534563541412
2 1.26833152770996
3 1.21655356884003
4 1.13648927211761
5 1.0796070098877
6 1.05618214607239
7 1.02214848995209
8 0.968120932579041
9 0.918865203857422
10 0.868230044841766
11 0.785479664802551
12 0.768084347248077
13 0.760201930999756
14 0.659429967403412
15 0.651011049747467
16 0.601587295532227
17 0.537384569644928
18 0.50812703371048
19 0.451570630073547
20 0.384881347417831
21 0.356179028749466
22 0.317768573760986
23 0.248412758111954
24 0.232656806707382
25 0.175552070140839
26 0.139998912811279
27 0.113207578659058
28 0.0820754021406174
29 0.0741699561476707
30 0.0321518033742905
31 1.09886173049745e-06
