0 0.680942177772522
1 0.640749216079712
2 0.598604619503021
3 0.543329179286957
4 0.519864499568939
5 0.491330862045288
6 0.413946181535721
7 0.381563305854797
8 0.315019011497498
9 0.288822561502457
10 0.283560395240784
11 0.250630050897598
12 0.230447381734848
13 0.212748944759369
14 0.209312245249748
15 0.206718310713768
16 0.199985474348068
17 0.194858446717262
18 0.180695831775665
19 0.160499900579453
20 0.154541149735451
21 0.149797603487968
22 0.140203222632408
23 0.134357050061226
24 0.125173643231392
25 0.119618788361549
26 0.105891764163971
27 0.0968054085969925
28 0.0878427028656006
29 0.0769018679857254
30 1.90582326808908e-07
31 6.85161438696014e-08
