0 0.237514734268188
1 0.224625796079636
2 0.213476330041885
3 0.199200451374054
4 0.197677120566368
5 0.187353387475014
6 0.179281815886497
7 0.175884068012238
8 0.157545834779739
9 0.15185435116291
10 0.149627760052681
11 0.136721551418304
12 0.132792994379997
13 0.124201290309429
14 0.109466709196568
15 0.106573961675167
16 0.0992249101400375
17 0.0930161401629448
18 0.0882154554128647
19 0.0861257165670395
20 0.0746660158038139
21 0.0633231848478317
22 0.0557376816868782
23 0.0538088008761406
24 0.0449184514582157
25 0.0396945290267467
26 0.0285805463790894
27 0.024754598736763
28 0.0160340592265129
29 0.010309730656445
30 0.000917201163247228
31 1.03472956425321e-07
