0 1.56413269042969
1 1.4111453294754
2 1.27854382991791
3 1.23970413208008
4 1.18219745159149
5 1.09161508083344
6 1.05118358135223
7 1.03213691711426
8 0.955097794532776
9 0.881068468093872
10 0.837399423122406
11 0.791562438011169
12 0.742110788822174
13 0.713113486766815
14 0.640860378742218
15 0.572950839996338
16 0.550867736339569
17 0.535530149936676
18 0.469917684793472
19 0.446238070726395
20 0.407003909349442
21 0.376128554344177
22 0.368060678243637
23 0.303461939096451
24 0.283416420221329
25 0.215835079550743
26 0.171871602535248
27 0.103962630033493
28 0.0756718292832375
29 0.0306439623236656
30 0.00828409101814032
31 1.20796983082982e-06
