0 0.621224522590637
1 0.592816710472107
2 0.521479368209839
3 0.422283858060837
4 0.374714076519012
5 0.334077179431915
6 0.321290910243988
7 0.294326692819595
8 0.278977274894714
9 0.253829628229141
10 0.241536766290665
11 0.216736197471619
12 0.213475421071053
13 0.206683114171028
14 0.193290963768959
15 0.186984524130821
16 0.174779176712036
17 0.170160382986069
18 0.158976703882217
19 0.15174263715744
20 0.146987065672874
21 0.141210988163948
22 0.126175940036774
23 0.12106928229332
24 0.119195438921452
25 0.110689625144005
26 0.0923667103052139
27 0.0870076045393944
28 0.0820463448762894
29 0.0679639354348183
30 1.48111467979106e-07
31 7.51622266648155e-08
