0 1.45823407173157
1 1.25794243812561
2 1.19070076942444
3 1.18168210983276
4 1.13463819026947
5 1.08295679092407
6 1.07607865333557
7 0.95983225107193
8 0.907478153705597
9 0.87702465057373
10 0.843930840492249
11 0.810659408569336
12 0.773023009300232
13 0.737405776977539
14 0.679766058921814
15 0.608075320720673
16 0.568070650100708
17 0.519535660743713
18 0.480800569057465
19 0.440451949834824
20 0.397195279598236
21 0.35918116569519
22 0.306081712245941
23 0.293985486030579
24 0.258462339639664
25 0.185898020863533
26 0.166082724928856
27 0.130588054656982
28 0.092188686132431
29 0.0410451516509056
30 0.0233144517987967
31 2.18327386392048e-07
