0 1.40145075321198
1 1.30485725402832
2 1.22016727924347
3 1.15967750549316
4 1.13229358196259
5 1.02757060527802
6 0.985965669155121
7 0.957097828388214
8 0.864109814167023
9 0.854131639003754
10 0.786633849143982
11 0.773856699466705
12 0.71339350938797
13 0.698411047458649
14 0.671770453453064
15 0.608298361301422
16 0.549563348293304
17 0.519380152225494
18 0.452944934368134
19 0.426450610160828
20 0.401469022035599
21 0.365229725837708
22 0.319557398557663
23 0.284466624259949
24 0.258238792419434
25 0.210844352841377
26 0.144055485725403
27 0.139444500207901
28 0.0652878358960152
29 0.0486263558268547
30 0.015029426664114
31 3.07396561538553e-07
