0 0.265037924051285
1 0.239711955189705
2 0.227335244417191
3 0.21936109662056
4 0.210195571184158
5 0.193576782941818
6 0.191989794373512
7 0.175777271389961
8 0.164156973361969
9 0.155384480953217
10 0.150002673268318
11 0.142607241868973
12 0.130100175738335
13 0.124204568564892
14 0.109741859138012
15 0.106031857430935
16 0.104930631816387
17 0.0950616672635078
18 0.088018998503685
19 0.0813857316970825
20 0.0761861875653267
21 0.0734440535306931
22 0.0643022507429123
23 0.057395052164793
24 0.051044438034296
25 0.0411783345043659
26 0.0281156580895185
27 0.022208459675312
28 0.0159824341535568
29 0.00754279131069779
30 0.000428453902713954
31 1.71694637174369e-07
