0 3.44040417671204
1 3.37837934494019
2 2.89173078536987
3 2.60177993774414
4 2.27857184410095
5 1.94891333580017
6 1.7357325553894
7 1.62097895145416
8 1.56035435199738
9 1.43936395645142
10 1.31481719017029
11 1.29424524307251
12 1.20786476135254
13 1.19231033325195
14 1.11122953891754
15 1.05245673656464
16 1.01340115070343
17 0.991454184055328
18 0.929196119308472
19 0.875167369842529
20 0.800557613372803
21 0.756778657436371
22 0.687161684036255
23 0.647705256938934
24 0.623711943626404
25 0.573728084564209
26 0.537758708000183
27 0.502883911132812
28 0.487044334411621
29 0.423332393169403
30 8.2732054806911e-07
31 5.42994939678465e-07
