0 3.46818208694458
1 3.37228393554688
2 2.89695644378662
3 2.61712789535522
4 2.40150666236877
5 1.9115948677063
6 1.79412734508514
7 1.64097559452057
8 1.56042313575745
9 1.49245131015778
10 1.35403120517731
11 1.27006232738495
12 1.2164454460144
13 1.16044819355011
14 1.11079108715057
15 1.06180489063263
16 1.01372134685516
17 0.984988331794739
18 0.971465229988098
19 0.866905748844147
20 0.796671569347382
21 0.756245732307434
22 0.695117592811584
23 0.650062501430511
24 0.619261741638184
25 0.56000143289566
26 0.536873698234558
27 0.505225241184235
28 0.483406484127045
29 0.423995196819305
30 3.78259164790506e-06
31 7.78290484504396e-07
