0 3.58959722518921
1 3.14453196525574
2 2.86068606376648
3 2.70537185668945
4 2.32638883590698
5 1.90670192241669
6 1.79927861690521
7 1.6610963344574
8 1.52245807647705
9 1.39148771762848
10 1.34566402435303
11 1.26190495491028
12 1.24884831905365
13 1.14154696464539
14 1.1053295135498
15 1.08230888843536
16 1.01254630088806
17 0.995924353599548
18 0.949979543685913
19 0.897854745388031
20 0.872798025608063
21 0.7934330701828
22 0.770656764507294
23 0.742254793643951
24 0.727390050888062
25 0.588448107242584
26 0.528494298458099
27 0.502272188663483
28 0.447262346744537
29 0.386197924613953
30 3.57590920430084e-06
31 8.40754466935323e-07
