0 0.257459342479706
1 0.23267550766468
2 0.218158677220345
3 0.208914175629616
4 0.199139386415482
5 0.182211190462112
6 0.173336058855057
7 0.171118080615997
8 0.155200883746147
9 0.149673461914062
10 0.146266430616379
11 0.133019924163818
12 0.119820356369019
13 0.11642199754715
14 0.109087891876698
15 0.100848704576492
16 0.0965956375002861
17 0.088541567325592
18 0.0815085545182228
19 0.070995032787323
20 0.0685297474265099
21 0.062441062182188
22 0.0524073280394077
23 0.0440741814672947
24 0.0379448980093002
25 0.0331327319145203
26 0.031877689063549
27 0.0210637077689171
28 0.01416708342731
29 0.00881320703774691
30 0.00409601349383593
31 9.44144886716458e-08
