0 0.556384742259979
1 0.533597469329834
2 0.486175209283829
3 0.4588782787323
4 0.373044461011887
5 0.303378611803055
6 0.275285989046097
7 0.268930613994598
8 0.26690611243248
9 0.246006354689598
10 0.229420319199562
11 0.212830170989037
12 0.207362085580826
13 0.194725319743156
14 0.185571491718292
15 0.181707620620728
16 0.175851419568062
17 0.173280417919159
18 0.166182994842529
19 0.14693908393383
20 0.142300933599472
21 0.133121997117996
22 0.127515643835068
23 0.119170293211937
24 0.113596610724926
25 0.109352968633175
26 0.104554317891598
27 0.097750224173069
28 0.0836356729269028
29 0.0632779225707054
30 2.71068216761705e-07
31 1.12632498883158e-07
