0 1.43479645252228
1 1.4055597782135
2 1.27195084095001
3 1.18750405311584
4 1.14395570755005
5 1.06520569324493
6 1.02114284038544
7 0.941148638725281
8 0.920337736606598
9 0.877593219280243
10 0.831938803195953
11 0.785190582275391
12 0.75884747505188
13 0.669520139694214
14 0.645116209983826
15 0.601221442222595
16 0.557368636131287
17 0.524524748325348
18 0.497803777456284
19 0.42055070400238
20 0.411636888980865
21 0.364348530769348
22 0.32547801733017
23 0.294033735990524
24 0.225358664989471
25 0.194498032331467
26 0.156653955578804
27 0.109203092753887
28 0.0807875618338585
29 0.0497629456222057
30 2.83979807136348e-05
31 3.41795725944394e-07
