0 1.51688778400421
1 1.47652876377106
2 1.32495701313019
3 1.28867769241333
4 1.16536259651184
5 1.09785139560699
6 1.07071733474731
7 0.991306245326996
8 0.987745940685272
9 0.910864412784576
10 0.863700151443481
11 0.793784320354462
12 0.731324970722198
13 0.714608728885651
14 0.698901653289795
15 0.667401134967804
16 0.585121929645538
17 0.552255928516388
18 0.513593733310699
19 0.469620048999786
20 0.446485042572021
21 0.411515563726425
22 0.373466074466705
23 0.288828253746033
24 0.260530859231949
25 0.194874703884125
26 0.163731098175049
27 0.130726754665375
28 0.0985683351755142
29 0.043999046087265
30 0.0180360767990351
31 6.19791478584375e-07
