0 5.85750722885132
1 3.92723393440247
2 2.96560645103455
3 2.18677473068237
4 2.03817844390869
5 1.54893910884857
6 1.24845325946808
7 1.21883797645569
8 1.060542345047
9 0.88569700717926
10 0.859383285045624
11 0.720808088779449
12 0.546804308891296
13 0.438011139631271
14 0.409942805767059
15 0.325697034597397
16 0.27944403886795
17 0.254388988018036
18 0.204433187842369
19 0.17797027528286
20 0.14466193318367
21 0.11263145506382
22 0.0905740037560463
23 0.0608380474150181
24 0.0497421212494373
25 0.0355074293911457
26 0.0291508976370096
27 0.0194893758744001
28 0.00877766776829958
29 0.00534506188705564
30 4.8122745965884e-07
31 4.24547238253581e-07
32 2.55569830187596e-07
33 2.55569830187596e-07
34 2.55569830187596e-07
35 2.55569830187596e-07
36 2.55569830187596e-07
37 2.55569830187596e-07
38 2.55569830187596e-07
39 2.55569830187596e-07
40 2.55569830187596e-07
41 2.55569830187596e-07
42 2.55569830187596e-07
43 2.55569830187596e-07
44 2.55569830187596e-07
45 2.55569830187596e-07
46 2.55569830187596e-07
47 2.55569830187596e-07
48 2.55569830187596e-07
49 2.55569830187596e-07
50 2.55569830187596e-07
51 2.55569830187596e-07
52 2.55569830187596e-07
53 2.55569830187596e-07
54 2.55569830187596e-07
55 2.55569830187596e-07
56 2.55569830187596e-07
57 2.55569830187596e-07
58 2.55569830187596e-07
59 2.55569830187596e-07
60 2.55569830187596e-07
61 2.55569830187596e-07
62 2.21271719169636e-07
63 1.59814547373571e-07
