0 7535.32421875
1 10.950611114502
2 7.10789632797241
3 3.92812132835388
4 3.09448528289795
5 2.16588449478149
6 1.81879615783691
7 1.52488744258881
8 1.48982608318329
9 1.13085722923279
10 1.04158914089203
11 0.91178959608078
12 0.741903185844421
13 0.639629721641541
14 0.562933325767517
15 0.498459339141846
16 0.430413007736206
17 0.308551430702209
18 0.283619105815887
19 0.238707020878792
20 0.220648616552353
21 0.18812957406044
22 0.136795565485954
23 0.0986976623535156
24 0.0660267025232315
25 0.0588947795331478
26 0.0463460721075535
27 0.0349236987531185
28 0.0209897141903639
29 0.0176839213818312
30 0.00757314497604966
31 0.000770536018535495
32 0.000446795660536736
33 0.000446795660536736
34 0.000446795660536736
35 0.000446795660536736
36 0.000446795660536736
37 0.000446795660536736
38 0.000446795660536736
39 0.000446795660536736
40 0.000446795660536736
41 0.000446795660536736
42 0.000446795660536736
43 0.000446795660536736
44 0.000446795660536736
45 0.000446795660536736
46 0.000446795660536736
47 0.000446795660536736
48 0.000446795660536736
49 0.000446795660536736
50 0.000446795660536736
51 0.000446795660536736
52 0.000446795660536736
53 0.000446795660536736
54 0.000446795660536736
55 0.000446795660536736
56 0.000446795660536736
57 0.000446795660536736
58 0.000446795660536736
59 0.000446795660536736
60 0.000446795660536736
61 0.000446795660536736
62 0.000446795660536736
63 0.000160790179506876
