0 5.50148868560791
1 4.52863168716431
2 2.89369034767151
3 2.0839467048645
4 1.93279492855072
5 1.60961747169495
6 1.45457899570465
7 1.25842261314392
8 1.08420467376709
9 0.85291600227356
10 0.792723298072815
11 0.705559134483337
12 0.586795628070831
13 0.46196261048317
14 0.389090269804001
15 0.33904030919075
16 0.30810409784317
17 0.243474334478378
18 0.232977494597435
19 0.207248285412788
20 0.130808979272842
21 0.121853969991207
22 0.11776677519083
23 0.0953206196427345
24 0.061323244124651
25 0.0409529618918896
26 0.027423832565546
27 0.0243836902081966
28 0.00785841606557369
29 0.0028896105941385
30 7.02070735769666e-07
31 4.95187975957379e-07
32 2.72174816018378e-07
33 2.72174816018378e-07
34 2.72174816018378e-07
35 2.72174816018378e-07
36 2.72174816018378e-07
37 2.72174816018378e-07
38 2.72174816018378e-07
39 2.72174816018378e-07
40 2.72174816018378e-07
41 2.72174816018378e-07
42 2.72174816018378e-07
43 2.72174816018378e-07
44 2.72174816018378e-07
45 2.72174816018378e-07
46 2.72174816018378e-07
47 2.72174816018378e-07
48 2.72174816018378e-07
49 2.72174816018378e-07
50 2.72174816018378e-07
51 2.72174816018378e-07
52 2.72174816018378e-07
53 2.72174816018378e-07
54 2.72174816018378e-07
55 2.72174816018378e-07
56 2.72174816018378e-07
57 2.72174816018378e-07
58 2.72174816018378e-07
59 2.72174816018378e-07
60 2.72174816018378e-07
61 2.72174816018378e-07
62 2.72174816018378e-07
63 1.72003282727928e-07
