0 8396.4931640625
1 8.27058506011963
2 6.34088611602783
3 5.36526298522949
4 4.21946620941162
5 2.52749824523926
6 1.90060126781464
7 1.54951786994934
8 1.44713246822357
9 1.14206182956696
10 1.12421333789825
11 0.858315050601959
12 0.723733901977539
13 0.653345763683319
14 0.555191040039062
15 0.461606174707413
16 0.404256671667099
17 0.358405739068985
18 0.302505284547806
19 0.260416328907013
20 0.237865507602692
21 0.198525086045265
22 0.130666077136993
23 0.12521143257618
24 0.101687170565128
25 0.0655448585748672
26 0.0478011779487133
27 0.0397200882434845
28 0.0291910748928785
29 0.0157888047397137
30 0.00473080202937126
31 0.00106436142232269
32 0.000495665997732431
33 0.000495665997732431
34 0.000495665997732431
35 0.000495665997732431
36 0.000495665997732431
37 0.000495665997732431
38 0.000495665997732431
39 0.000495665997732431
40 0.000495665997732431
41 0.000495665997732431
42 0.000495665997732431
43 0.000495665997732431
44 0.000495665997732431
45 0.000495665997732431
46 0.000495665997732431
47 0.000495665997732431
48 0.000495665997732431
49 0.000495665997732431
50 0.000495665997732431
51 0.000495665997732431
52 0.000495665997732431
53 0.000495665997732431
54 0.000495665997732431
55 0.000495665997732431
56 0.000495665997732431
57 0.000495665997732431
58 0.000495665997732431
59 0.000495665997732431
60 0.000495665997732431
61 0.000495665997732431
62 0.000495665997732431
63 0.000495665997732431
