0 0.597093641757965
1 0.563465595245361
2 0.474013715982437
3 0.454249709844589
4 0.425107896327972
5 0.334584146738052
6 0.307548761367798
7 0.285975694656372
8 0.273115366697311
9 0.26725772023201
10 0.240255951881409
11 0.236331671476364
12 0.206688344478607
13 0.199336335062981
14 0.19559870660305
15 0.191162064671516
16 0.179785788059235
17 0.177740782499313
18 0.165558502078056
19 0.15931162238121
20 0.153170630335808
21 0.136314332485199
22 0.132891163229942
23 0.124979689717293
24 0.119277350604534
25 0.112331748008728
26 0.104273371398449
27 0.0899262875318527
28 0.0814429149031639
29 0.0732401087880135
30 1.58295549113063e-07
31 1.11439881322895e-07
