0 0.257620543241501
1 0.255639433860779
2 0.230654552578926
3 0.217345416545868
4 0.20730222761631
5 0.191983416676521
6 0.187424331903458
7 0.172825112938881
8 0.167787954211235
9 0.164649501442909
10 0.153624013066292
11 0.143216520547867
12 0.137837424874306
13 0.132275685667992
14 0.124732308089733
15 0.115839190781116
16 0.112446427345276
17 0.105683334171772
18 0.090649388730526
19 0.0834287330508232
20 0.0822187140583992
21 0.0679652839899063
22 0.0590919628739357
23 0.0511796846985817
24 0.0425546504557133
25 0.037488728761673
26 0.02864152751863
27 0.0271529164165258
28 0.0228572636842728
29 0.0105541869997978
30 0.00134736869949847
31 1.97954804548317e-07
