0 1.51182305812836
1 1.34686076641083
2 1.3237190246582
3 1.23037385940552
4 1.19074070453644
5 1.17176496982574
6 1.11287045478821
7 1.03431785106659
8 0.961312830448151
9 0.951986849308014
10 0.893545627593994
11 0.804555594921112
12 0.787578105926514
13 0.734120190143585
14 0.692278742790222
15 0.643200278282166
16 0.609578311443329
17 0.529198586940765
18 0.517603814601898
19 0.461513787508011
20 0.400817573070526
21 0.356968313455582
22 0.327612578868866
23 0.300495535135269
24 0.244343027472496
25 0.22360597550869
26 0.175125405192375
27 0.137499317526817
28 0.0616815164685249
29 0.0303168762475252
30 0.0145368138328195
31 3.06117016179996e-07
