0 3.35059070587158
1 3.32978892326355
2 3.06195521354675
3 3.0021960735321
4 2.58373117446899
5 2.02261328697205
6 1.77637541294098
7 1.53603065013885
8 1.52684497833252
9 1.44689083099365
10 1.38704752922058
11 1.29381787776947
12 1.23529505729675
13 1.22188138961792
14 1.16556203365326
15 1.06676840782166
16 1.02759754657745
17 0.963202118873596
18 0.902298092842102
19 0.869688868522644
20 0.839627206325531
21 0.829020380973816
22 0.789503931999207
23 0.722715258598328
24 0.677799701690674
25 0.629026651382446
26 0.560965120792389
27 0.526459038257599
28 0.468989759683609
29 0.413950949907303
30 1.46060415318061e-06
31 7.02584657119587e-07
