0 0.672410249710083
1 0.652011036872864
2 0.635969042778015
3 0.569611847400665
4 0.545520305633545
5 0.425095170736313
6 0.366167396306992
7 0.332567512989044
8 0.298666894435883
9 0.279795676469803
10 0.26556521654129
11 0.25254887342453
12 0.23331406712532
13 0.231354773044586
14 0.221131429076195
15 0.206885516643524
16 0.202120780944824
17 0.195419028401375
18 0.184477865695953
19 0.168130740523338
20 0.157184854149818
21 0.146010175347328
22 0.130074307322502
23 0.128997430205345
24 0.125480145215988
25 0.112973004579544
26 0.108851842582226
27 0.0911053866147995
28 0.085465207695961
29 0.069503515958786
30 4.0164508163798e-07
31 2.4837586920512e-07
