0 6.5258731842041
1 5.15834856033325
2 3.41679358482361
3 3.18370509147644
4 2.73371386528015
5 2.55263352394104
6 1.74105262756348
7 1.55139350891113
8 1.1926246881485
9 1.1236160993576
10 0.972849488258362
11 0.915258824825287
12 0.708539962768555
13 0.577487945556641
14 0.471951425075531
15 0.397213608026505
16 0.336968183517456
17 0.31639564037323
18 0.250279992818832
19 0.194227159023285
20 0.180020943284035
21 0.161233335733414
22 0.0952929705381393
23 0.0934424921870232
24 0.0662628263235092
25 0.0453602746129036
26 0.0221432112157345
27 0.0164960864931345
28 0.0127337155863643
29 0.00045985376345925
30 5.40468136023264e-07
31 2.48690867010737e-07
32 2.48690867010737e-07
33 2.48690867010737e-07
34 2.48690867010737e-07
35 2.48690867010737e-07
36 2.48690867010737e-07
37 2.48690867010737e-07
38 2.48690867010737e-07
39 2.48690867010737e-07
40 2.48690867010737e-07
41 2.48690867010737e-07
42 2.48690867010737e-07
43 2.48690867010737e-07
44 2.48690867010737e-07
45 2.48690867010737e-07
46 2.48690867010737e-07
47 2.48690867010737e-07
48 2.48690867010737e-07
49 2.48690867010737e-07
50 2.48690867010737e-07
51 2.48690867010737e-07
52 2.48690867010737e-07
53 2.48690867010737e-07
54 2.48690867010737e-07
55 2.48690867010737e-07
56 2.48690867010737e-07
57 2.48690867010737e-07
58 2.48690867010737e-07
59 2.48690867010737e-07
60 2.48690867010737e-07
61 2.48690867010737e-07
62 2.48690867010737e-07
63 2.48690867010737e-07
