0 0.243845447897911
1 0.229590311646461
2 0.226113647222519
3 0.212657704949379
4 0.203589409589767
5 0.190609559416771
6 0.183257445693016
7 0.180969521403313
8 0.16046530008316
9 0.155121862888336
10 0.151010766625404
11 0.141657307744026
12 0.137619882822037
13 0.123712554574013
14 0.117178857326508
15 0.107589580118656
16 0.100762352347374
17 0.0918805375695229
18 0.0873744264245033
19 0.0815355777740479
20 0.0738349035382271
21 0.0660660490393639
22 0.056210070848465
23 0.0448269955813885
24 0.0428113974630833
25 0.0408603027462959
26 0.0311092622578144
27 0.0202110446989536
28 0.0126402163878083
29 0.00559848407283425
30 0.00296532013453543
31 3.8797801948931e-07
