0 7392.4287109375
1 15.5261430740356
2 11.4481554031372
3 9.04724407196045
4 5.51399707794189
5 4.13346147537231
6 3.47949838638306
7 2.68350434303284
8 2.06039500236511
9 1.59738886356354
10 1.32532262802124
11 1.11227643489838
12 1.04854094982147
13 0.884906351566315
14 0.734669387340546
15 0.686870872974396
16 0.528954148292542
17 0.436436623334885
18 0.424029111862183
19 0.396263390779495
20 0.270827502012253
21 0.199955448508263
22 0.185156375169754
23 0.151546061038971
24 0.0952454656362534
25 0.0749440863728523
26 0.0699699223041534
27 0.0539473406970501
28 0.0314426459372044
29 0.0183658823370934
30 0.0151244262233377
31 0.000483218609588221
32 0.000431839638622478
33 0.000431839638622478
34 0.000431839638622478
35 0.000431839638622478
36 0.000431839638622478
37 0.000431839638622478
38 0.000431839638622478
39 0.000431839638622478
40 0.000431839638622478
41 0.000431839638622478
42 0.000431839638622478
43 0.000431839638622478
44 0.000431839638622478
45 0.000431839638622478
46 0.000431839638622478
47 0.000431839638622478
48 0.000431839638622478
49 0.000431839638622478
50 0.000431839638622478
51 0.000431839638622478
52 0.000431839638622478
53 0.000431839638622478
54 0.000431839638622478
55 0.000431839638622478
56 0.000431839638622478
57 0.000431839638622478
58 0.000431839638622478
59 0.000431839638622478
60 0.000431839638622478
61 0.000431839638622478
62 0.000431839638622478
63 0.000259020685916767
