0 3.6632969379425
1 2.88171577453613
2 2.46841716766357
3 2.1963996887207
4 1.92806529998779
5 1.57919645309448
6 1.42072975635529
7 1.15556347370148
8 1.04762172698975
9 0.810717046260834
10 0.790273487567902
11 0.736534059047699
12 0.606595695018768
13 0.508195579051971
14 0.426102966070175
15 0.380570083856583
16 0.266919881105423
17 0.209839671850204
18 0.187892645597458
19 0.168937861919403
20 0.142118126153946
21 0.131944164633751
22 0.101307831704617
23 0.0639595240354538
24 0.0438872165977955
25 0.0368055440485477
26 0.0181491766124964
27 0.0109795341268182
28 0.00328421592712402
29 0.00146671617403626
30 2.2185454895407e-07
31 1.49280822370201e-07
32 1.49280822370201e-07
33 1.49280822370201e-07
34 1.49280822370201e-07
35 1.49280822370201e-07
36 1.49280822370201e-07
37 1.49280822370201e-07
38 1.49280822370201e-07
39 1.49280822370201e-07
40 1.49280822370201e-07
41 1.49280822370201e-07
42 1.49280822370201e-07
43 1.49280822370201e-07
44 1.49280822370201e-07
45 1.49280822370201e-07
46 1.49280822370201e-07
47 1.49280822370201e-07
48 1.49280822370201e-07
49 1.49280822370201e-07
50 1.49280822370201e-07
51 1.49280822370201e-07
52 1.49280822370201e-07
53 1.49280822370201e-07
54 1.49280822370201e-07
55 1.49280822370201e-07
56 1.49280822370201e-07
57 1.49280822370201e-07
58 1.49280822370201e-07
59 1.49280822370201e-07
60 1.49280822370201e-07
61 1.49280822370201e-07
62 1.49280822370201e-07
63 1.49280822370201e-07
