0 0.253051787614822
1 0.251290202140808
2 0.236710771918297
3 0.22362194955349
4 0.202742800116539
5 0.193108096718788
6 0.186529859900475
7 0.182413667440414
8 0.170028939843178
9 0.165017679333687
10 0.156528428196907
11 0.149409055709839
12 0.138136953115463
13 0.130056202411652
14 0.121731415390968
15 0.101194053888321
16 0.097173810005188
17 0.0948801636695862
18 0.0846258029341698
19 0.0788784325122833
20 0.0729669332504272
21 0.0630175545811653
22 0.0595391318202019
23 0.0443111173808575
24 0.039145901799202
25 0.0348645895719528
26 0.0221902150660753
27 0.0174176562577486
28 0.0133169172331691
29 0.00698451232165098
30 0.00239220960065722
31 8.81520136886138e-08
