0 0.280464887619019
1 0.265009313821793
2 0.24636934697628
3 0.219478011131287
4 0.210740253329277
5 0.202841714024544
6 0.198369324207306
7 0.191124334931374
8 0.187127262353897
9 0.156502410769463
10 0.153156131505966
11 0.15039174258709
12 0.135572209954262
13 0.132929563522339
14 0.130808189511299
15 0.117784708738327
16 0.101055920124054
17 0.0979784801602364
18 0.0880740806460381
19 0.0868815779685974
20 0.0749486982822418
21 0.0695429071784019
22 0.0609929002821445
23 0.0577834658324718
24 0.0512367822229862
25 0.0361599810421467
26 0.032332070171833
27 0.0260571297258139
28 0.0120675629004836
29 0.0100996196269989
30 0.0021666195243597
31 9.14800963869311e-08
