0 1.50090873241425
1 1.36397814750671
2 1.26807701587677
3 1.24108803272247
4 1.15251553058624
5 1.10527205467224
6 1.04684937000275
7 0.939039766788483
8 0.888708829879761
9 0.868615984916687
10 0.790893137454987
11 0.766433894634247
12 0.738079607486725
13 0.656031787395477
14 0.60243022441864
15 0.55586838722229
16 0.518352687358856
17 0.494046956300735
18 0.481469124555588
19 0.458677232265472
20 0.409854620695114
21 0.383964538574219
22 0.36866894364357
23 0.309140741825104
24 0.273797214031219
25 0.249492451548576
26 0.162991285324097
27 0.128712207078934
28 0.0823678523302078
29 0.0134803503751755
30 0.00293142511509359
31 3.49150496958828e-07
