0 3.54967021942139
1 3.37806224822998
2 3.26522779464722
3 2.68483304977417
4 2.53677725791931
5 2.29947996139526
6 1.86018013954163
7 1.60617220401764
8 1.52324116230011
9 1.43506622314453
10 1.41241693496704
11 1.37188220024109
12 1.27225029468536
13 1.22231936454773
14 1.17383205890656
15 1.09905397891998
16 1.024773478508
17 1.00372290611267
18 0.950986087322235
19 0.921735644340515
20 0.885750353336334
21 0.849467873573303
22 0.807769894599915
23 0.715547978878021
24 0.672013878822327
25 0.633875966072083
26 0.6010901927948
27 0.518195033073425
28 0.476407200098038
29 0.399105101823807
30 9.15149712454877e-07
31 5.53764948563185e-07
