0 0.654127240180969
1 0.629724681377411
2 0.590543925762177
3 0.520724892616272
4 0.460484385490417
5 0.429291695356369
6 0.356267243623734
7 0.352009564638138
8 0.307551473379135
9 0.28138867020607
10 0.253885954618454
11 0.249012634158134
12 0.236584916710854
13 0.224809288978577
14 0.219870299100876
15 0.210233330726624
16 0.197338774800301
17 0.187084197998047
18 0.183416679501534
19 0.165118113160133
20 0.154695704579353
21 0.152244225144386
22 0.134652525186539
23 0.130584299564362
24 0.127069413661957
25 0.11004051566124
26 0.107211254537106
27 0.0920665189623833
28 0.081861600279808
29 0.0714989975094795
30 3.73313639556727e-07
31 1.85628820759121e-07
