0 0.249964520335197
1 0.237113699316978
2 0.215673521161079
3 0.211374029517174
4 0.199158161878586
5 0.185401156544685
6 0.181213468313217
7 0.173666596412659
8 0.169859290122986
9 0.160511866211891
10 0.155881553888321
11 0.143832981586456
12 0.141447573900223
13 0.125784069299698
14 0.115816719830036
15 0.114103823900223
16 0.109736770391464
17 0.103007309138775
18 0.0922126844525337
19 0.0787078961730003
20 0.0730613246560097
21 0.0714817866683006
22 0.0607128962874413
23 0.0468025915324688
24 0.0455819852650166
25 0.0417993105947971
26 0.032501757144928
27 0.0286154616624117
28 0.0202091038227081
29 0.0130351446568966
30 0.00488055776804686
31 3.84082312621103e-08
