0 3.17842197418213
1 3.1164698600769
2 2.98531150817871
3 2.61027765274048
4 2.31993865966797
5 1.94788730144501
6 1.84160685539246
7 1.69679093360901
8 1.58502042293549
9 1.48431921005249
10 1.4724303483963
11 1.31568098068237
12 1.25808668136597
13 1.17910027503967
14 1.15601253509521
15 1.06748807430267
16 1.00792396068573
17 0.9520103931427
18 0.93206512928009
19 0.858897268772125
20 0.822799682617188
21 0.760984420776367
22 0.72149920463562
23 0.691830992698669
24 0.679803907871246
25 0.621202945709229
26 0.576198220252991
27 0.541001081466675
28 0.427302211523056
29 0.405243366956711
30 2.9518839710363e-06
31 8.43847033138445e-07
