0 0.559284269809723
1 0.536921620368958
2 0.52084481716156
3 0.448269069194794
4 0.4078508913517
5 0.339759796857834
6 0.304498761892319
7 0.284510225057602
8 0.279135525226593
9 0.260194540023804
10 0.245896145701408
11 0.231971561908722
12 0.224105551838875
13 0.212192073464394
14 0.204411894083023
15 0.18815603852272
16 0.177979797124863
17 0.167833581566811
18 0.164011463522911
19 0.154261767864227
20 0.14898194372654
21 0.13591805100441
22 0.125604078173637
23 0.124677523970604
24 0.120598956942558
25 0.108345806598663
26 0.0986206904053688
27 0.0901741608977318
28 0.0753501579165459
29 0.0660203769803047
30 1.33633307086711e-07
31 9.19609348670747e-08
