0 1.51210677623749
1 1.32478070259094
2 1.26761627197266
3 1.2248283624649
4 1.09304535388947
5 1.05868566036224
6 1.04824602603912
7 0.967316329479218
8 0.952385246753693
9 0.855011641979218
10 0.829054117202759
11 0.784188568592072
12 0.748657882213593
13 0.709471702575684
14 0.645264804363251
15 0.549066543579102
16 0.546319425106049
17 0.482579380273819
18 0.468190252780914
19 0.441529840230942
20 0.405360102653503
21 0.347456872463226
22 0.288110971450806
23 0.260551869869232
24 0.202397987246513
25 0.195037350058556
26 0.168021231889725
27 0.0838779881596565
28 0.0548465736210346
29 0.0264213308691978
30 0.0084220739081502
31 2.30106223852999e-07
