0 3.83114767074585
1 3.73162770271301
2 3.24329042434692
3 3.14194655418396
4 2.82154297828674
5 2.19921231269836
6 2.10777020454407
7 1.99911117553711
8 1.74581062793732
9 1.61743950843811
10 1.51953709125519
11 1.34084951877594
12 1.28859710693359
13 1.21605014801025
14 1.18945872783661
15 1.14425933361053
16 1.03786993026733
17 0.976823389530182
18 0.955051243305206
19 0.881195247173309
20 0.848022222518921
21 0.828139424324036
22 0.721305727958679
23 0.684588968753815
24 0.678442001342773
25 0.586851179599762
26 0.56074321269989
27 0.535596370697021
28 0.511476397514343
29 0.447064280509949
30 9.17814475087653e-07
31 5.35361039055715e-07
