0 3.34853506088257
1 3.20104813575745
2 2.93226218223572
3 2.64344620704651
4 2.40082120895386
5 2.09930229187012
6 1.80329763889313
7 1.73137617111206
8 1.49350988864899
9 1.45892310142517
10 1.40377414226532
11 1.26924216747284
12 1.24603664875031
13 1.21124243736267
14 1.15866768360138
15 1.08778190612793
16 1.0418289899826
17 0.998452126979828
18 0.948523223400116
19 0.872711181640625
20 0.831236898899078
21 0.744634389877319
22 0.735992789268494
23 0.717167496681213
24 0.626085102558136
25 0.577790498733521
26 0.526535391807556
27 0.494083434343338
28 0.444769680500031
29 0.380325317382812
30 1.24500911624637e-06
31 6.47779472728871e-07
