0 0.237128555774689
1 0.218149080872536
2 0.215874508023262
3 0.209176570177078
4 0.202453017234802
5 0.1951834410429
6 0.191640615463257
7 0.18096986413002
8 0.173446670174599
9 0.156743958592415
10 0.152862817049026
11 0.143819749355316
12 0.134767383337021
13 0.129917055368423
14 0.117175124585629
15 0.110868975520134
16 0.104912362992764
17 0.0911407768726349
18 0.0902086570858955
19 0.0815521627664566
20 0.0715506225824356
21 0.0630277544260025
22 0.0609622113406658
23 0.0529416054487228
24 0.0494128875434399
25 0.0354723520576954
26 0.0343771576881409
27 0.0286891832947731
28 0.0211316403001547
29 0.0162630565464497
30 0.00735566951334476
31 1.85463605362202e-07
