0 0.626049816608429
1 0.586351573467255
2 0.570114612579346
3 0.45096293091774
4 0.370592474937439
5 0.354605913162231
6 0.300326883792877
7 0.279093325138092
8 0.251708954572678
9 0.24128794670105
10 0.233119755983353
11 0.219089075922966
12 0.214658007025719
13 0.205926701426506
14 0.202135890722275
15 0.177290752530098
16 0.175601467490196
17 0.173383206129074
18 0.158981680870056
19 0.148189961910248
20 0.1430953592062
21 0.131707593798637
22 0.127350702881813
23 0.126100793480873
24 0.113384321331978
25 0.104961052536964
26 0.0984984040260315
27 0.089760884642601
28 0.0782909095287323
29 0.0629586949944496
30 6.0095072740296e-07
31 1.59677227884458e-07
