0 0.27546438574791
1 0.236136570572853
2 0.226871848106384
3 0.209828674793243
4 0.201433166861534
5 0.193967148661613
6 0.188960179686546
7 0.186667025089264
8 0.168720215559006
9 0.153294593095779
10 0.147042274475098
11 0.135646998882294
12 0.130827948451042
13 0.120514832437038
14 0.115736536681652
15 0.113856919109821
16 0.101543225347996
17 0.0926845446228981
18 0.0838149860501289
19 0.0815093889832497
20 0.0785586833953857
21 0.0653056725859642
22 0.0579205416142941
23 0.0431884154677391
24 0.0325515307486057
25 0.0287843719124794
26 0.0248285923153162
27 0.0238544270396233
28 0.0168571285903454
29 0.0069394507445395
30 0.00168556079734117
31 5.65119648854306e-08
