0 5.78735780715942
1 3.75706124305725
2 2.79020023345947
3 2.11280202865601
4 1.88854014873505
5 1.72482562065125
6 1.38308322429657
7 1.19875490665436
8 1.00406384468079
9 0.910434782505035
10 0.773494601249695
11 0.676758587360382
12 0.569006323814392
13 0.408578783273697
14 0.394341826438904
15 0.343310534954071
16 0.283701926469803
17 0.245447650551796
18 0.212494358420372
19 0.155631542205811
20 0.128725737333298
21 0.117293082177639
22 0.10120877623558
23 0.0754016786813736
24 0.060766763985157
25 0.0458454787731171
26 0.0366520285606384
27 0.0223641451448202
28 0.00407569296658039
29 0.00011454046034487
30 4.48365028660191e-07
31 3.21805401881647e-07
32 3.21805401881647e-07
33 3.21805401881647e-07
34 3.21805401881647e-07
35 3.21805401881647e-07
36 3.21805401881647e-07
37 3.21805401881647e-07
38 3.21805401881647e-07
39 3.21805401881647e-07
40 3.21805401881647e-07
41 3.21805401881647e-07
42 3.21805401881647e-07
43 3.21805401881647e-07
44 3.21805401881647e-07
45 3.21805401881647e-07
46 3.21805401881647e-07
47 3.21805401881647e-07
48 3.21805401881647e-07
49 3.21805401881647e-07
50 3.21805401881647e-07
51 3.21805401881647e-07
52 3.21805401881647e-07
53 3.21805401881647e-07
54 3.21805401881647e-07
55 3.21805401881647e-07
56 3.21805401881647e-07
57 3.21805401881647e-07
58 3.21805401881647e-07
59 3.21805401881647e-07
60 3.21805401881647e-07
61 3.21805401881647e-07
62 3.21805401881647e-07
63 2.63287802226841e-07
