0 1.54389536380768
1 1.49817216396332
2 1.34916532039642
3 1.24138128757477
4 1.21631360054016
5 1.14448523521423
6 1.11642098426819
7 1.06242871284485
8 1.03087985515594
9 0.913580536842346
10 0.890606999397278
11 0.842820107936859
12 0.791732251644135
13 0.733159959316254
14 0.715784072875977
15 0.632498502731323
16 0.597703874111176
17 0.56026566028595
18 0.530740201473236
19 0.486883372068405
20 0.418856620788574
21 0.403188675642014
22 0.342051804065704
23 0.290062665939331
24 0.255942583084106
25 0.221950352191925
26 0.217623114585876
27 0.150835692882538
28 0.110672101378441
29 0.0550907664000988
30 0.0196997784078121
31 9.41647670060775e-07
