0 0.272924691438675
1 0.264841943979263
2 0.238500952720642
3 0.219447329640388
4 0.21501599252224
5 0.202318355441093
6 0.197357282042503
7 0.187812626361847
8 0.182235538959503
9 0.161499738693237
10 0.157438576221466
11 0.148990944027901
12 0.139959841966629
13 0.129605636000633
14 0.126533985137939
15 0.111811019480228
16 0.105660147964954
17 0.0990419089794159
18 0.0938225090503693
19 0.0860696211457253
20 0.0740440860390663
21 0.0712743699550629
22 0.0604667663574219
23 0.0512763075530529
24 0.0452446676790714
25 0.0392356477677822
26 0.0384706817567348
27 0.0266642197966576
28 0.0195642504841089
29 0.00973875727504492
30 0.00348245562054217
31 1.5117450402613e-07
