0 3.60379409790039
1 3.50574994087219
2 3.05614256858826
3 2.84493088722229
4 2.33460807800293
5 1.93474578857422
6 1.71443402767181
7 1.55550718307495
8 1.54299676418304
9 1.46016848087311
10 1.3866274356842
11 1.34999978542328
12 1.27594017982483
13 1.1236058473587
14 1.11320304870605
15 1.06266689300537
16 0.985702097415924
17 0.930239140987396
18 0.896101772785187
19 0.862906992435455
20 0.828294575214386
21 0.776874899864197
22 0.742833614349365
23 0.710318148136139
24 0.671633899211884
25 0.65295797586441
26 0.603810846805573
27 0.502333402633667
28 0.451996952295303
29 0.407552093267441
30 4.50658535555704e-06
31 1.59898843321571e-06
