0 1.42908072471619
1 1.29418456554413
2 1.2400678396225
3 1.1915100812912
4 1.07477474212646
5 1.02295529842377
6 0.995828330516815
7 0.946039795875549
8 0.907537519931793
9 0.862166523933411
10 0.826788485050201
11 0.775754988193512
12 0.725125193595886
13 0.678076565265656
14 0.655648708343506
15 0.605389356613159
16 0.582140624523163
17 0.559919714927673
18 0.514079034328461
19 0.447765320539474
20 0.422874718904495
21 0.412765115499496
22 0.372442632913589
23 0.319222778081894
24 0.219303458929062
25 0.203046083450317
26 0.194911971688271
27 0.145719915628433
28 0.130105003714561
29 0.0784236192703247
30 0.0583467297255993
31 1.37270865252503e-06
