0 0.252628296613693
1 0.228781715035439
2 0.21921506524086
3 0.210631087422371
4 0.189995050430298
5 0.180834636092186
6 0.17603924870491
7 0.167237728834152
8 0.160431534051895
9 0.152410984039307
10 0.146156936883926
11 0.137135401368141
12 0.128185242414474
13 0.119868136942387
14 0.115903452038765
15 0.107018709182739
16 0.102908879518509
17 0.0989807620644569
18 0.0908771902322769
19 0.0791544541716576
20 0.0747543722391129
21 0.0729672461748123
22 0.0658391863107681
23 0.0564311519265175
24 0.0387677736580372
25 0.0358937978744507
26 0.0344558991491795
27 0.025759894400835
28 0.0229995418339968
29 0.0138634769245982
30 0.0103143397718668
31 2.50496071885209e-07
