0 3.43721985816956
1 3.22493672370911
2 3.00983762741089
3 2.72520351409912
4 1.90182113647461
5 1.57708215713501
6 1.52081274986267
7 1.50093650817871
8 1.44173669815063
9 1.40637004375458
10 1.34232032299042
11 1.28340911865234
12 1.20387148857117
13 1.1831990480423
14 1.12921738624573
15 1.09709095954895
16 1.01435935497284
17 0.983879745006561
18 0.920833945274353
19 0.894323527812958
20 0.871529161930084
21 0.769353210926056
22 0.756732523441315
23 0.736372590065002
24 0.599171698093414
25 0.561813175678253
26 0.536006391048431
27 0.487908244132996
28 0.444644570350647
29 0.421571791172028
30 8.35140383514954e-07
31 6.87187707626435e-07
