0 7673.6640625
1 16.000280380249
2 11.5332765579224
3 6.04397678375244
4 3.91308045387268
5 3.27628087997437
6 3.09307527542114
7 2.60747694969177
8 2.00629162788391
9 1.72786867618561
10 1.31254804134369
11 1.18059825897217
12 1.0924768447876
13 0.732245326042175
14 0.692780196666718
15 0.630961000919342
16 0.503073930740356
17 0.432468831539154
18 0.366136878728867
19 0.331532001495361
20 0.227093517780304
21 0.196094155311584
22 0.150994330644608
23 0.13532367348671
24 0.130801409482956
25 0.0935954749584198
26 0.0553934462368488
27 0.0312036070972681
28 0.0178652238100767
29 0.00669365841895342
30 0.0013981438241899
31 0.00105774332769215
32 0.000450947147328407
33 0.000449315208243206
34 0.000449315208243206
35 0.000449315208243206
36 0.000449315208243206
37 0.000449315208243206
38 0.000449315208243206
39 0.000449315208243206
40 0.000449315208243206
41 0.000449315208243206
42 0.000449315208243206
43 0.000449315208243206
44 0.000449315208243206
45 0.000449315208243206
46 0.000449315208243206
47 0.000449315208243206
48 0.000449315208243206
49 0.000449315208243206
50 0.000449315208243206
51 0.000449315208243206
52 0.000449315208243206
53 0.000449315208243206
54 0.000449315208243206
55 0.000449315208243206
56 0.000449315208243206
57 0.000449315208243206
58 0.000449315208243206
59 0.000449315208243206
60 0.000449315208243206
61 0.000449315208243206
62 0.000449315208243206
63 0.000449315208243206
