0 0.257223904132843
1 0.24162270128727
2 0.227047190070152
3 0.205598130822182
4 0.202817067503929
5 0.182493790984154
6 0.177461132407188
7 0.167561188340187
8 0.163057908415794
9 0.156571567058563
10 0.141921877861023
11 0.133079469203949
12 0.128382727503777
13 0.11861053109169
14 0.112487427890301
15 0.098310261964798
16 0.0916609615087509
17 0.0896874591708183
18 0.0843436047434807
19 0.0677975490689278
20 0.0642929226160049
21 0.0595507100224495
22 0.0514132417738438
23 0.0489752851426601
24 0.04190818592906
25 0.0364181697368622
26 0.028022401034832
27 0.0181063637137413
28 0.0172293521463871
29 0.00713129341602325
30 0.00547210592776537
31 5.13630560305955e-08
