0 0.646802008152008
1 0.621730208396912
2 0.59236478805542
3 0.528073489665985
4 0.49515438079834
5 0.480883836746216
6 0.41258180141449
7 0.347373902797699
8 0.308496534824371
9 0.302837938070297
10 0.276418745517731
11 0.238704398274422
12 0.231192544102669
13 0.222420081496239
14 0.211358487606049
15 0.206292524933815
16 0.198601335287094
17 0.189159736037254
18 0.183177188038826
19 0.171008050441742
20 0.15209998190403
21 0.144549235701561
22 0.134732574224472
23 0.130489066243172
24 0.126276060938835
25 0.120855942368507
26 0.106140404939651
27 0.0983833819627762
28 0.091410294175148
29 0.0647419914603233
30 2.76344138683271e-07
31 1.63467518632388e-07
