0 3.2541139125824
1 2.99699759483337
2 2.89824151992798
3 2.66247296333313
4 2.09930634498596
5 1.88844799995422
6 1.64261949062347
7 1.54048931598663
8 1.49975788593292
9 1.43639016151428
10 1.41469931602478
11 1.32310140132904
12 1.2353550195694
13 1.16321361064911
14 1.14258325099945
15 1.06977999210358
16 1.03805017471313
17 0.991069138050079
18 0.903376162052155
19 0.878362774848938
20 0.821925938129425
21 0.810190975666046
22 0.787162959575653
23 0.72712630033493
24 0.677937150001526
25 0.587486386299133
26 0.584259331226349
27 0.52531099319458
28 0.488421261310577
29 0.393329471349716
30 9.91836941466318e-07
31 6.47790898256062e-07
