0 11.1407814025879
1 6.03937673568726
2 4.35632705688477
3 2.9391565322876
4 2.7952778339386
5 2.16948437690735
6 1.65349578857422
7 1.499396443367
8 1.37844729423523
9 1.09981679916382
10 0.870745837688446
11 0.788849353790283
12 0.622484803199768
13 0.593495190143585
14 0.434298396110535
15 0.403246402740479
16 0.316604107618332
17 0.256979614496231
18 0.239158004522324
19 0.201167017221451
20 0.176276624202728
21 0.141637966036797
22 0.100557893514633
23 0.0747629329562187
24 0.0581442266702652
25 0.0397072769701481
26 0.0376277603209019
27 0.0195229835808277
28 0.0057694842107594
29 0.000643150298856199
30 9.92868763205479e-07
31 4.63943393924637e-07
32 4.63943393924637e-07
33 4.63943393924637e-07
34 4.63943393924637e-07
35 4.63943393924637e-07
36 4.63943393924637e-07
37 4.63943393924637e-07
38 4.63943393924637e-07
39 4.63943393924637e-07
40 4.63943393924637e-07
41 4.63943393924637e-07
42 4.63943393924637e-07
43 4.63943393924637e-07
44 4.63943393924637e-07
45 4.63943393924637e-07
46 4.63943393924637e-07
47 4.63943393924637e-07
48 4.63943393924637e-07
49 4.63943393924637e-07
50 4.63943393924637e-07
51 4.63943393924637e-07
52 4.63943393924637e-07
53 4.63943393924637e-07
54 4.63943393924637e-07
55 4.63943393924637e-07
56 4.63943393924637e-07
57 4.63943393924637e-07
58 4.63943393924637e-07
59 4.63943393924637e-07
60 4.63943393924637e-07
61 4.63943393924637e-07
62 4.63943393924637e-07
63 4.63943393924637e-07
