0 1.13499772548676
1 0.966217279434204
2 0.87663608789444
3 0.804257273674011
4 0.472126752138138
5 0.3973388671875
6 0.325512111186981
7 0.242614358663559
8 0.214808791875839
9 0.193905264139175
10 0.168425098061562
11 0.14705690741539
12 0.111941777169704
13 0.0959669128060341
14 0.0803272053599358
15 0.0742923617362976
16 0.0685072690248489
17 0.0633116662502289
18 0.05875588580966
19 0.0409571826457977
20 0.0307612791657448
21 0.0200827326625586
22 0.0181413441896439
23 0.0146935135126114
24 0.0101315965875983
25 0.00854047853499651
26 0.00615255814045668
27 0.00397460022941232
28 0.00104418862611055
29 6.2701539718546e-05
30 1.23354411130094e-07
31 4.70128931340241e-08
32 4.70128931340241e-08
33 4.70128931340241e-08
34 4.70128931340241e-08
35 4.70128931340241e-08
36 4.70128931340241e-08
37 4.70128931340241e-08
38 4.70128931340241e-08
39 4.70128931340241e-08
40 4.70128931340241e-08
41 4.70128931340241e-08
42 4.70128931340241e-08
43 4.70128931340241e-08
44 4.70128931340241e-08
45 4.70128931340241e-08
46 4.70128931340241e-08
47 4.70128931340241e-08
48 4.70128931340241e-08
49 4.70128931340241e-08
50 4.70128931340241e-08
51 4.70128931340241e-08
52 4.70128931340241e-08
53 4.70128931340241e-08
54 4.70128931340241e-08
55 4.70128931340241e-08
56 4.70128931340241e-08
57 4.70128931340241e-08
58 4.70128931340241e-08
59 4.70128931340241e-08
60 4.70128931340241e-08
61 4.70128931340241e-08
62 4.70128931340241e-08
63 4.70128931340241e-08
