0 0.573205947875977
1 0.518353343009949
2 0.453403413295746
3 0.391280889511108
4 0.303160578012466
5 0.284819543361664
6 0.267774075269699
7 0.253028929233551
8 0.240885838866234
9 0.229490354657173
10 0.218960747122765
11 0.208954900503159
12 0.204530656337738
13 0.194353193044662
14 0.185105368494987
15 0.178638488054276
16 0.172613531351089
17 0.160121589899063
18 0.153719693422318
19 0.151575192809105
20 0.141596168279648
21 0.133383825421333
22 0.128821611404419
23 0.115388765931129
24 0.107004188001156
25 0.101393274962902
26 0.0890243500471115
27 0.0826297625899315
28 0.0807115063071251
29 0.0647337287664413
30 1.71029583384552e-07
31 5.1491223729272e-08
