0 1.36586439609528
1 1.28421926498413
2 1.21643912792206
3 1.18986999988556
4 1.16211926937103
5 1.13251566886902
6 1.09656608104706
7 0.981118679046631
8 0.957469284534454
9 0.874119818210602
10 0.806345760822296
11 0.756352126598358
12 0.726723551750183
13 0.69366842508316
14 0.652611494064331
15 0.600977957248688
16 0.579592168331146
17 0.539542973041534
18 0.49088329076767
19 0.472341477870941
20 0.462464988231659
21 0.398529082536697
22 0.323127269744873
23 0.240859225392342
24 0.190114423632622
25 0.178931087255478
26 0.149805396795273
27 0.0656946003437042
28 0.0422967523336411
29 0.0341685228049755
30 0.0201178882271051
31 1.01745953884347e-07
