0 1.14712977409363
1 0.929728329181671
2 0.49116188287735
3 0.364352226257324
4 0.321492820978165
5 0.224928095936775
6 0.200328156352043
7 0.177672892808914
8 0.143819555640221
9 0.133618518710136
10 0.122545316815376
11 0.0900185778737068
12 0.0881567746400833
13 0.0824604108929634
14 0.073238268494606
15 0.0626014322042465
16 0.0506126955151558
17 0.0393541231751442
18 0.0352489575743675
19 0.0281594302505255
20 0.0242705345153809
21 0.0174702890217304
22 0.011127570644021
23 0.0102270850911736
24 0.00674786418676376
25 0.00632349727675319
26 0.0057333498261869
27 0.00280407513491809
28 0.00177773204632103
29 0.00127301039174199
30 1.23204529245413e-07
31 5.89428381658763e-08
32 5.89428381658763e-08
33 5.89428381658763e-08
34 5.89428381658763e-08
35 5.89428381658763e-08
36 5.89428381658763e-08
37 5.89428381658763e-08
38 5.89428381658763e-08
39 5.89428381658763e-08
40 5.89428381658763e-08
41 5.89428381658763e-08
42 5.89428381658763e-08
43 5.89428381658763e-08
44 5.89428381658763e-08
45 5.89428381658763e-08
46 5.89428381658763e-08
47 5.89428381658763e-08
48 5.89428381658763e-08
49 5.89428381658763e-08
50 5.89428381658763e-08
51 5.89428381658763e-08
52 5.89428381658763e-08
53 5.89428381658763e-08
54 5.89428381658763e-08
55 5.89428381658763e-08
56 5.89428381658763e-08
57 5.89428381658763e-08
58 5.89428381658763e-08
59 5.89428381658763e-08
60 5.89428381658763e-08
61 5.89428381658763e-08
62 5.89428381658763e-08
63 5.89428381658763e-08
