0 0.252760499715805
1 0.243550926446915
2 0.2340457290411
3 0.21780426800251
4 0.211261600255966
5 0.200951471924782
6 0.191570550203323
7 0.175572469830513
8 0.162052258849144
9 0.159491628408432
10 0.154896646738052
11 0.142344400286674
12 0.131469324231148
13 0.119768850505352
14 0.11438661813736
15 0.111053213477135
16 0.10006394982338
17 0.0903843641281128
18 0.0889873802661896
19 0.0788062512874603
20 0.0707854777574539
21 0.0621668472886086
22 0.0544586926698685
23 0.0485341660678387
24 0.0470038913190365
25 0.0349794737994671
26 0.0310786813497543
27 0.0251245573163033
28 0.0118603361770511
29 0.0069165313616395
30 0.00251373578794301
31 4.13529832599124e-08
