0 0.635744035243988
1 0.611124098300934
2 0.590204298496246
3 0.525026917457581
4 0.47268682718277
5 0.428712487220764
6 0.389349907636642
7 0.354482918977737
8 0.318252921104431
9 0.298792481422424
10 0.294237732887268
11 0.261086016893387
12 0.247208505868912
13 0.240517109632492
14 0.224024027585983
15 0.215110749006271
16 0.195861905813217
17 0.193718820810318
18 0.176649332046509
19 0.168883308768272
20 0.16033561527729
21 0.156397938728333
22 0.141321823000908
23 0.133419066667557
24 0.125153228640556
25 0.115580067038536
26 0.106435984373093
27 0.101974941790104
28 0.0927068591117859
29 0.0850505158305168
30 3.70239916946957e-07
31 1.8376042021373e-07
