0 1.42982923984528
1 1.3777312040329
2 1.32396268844604
3 1.23208653926849
4 1.19507539272308
5 1.13675332069397
6 1.08368635177612
7 0.993187248706818
8 0.916706025600433
9 0.902220904827118
10 0.876227676868439
11 0.805221259593964
12 0.743702709674835
13 0.677515029907227
14 0.647068560123444
15 0.628211855888367
16 0.566047072410583
17 0.511291325092316
18 0.503388524055481
19 0.445795357227325
20 0.400423169136047
21 0.351668804883957
22 0.308064877986908
23 0.274550706148148
24 0.26589423418045
25 0.197873800992966
26 0.175807595252991
27 0.142125979065895
28 0.0670921429991722
29 0.0391257740557194
30 0.0142198223620653
31 2.74039166470175e-07
