0 1.48623859882355
1 0.882454037666321
2 0.79082190990448
3 0.619114220142365
4 0.378533065319061
5 0.371729671955109
6 0.35196527838707
7 0.296917885541916
8 0.263521522283554
9 0.237928226590157
10 0.158263146877289
11 0.152510896325111
12 0.114602237939835
13 0.100076891481876
14 0.0794312581419945
15 0.0676797777414322
16 0.063832551240921
17 0.0579393282532692
18 0.0457544662058353
19 0.036832619458437
20 0.0306706894189119
21 0.0269002411514521
22 0.0217327680438757
23 0.0195756815373898
24 0.0102691212669015
25 0.00945212133228779
26 0.00642438558861613
27 0.00522686168551445
28 0.00151088263373822
29 0.000544029346201569
30 1.26601648275937e-07
31 5.61683570765581e-08
32 5.61683570765581e-08
33 5.61683570765581e-08
34 5.61683570765581e-08
35 5.61683570765581e-08
36 5.61683570765581e-08
37 5.61683570765581e-08
38 5.61683570765581e-08
39 5.61683570765581e-08
40 5.61683570765581e-08
41 5.61683570765581e-08
42 5.61683570765581e-08
43 5.61683570765581e-08
44 5.61683570765581e-08
45 5.61683570765581e-08
46 5.61683570765581e-08
47 5.61683570765581e-08
48 5.61683570765581e-08
49 5.61683570765581e-08
50 5.61683570765581e-08
51 5.61683570765581e-08
52 5.61683570765581e-08
53 5.61683570765581e-08
54 5.61683570765581e-08
55 5.61683570765581e-08
56 5.61683570765581e-08
57 5.61683570765581e-08
58 5.61683570765581e-08
59 5.61683570765581e-08
60 5.61683570765581e-08
61 5.61683570765581e-08
62 5.61683570765581e-08
63 5.61683570765581e-08
