0 3.42743158340454
1 3.31554818153381
2 2.98713159561157
3 2.57589316368103
4 2.1929178237915
5 2.05794501304626
6 1.70745527744293
7 1.60895943641663
8 1.41473317146301
9 1.37094748020172
10 1.3338098526001
11 1.28535878658295
12 1.18799269199371
13 1.16023325920105
14 1.11321878433228
15 1.00341665744781
16 0.975348234176636
17 0.967782557010651
18 0.905440211296082
19 0.851972997188568
20 0.847046196460724
21 0.808684349060059
22 0.772074818611145
23 0.697431623935699
24 0.654140412807465
25 0.602497696876526
26 0.524399161338806
27 0.484063893556595
28 0.45039975643158
29 0.369649261236191
30 9.07934065708105e-07
31 8.19030958609801e-07
