0 0.673004984855652
1 0.616454720497131
2 0.609988987445831
3 0.536827802658081
4 0.502354383468628
5 0.469183057546616
6 0.341528058052063
7 0.305556505918503
8 0.288340866565704
9 0.275136172771454
10 0.254105269908905
11 0.25219264626503
12 0.241657018661499
13 0.235793709754944
14 0.218929424881935
15 0.205664217472076
16 0.198419779539108
17 0.187109336256981
18 0.180938512086868
19 0.16179484128952
20 0.153951868414879
21 0.151345014572144
22 0.144087210297585
23 0.136812210083008
24 0.130242079496384
25 0.125958949327469
26 0.116465732455254
27 0.106748670339584
28 0.0877808928489685
29 0.0674117282032967
30 1.65650902772541e-07
31 1.60456892217553e-07
