0 0.887802839279175
1 0.51438969373703
2 0.446580946445465
3 0.312713325023651
4 0.270364940166473
5 0.241866618394852
6 0.220097154378891
7 0.184854343533516
8 0.15164253115654
9 0.135557875037193
10 0.101110227406025
11 0.100759737193584
12 0.0866712778806686
13 0.0721737742424011
14 0.0692030191421509
15 0.057569831609726
16 0.0467094704508781
17 0.037734504789114
18 0.0317097119987011
19 0.0255795978009701
20 0.0170203037559986
21 0.0168597474694252
22 0.0132243009284139
23 0.0104889012873173
24 0.0070308237336576
25 0.00632387539371848
26 0.00403691409155726
27 0.00247272453270853
28 0.00143568171188235
29 2.34843828366138e-05
30 5.72355602912467e-08
31 3.7898853832985e-08
32 3.7898853832985e-08
33 3.7898853832985e-08
34 3.7898853832985e-08
35 3.7898853832985e-08
36 3.7898853832985e-08
37 3.7898853832985e-08
38 3.7898853832985e-08
39 3.7898853832985e-08
40 3.7898853832985e-08
41 3.7898853832985e-08
42 3.7898853832985e-08
43 3.7898853832985e-08
44 3.7898853832985e-08
45 3.7898853832985e-08
46 3.7898853832985e-08
47 3.7898853832985e-08
48 3.7898853832985e-08
49 3.7898853832985e-08
50 3.7898853832985e-08
51 3.7898853832985e-08
52 3.7898853832985e-08
53 3.7898853832985e-08
54 3.7898853832985e-08
55 3.7898853832985e-08
56 3.7898853832985e-08
57 3.7898853832985e-08
58 3.7898853832985e-08
59 3.7898853832985e-08
60 3.7898853832985e-08
61 3.7898853832985e-08
62 3.7898853832985e-08
63 3.7898853832985e-08
