0 0.521959722042084
1 0.501804232597351
2 0.487569093704224
3 0.397936940193176
4 0.362174034118652
5 0.343474835157394
6 0.283169209957123
7 0.252131074666977
8 0.245160311460495
9 0.240284770727158
10 0.231399223208427
11 0.21326519548893
12 0.204169064760208
13 0.195496693253517
14 0.186589494347572
15 0.181652769446373
16 0.169187515974045
17 0.16756097972393
18 0.162041142582893
19 0.145505622029305
20 0.143706366419792
21 0.130417943000793
22 0.129050970077515
23 0.118672534823418
24 0.113334342837334
25 0.103700436651707
26 0.100170612335205
27 0.0946474596858025
28 0.0782415643334389
29 0.0727096274495125
30 2.87408340682305e-07
31 1.24056811046103e-07
