0 1.4812958240509
1 1.31931161880493
2 1.25618731975555
3 1.20995569229126
4 1.17941296100616
5 1.0944412946701
6 1.06818270683289
7 1.00828492641449
8 0.929841816425323
9 0.921101927757263
10 0.876885414123535
11 0.8060422539711
12 0.789901494979858
13 0.745642900466919
14 0.652995526790619
15 0.605512499809265
16 0.524564802646637
17 0.5155348777771
18 0.471088379621506
19 0.457873195409775
20 0.402226150035858
21 0.358829528093338
22 0.292502701282501
23 0.254256188869476
24 0.189848691225052
25 0.177945896983147
26 0.175255164504051
27 0.151499554514885
28 0.0884054824709892
29 0.0651783496141434
30 0.0282527506351471
31 2.18872514778923e-07
