0 7.48347330093384
1 4.83198261260986
2 4.23608303070068
3 3.20232796669006
4 2.09902453422546
5 1.76431477069855
6 1.5312864780426
7 1.34914398193359
8 1.16349422931671
9 1.04896831512451
10 0.878341376781464
11 0.702623724937439
12 0.609142363071442
13 0.537236154079437
14 0.498083353042603
15 0.362410843372345
16 0.334292501211166
17 0.291492968797684
18 0.262835115194321
19 0.196751430630684
20 0.167211756110191
21 0.134026542305946
22 0.110624767839909
23 0.0888760685920715
24 0.0594381131231785
25 0.0404348634183407
26 0.0221452303230762
27 0.00965307559818029
28 0.00669400813058019
29 0.000903672305867076
30 4.47008829951301e-07
31 3.17510711056457e-07
32 3.17510711056457e-07
33 3.17510711056457e-07
34 3.17510711056457e-07
35 3.17510711056457e-07
36 3.17510711056457e-07
37 3.17510711056457e-07
38 3.17510711056457e-07
39 3.17510711056457e-07
40 3.17510711056457e-07
41 3.17510711056457e-07
42 3.17510711056457e-07
43 3.17510711056457e-07
44 3.17510711056457e-07
45 3.17510711056457e-07
46 3.17510711056457e-07
47 3.17510711056457e-07
48 3.17510711056457e-07
49 3.17510711056457e-07
50 3.17510711056457e-07
51 3.17510711056457e-07
52 3.17510711056457e-07
53 3.17510711056457e-07
54 3.17510711056457e-07
55 3.17510711056457e-07
56 3.17510711056457e-07
57 3.17510711056457e-07
58 3.17510711056457e-07
59 3.17510711056457e-07
60 3.17510711056457e-07
61 3.17510711056457e-07
62 3.17510711056457e-07
63 3.17510711056457e-07
