0 1.35195469856262
1 0.991331875324249
2 0.708586513996124
3 0.639256417751312
4 0.602111041545868
5 0.439284026622772
6 0.339799821376801
7 0.324597656726837
8 0.212617501616478
9 0.191041991114616
10 0.176185756921768
11 0.144502520561218
12 0.125272646546364
13 0.103013314306736
14 0.0840493589639664
15 0.0752431526780128
16 0.053545817732811
17 0.0502147674560547
18 0.0447785593569279
19 0.0355975367128849
20 0.0278441458940506
21 0.0238498486578465
22 0.0163312274962664
23 0.0129664773121476
24 0.00837375596165657
25 0.00568576483055949
26 0.00369975809007883
27 0.00233790068887174
28 0.00113798212260008
29 3.34670839947648e-05
30 1.22153622328369e-07
31 6.56937331200425e-08
32 6.56937331200425e-08
33 6.56937331200425e-08
34 6.56937331200425e-08
35 6.56937331200425e-08
36 6.56937331200425e-08
37 6.56937331200425e-08
38 6.56937331200425e-08
39 6.56937331200425e-08
40 6.56937331200425e-08
41 6.56937331200425e-08
42 6.56937331200425e-08
43 6.56937331200425e-08
44 6.56937331200425e-08
45 6.56937331200425e-08
46 6.56937331200425e-08
47 6.56937331200425e-08
48 6.56937331200425e-08
49 6.56937331200425e-08
50 6.56937331200425e-08
51 6.56937331200425e-08
52 6.56937331200425e-08
53 6.56937331200425e-08
54 6.56937331200425e-08
55 6.56937331200425e-08
56 6.56937331200425e-08
57 6.56937331200425e-08
58 6.56937331200425e-08
59 6.56937331200425e-08
60 6.56937331200425e-08
61 6.56937331200425e-08
62 6.56937331200425e-08
63 6.56937331200425e-08
