0 0.26589760184288
1 0.261211603879929
2 0.241689652204514
3 0.237139970064163
4 0.209836050868034
5 0.201644599437714
6 0.186602234840393
7 0.167556613683701
8 0.163127273321152
9 0.150407046079636
10 0.149052768945694
11 0.133694097399712
12 0.125388100743294
13 0.11399956792593
14 0.106313906610012
15 0.105394385755062
16 0.0892442837357521
17 0.0867138355970383
18 0.0815669074654579
19 0.0739294216036797
20 0.0706301927566528
21 0.0620484985411167
22 0.0567521899938583
23 0.0506936125457287
24 0.0433896519243717
25 0.0402867905795574
26 0.0298653431236744
27 0.0226239636540413
28 0.018166895955801
29 0.00696794595569372
30 0.00173079094383866
31 9.88768036336296e-08
