0 7611.939453125
1 12.1123638153076
2 7.40843677520752
3 6.68205738067627
4 6.15791463851929
5 5.29132699966431
6 2.85349106788635
7 2.45039963722229
8 2.25404238700867
9 1.84639024734497
10 1.54573357105255
11 1.36622226238251
12 1.21029889583588
13 0.997935116291046
14 0.868334352970123
15 0.713132083415985
16 0.563454985618591
17 0.371772587299347
18 0.320513427257538
19 0.302563279867172
20 0.247536793351173
21 0.217760249972343
22 0.174787819385529
23 0.163651496171951
24 0.104321084916592
25 0.066519133746624
26 0.0637605711817741
27 0.0423430129885674
28 0.0201683975756168
29 0.0173025764524937
30 0.0113075664266944
31 0.000895404780749232
32 0.000786180607974529
33 0.000446039164671674
34 0.000446039164671674
35 0.000446039164671674
36 0.000446039164671674
37 0.000446039164671674
38 0.000446039164671674
39 0.000446039164671674
40 0.000446039164671674
41 0.000446039164671674
42 0.000446039164671674
43 0.000446039164671674
44 0.000446039164671674
45 0.000446039164671674
46 0.000446039164671674
47 0.000446039164671674
48 0.000446039164671674
49 0.000446039164671674
50 0.000446039164671674
51 0.000446039164671674
52 0.000446039164671674
53 0.000446039164671674
54 0.000446039164671674
55 0.000446039164671674
56 0.000446039164671674
57 0.000446039164671674
58 0.000446039164671674
59 0.000446039164671674
60 0.000446039164671674
61 0.000446039164671674
62 0.000446039164671674
63 0.000222191054490395
