0 3.51535534858704
1 3.46328711509705
2 3.36173486709595
3 3.09481954574585
4 2.78980398178101
5 2.24352264404297
6 2.14721179008484
7 1.7441657781601
8 1.69856595993042
9 1.5775191783905
10 1.40422368049622
11 1.35498750209808
12 1.3166561126709
13 1.20422673225403
14 1.17900884151459
15 1.11198091506958
16 1.05909311771393
17 1.02095949649811
18 0.978990435600281
19 0.95133638381958
20 0.879932045936584
21 0.863480091094971
22 0.780144214630127
23 0.694648683071136
24 0.673908293247223
25 0.633427739143372
26 0.520626783370972
27 0.506383776664734
28 0.470783203840256
29 0.402286052703857
30 1.95538905245485e-06
31 9.61508135333133e-07
