0 1.46884298324585
1 1.42981481552124
2 1.32802617549896
3 1.26330935955048
4 1.12239801883698
5 1.09001898765564
6 1.04096019268036
7 1.00793051719666
8 0.988092958927155
9 0.919884264469147
10 0.865792870521545
11 0.828430414199829
12 0.784168004989624
13 0.6983283162117
14 0.619935572147369
15 0.60787707567215
16 0.588900923728943
17 0.506722033023834
18 0.469656735658646
19 0.460437685251236
20 0.401983201503754
21 0.371611982584
22 0.324148684740067
23 0.278460890054703
24 0.249180302023888
25 0.232285663485527
26 0.1800307482481
27 0.170733332633972
28 0.108409129083157
29 0.0524667166173458
30 0.0445890352129936
31 2.18571685195457e-07
