0 3.79142022132874
1 3.61523985862732
2 3.52272319793701
3 3.19461631774902
4 2.86505651473999
5 2.55553984642029
6 1.93384838104248
7 1.70560252666473
8 1.67025554180145
9 1.56764698028564
10 1.48246347904205
11 1.40797579288483
12 1.34040200710297
13 1.28930175304413
14 1.22004842758179
15 1.19139719009399
16 1.06970679759979
17 1.0277658700943
18 0.98395562171936
19 0.910123586654663
20 0.890804171562195
21 0.794717669487
22 0.772121489048004
23 0.724028289318085
24 0.662029147148132
25 0.653087019920349
26 0.579528331756592
27 0.557039678096771
28 0.514865815639496
29 0.450192272663116
30 1.2572984360304e-06
31 9.89815021057439e-07
