0 1.46859622001648
1 1.41966784000397
2 1.33420491218567
3 1.25585865974426
4 1.20963335037231
5 1.14536988735199
6 1.0220353603363
7 0.976882934570312
8 0.937264382839203
9 0.868561923503876
10 0.847400665283203
11 0.798902809619904
12 0.752485573291779
13 0.707888841629028
14 0.683264136314392
15 0.616710543632507
16 0.595420122146606
17 0.586168527603149
18 0.566900551319122
19 0.483403027057648
20 0.444795966148376
21 0.366133838891983
22 0.324599742889404
23 0.279070317745209
24 0.23457171022892
25 0.191659823060036
26 0.186743408441544
27 0.169383004307747
28 0.156726658344269
29 0.054888941347599
30 0.0201127063483
31 7.82438632995763e-07
