0 7.80670070648193
1 7.0093355178833
2 4.06637239456177
3 3.57276701927185
4 2.52103352546692
5 2.06094980239868
6 1.74445354938507
7 1.55806851387024
8 1.38568878173828
9 1.28960990905762
10 1.0645147562027
11 0.911994576454163
12 0.710620880126953
13 0.640520811080933
14 0.574032664299011
15 0.511769413948059
16 0.437704652547836
17 0.30519700050354
18 0.289995759725571
19 0.217608496546745
20 0.179944470524788
21 0.14179739356041
22 0.125673085451126
23 0.0953684225678444
24 0.062653012573719
25 0.0364178903400898
26 0.0324859768152237
27 0.0112909190356731
28 0.00677493680268526
29 0.00236342707648873
30 5.84950214488344e-07
31 3.14594444716931e-07
32 3.14594444716931e-07
33 3.14594444716931e-07
34 3.14594444716931e-07
35 3.14594444716931e-07
36 3.14594444716931e-07
37 3.14594444716931e-07
38 3.14594444716931e-07
39 3.14594444716931e-07
40 3.14594444716931e-07
41 3.14594444716931e-07
42 3.14594444716931e-07
43 3.14594444716931e-07
44 3.14594444716931e-07
45 3.14594444716931e-07
46 3.14594444716931e-07
47 3.14594444716931e-07
48 3.14594444716931e-07
49 3.14594444716931e-07
50 3.14594444716931e-07
51 3.14594444716931e-07
52 3.14594444716931e-07
53 3.14594444716931e-07
54 3.14594444716931e-07
55 3.14594444716931e-07
56 3.14594444716931e-07
57 3.14594444716931e-07
58 3.14594444716931e-07
59 3.14594444716931e-07
60 3.14594444716931e-07
61 3.14594444716931e-07
62 3.14594444716931e-07
63 3.14594444716931e-07
