0 0.237928330898285
1 0.233621671795845
2 0.221333608031273
3 0.213454931974411
4 0.206187590956688
5 0.195044100284576
6 0.17842148244381
7 0.17082554101944
8 0.162310853600502
9 0.155726835131645
10 0.153596669435501
11 0.147509500384331
12 0.137042254209518
13 0.128629595041275
14 0.110283337533474
15 0.102509222924709
16 0.0991948246955872
17 0.094446949660778
18 0.0911059007048607
19 0.0848210453987122
20 0.0807201415300369
21 0.0639133676886559
22 0.0545451976358891
23 0.0510742105543613
24 0.039447084069252
25 0.0350772961974144
26 0.0318969339132309
27 0.0206630267202854
28 0.0189637448638678
29 0.0134854009374976
30 0.00316026597283781
31 9.5009113465494e-08
