0 0.66479629278183
1 0.60129725933075
2 0.582794368267059
3 0.474747240543365
4 0.444184571504593
5 0.36479789018631
6 0.346378684043884
7 0.313240855932236
8 0.301225811243057
9 0.285020351409912
10 0.265208005905151
11 0.257281869649887
12 0.240434467792511
13 0.230453491210938
14 0.219057619571686
15 0.205741614103317
16 0.20327752828598
17 0.187190011143684
18 0.183357253670692
19 0.168881088495255
20 0.159090116620064
21 0.157756835222244
22 0.145815297961235
23 0.142126202583313
24 0.134251967072487
25 0.126836478710175
26 0.114263527095318
27 0.106870219111443
28 0.098719909787178
29 0.0741612389683723
30 2.29120928452176e-07
31 1.38902990443057e-07
