0 0.599444806575775
1 0.563272297382355
2 0.555855333805084
3 0.512324452400208
4 0.379500359296799
5 0.358274698257446
6 0.318244576454163
7 0.304604381322861
8 0.291164427995682
9 0.270113348960876
10 0.258949786424637
11 0.226465567946434
12 0.221263393759727
13 0.203295260667801
14 0.197512581944466
15 0.195911318063736
16 0.186308622360229
17 0.174064457416534
18 0.161592960357666
19 0.1591677069664
20 0.145867913961411
21 0.136314257979393
22 0.128864824771881
23 0.124722622334957
24 0.115554824471474
25 0.112107805907726
26 0.110422343015671
27 0.0858265832066536
28 0.0788097530603409
29 0.0756927952170372
30 1.57958794488877e-07
31 1.04315653004505e-07
