0 8090.0283203125
1 7.80444002151489
2 4.51016759872437
3 3.90007185935974
4 3.49722361564636
5 2.67430377006531
6 2.29511189460754
7 1.7031706571579
8 1.36904084682465
9 1.25408816337585
10 1.18474876880646
11 1.01960825920105
12 0.876658320426941
13 0.702829599380493
14 0.544115126132965
15 0.460085213184357
16 0.38127875328064
17 0.317994475364685
18 0.272459745407104
19 0.245866522192955
20 0.223761022090912
21 0.185564294457436
22 0.157130435109138
23 0.126337751746178
24 0.118894629180431
25 0.084839940071106
26 0.0570436120033264
27 0.0431193076074123
28 0.018405782058835
29 0.0118034677579999
30 0.00086410908261314
31 0.000574924342799932
32 0.000478709262097254
33 0.000478709262097254
34 0.000478709262097254
35 0.000478709262097254
36 0.000478709262097254
37 0.000478709262097254
38 0.000478709262097254
39 0.000478709262097254
40 0.000478709262097254
41 0.000478709262097254
42 0.000478709262097254
43 0.000478709262097254
44 0.000478709262097254
45 0.000478709262097254
46 0.000478709262097254
47 0.000478709262097254
48 0.000478709262097254
49 0.000478709262097254
50 0.000478709262097254
51 0.000478709262097254
52 0.000478709262097254
53 0.000478709262097254
54 0.000478709262097254
55 0.000478709262097254
56 0.000478709262097254
57 0.000478709262097254
58 0.000478709262097254
59 0.000478709262097254
60 0.000478709262097254
61 0.000478709262097254
62 0.000478709262097254
63 0.000246521638473496
