0 0.623223304748535
1 0.621484279632568
2 0.561045408248901
3 0.546490252017975
4 0.47128763794899
5 0.407572478055954
6 0.335693061351776
7 0.314680337905884
8 0.294169694185257
9 0.285547226667404
10 0.259489476680756
11 0.253247618675232
12 0.226248323917389
13 0.221034020185471
14 0.211871385574341
15 0.19991759955883
16 0.191437259316444
17 0.175338804721832
18 0.173092752695084
19 0.162498742341995
20 0.150837376713753
21 0.144097834825516
22 0.13665334880352
23 0.123018570244312
24 0.11475732177496
25 0.109544418752193
26 0.0957417860627174
27 0.0910365581512451
28 0.0865964218974113
29 0.0754581019282341
30 1.67935766626215e-07
31 6.11101853564833e-08
