0 0.236280858516693
1 0.223978504538536
2 0.217784196138382
3 0.206525802612305
4 0.198501423001289
5 0.175993144512177
6 0.170746758580208
7 0.161029532551765
8 0.158862188458443
9 0.144018858671188
10 0.137115657329559
11 0.130908459424973
12 0.124657176434994
13 0.118386946618557
14 0.109725408256054
15 0.105974406003952
16 0.0981742590665817
17 0.0912724658846855
18 0.0823058113455772
19 0.075480155646801
20 0.0708565562963486
21 0.0646228566765785
22 0.0548216961324215
23 0.0519586130976677
24 0.0440579764544964
25 0.0373934432864189
26 0.0277643911540508
27 0.0211753193289042
28 0.01458162907511
29 0.0113608576357365
30 0.00287662446498871
31 2.48809186587096e-07
