0 0.802066564559937
1 0.641424596309662
2 0.461301952600479
3 0.427331537008286
4 0.334376692771912
5 0.289185434579849
6 0.249678254127502
7 0.24433496594429
8 0.188279926776886
9 0.167956471443176
10 0.143891602754593
11 0.120944149792194
12 0.111937046051025
13 0.0772413536906242
14 0.0725297555327415
15 0.065002553164959
16 0.0611305572092533
17 0.051480557769537
18 0.0393264852464199
19 0.0358467064797878
20 0.0288342200219631
21 0.0201605651527643
22 0.0157215055078268
23 0.0115573303773999
24 0.0104248533025384
25 0.00906257890164852
26 0.00498924264684319
27 0.00433754362165928
28 0.00101008941419423
29 0.000228420758503489
30 6.50208633601324e-08
31 4.53814692491505e-08
32 4.4110890939919e-08
33 3.71628132711521e-08
34 3.68094283942355e-08
35 3.68094283942355e-08
36 3.68094283942355e-08
37 3.68094283942355e-08
38 3.68094283942355e-08
39 3.68094283942355e-08
40 3.68094283942355e-08
41 3.68094283942355e-08
42 3.68094283942355e-08
43 3.68094283942355e-08
44 3.68094283942355e-08
45 3.68094283942355e-08
46 3.68094283942355e-08
47 3.68094283942355e-08
48 3.68094283942355e-08
49 3.68094283942355e-08
50 3.68094283942355e-08
51 3.68094283942355e-08
52 3.68094283942355e-08
53 3.68094283942355e-08
54 3.68094283942355e-08
55 3.68094283942355e-08
56 3.68094283942355e-08
57 3.68094283942355e-08
58 3.68094283942355e-08
59 3.68094283942355e-08
60 3.68094283942355e-08
61 3.68094283942355e-08
62 3.68094283942355e-08
63 2.70766840060332e-08
