0 0.61553955078125
1 0.573258519172668
2 0.522659420967102
3 0.440393030643463
4 0.41532826423645
5 0.30943974852562
6 0.295815825462341
7 0.275332123041153
8 0.270416408777237
9 0.268387317657471
10 0.246199086308479
11 0.230723053216934
12 0.217170044779778
13 0.210765406489372
14 0.194883659482002
15 0.189132437109947
16 0.187098249793053
17 0.177449077367783
18 0.171824008226395
19 0.155998229980469
20 0.14701184630394
21 0.143088117241859
22 0.135339051485062
23 0.119964726269245
24 0.119107864797115
25 0.108407720923424
26 0.105178013443947
27 0.0868140235543251
28 0.0785082206130028
29 0.0665870606899261
30 1.84499256761228e-07
31 1.22878930142178e-07
