0 8335.3310546875
1 9.66336441040039
2 5.12312078475952
3 3.22110366821289
4 2.6124267578125
5 2.37521028518677
6 2.08077812194824
7 1.64264702796936
8 1.40343964099884
9 1.39708948135376
10 1.06005764007568
11 0.924218475818634
12 0.824019312858582
13 0.707803845405579
14 0.621839225292206
15 0.490204691886902
16 0.411984086036682
17 0.362286061048508
18 0.330529123544693
19 0.273497313261032
20 0.239898219704628
21 0.180985912680626
22 0.116292767226696
23 0.105755761265755
24 0.0848165452480316
25 0.0605665780603886
26 0.0564047321677208
27 0.0413345284759998
28 0.0304097402840853
29 0.0181853901594877
30 0.00102333084214479
31 0.000765187025535852
32 0.000491649843752384
33 0.000491649843752384
34 0.000491649843752384
35 0.000491649843752384
36 0.000491649843752384
37 0.000491649843752384
38 0.000491649843752384
39 0.000491649843752384
40 0.000491649843752384
41 0.000491649843752384
42 0.000491649843752384
43 0.000491649843752384
44 0.000491649843752384
45 0.000491649843752384
46 0.000491649843752384
47 0.000491649843752384
48 0.000491649843752384
49 0.000491649843752384
50 0.000491649843752384
51 0.000491649843752384
52 0.000491649843752384
53 0.000491649843752384
54 0.000491649843752384
55 0.000491649843752384
56 0.000491649843752384
57 0.000491649843752384
58 0.000491649843752384
59 0.000491649843752384
60 0.000491649843752384
61 0.000491649843752384
62 0.000491649843752384
63 0.00034242807305418
