0 0.617686927318573
1 0.578892409801483
2 0.521727085113525
3 0.468701153993607
4 0.439026206731796
5 0.319625616073608
6 0.306807696819305
7 0.282120436429977
8 0.273794829845428
9 0.258747458457947
10 0.244385197758675
11 0.235395014286041
12 0.213091477751732
13 0.210801750421524
14 0.196352705359459
15 0.189715251326561
16 0.186520650982857
17 0.176179602742195
18 0.168759062886238
19 0.161516353487968
20 0.148700892925262
21 0.14277271926403
22 0.13348650932312
23 0.126555532217026
24 0.118792466819286
25 0.113568842411041
26 0.103989817202091
27 0.0872132852673531
28 0.0789974182844162
29 0.0669033899903297
30 2.9340878882067e-07
31 1.90869172911334e-07
