0 1.53356206417084
1 1.31512308120728
2 1.28369915485382
3 1.22410047054291
4 1.14985430240631
5 1.00751233100891
6 0.996868014335632
7 0.958874046802521
8 0.940707683563232
9 0.914685606956482
10 0.836418271064758
11 0.814590871334076
12 0.771805167198181
13 0.746329665184021
14 0.662847459316254
15 0.622463703155518
16 0.547936320304871
17 0.495836585760117
18 0.486183106899261
19 0.461340397596359
20 0.401261866092682
21 0.376199305057526
22 0.342274487018585
23 0.267361611127853
24 0.247003212571144
25 0.226313054561615
26 0.187055945396423
27 0.141678437590599
28 0.0977749601006508
29 0.0465283580124378
30 0.0140173751860857
31 7.89445891768992e-07
