0 8430.4365234375
1 7.18684196472168
2 5.52035760879517
3 3.70482349395752
4 3.35097765922546
5 2.61793661117554
6 2.26161479949951
7 2.08266925811768
8 1.44953548908234
9 1.28515493869781
10 1.05755054950714
11 0.98046737909317
12 0.946745991706848
13 0.915846705436707
14 0.587092339992523
15 0.470619440078735
16 0.427901685237885
17 0.343283891677856
18 0.309933990240097
19 0.246990248560905
20 0.211233556270599
21 0.184520676732063
22 0.163778901100159
23 0.109699070453644
24 0.0965462550520897
25 0.0815894827246666
26 0.0537032224237919
27 0.0472255349159241
28 0.0186089556664228
29 0.00700224377214909
30 0.00504419859498739
31 0.000726662168744951
32 0.000496721128001809
33 0.000496721128001809
34 0.000496721128001809
35 0.000496721128001809
36 0.000496721128001809
37 0.000496721128001809
38 0.000496721128001809
39 0.000496721128001809
40 0.000496721128001809
41 0.000496721128001809
42 0.000496721128001809
43 0.000496721128001809
44 0.000496721128001809
45 0.000496721128001809
46 0.000496721128001809
47 0.000496721128001809
48 0.000496721128001809
49 0.000496721128001809
50 0.000496721128001809
51 0.000496721128001809
52 0.000496721128001809
53 0.000496721128001809
54 0.000496721128001809
55 0.000496721128001809
56 0.000496721128001809
57 0.000496721128001809
58 0.000496721128001809
59 0.000496721128001809
60 0.000496721128001809
61 0.000496721128001809
62 0.000496721128001809
63 0.000474961387226358
