0 0.606841921806335
1 0.602381408214569
2 0.540006577968597
3 0.477376848459244
4 0.40381196141243
5 0.375615179538727
6 0.324378252029419
7 0.315211057662964
8 0.288710117340088
9 0.272940337657928
10 0.257623553276062
11 0.240904480218887
12 0.219526499509811
13 0.209313258528709
14 0.202537387609482
15 0.192523464560509
16 0.180359452962875
17 0.17307049036026
18 0.166216522455215
19 0.162033870816231
20 0.150594174861908
21 0.138355910778046
22 0.135277420282364
23 0.126575067639351
24 0.122635319828987
25 0.113648794591427
26 0.10138837993145
27 0.0956116691231728
28 0.0779010131955147
29 0.0618734769523144
30 7.56557540171343e-07
31 1.77919474708688e-07
