0 7476.8359375
1 12.6117382049561
2 7.79408311843872
3 7.13969993591309
4 6.07509088516235
5 4.77827167510986
6 3.46137976646423
7 2.69759178161621
8 2.2758584022522
9 1.74812984466553
10 1.54468607902527
11 1.3158917427063
12 1.07401537895203
13 0.914048433303833
14 0.640334606170654
15 0.61341780424118
16 0.530250012874603
17 0.493237793445587
18 0.463384747505188
19 0.314594864845276
20 0.29961222410202
21 0.261180907487869
22 0.169508159160614
23 0.157831773161888
24 0.0956426039338112
25 0.0918713882565498
26 0.0756644383072853
27 0.0547288879752159
28 0.0401267744600773
29 0.0227484237402678
30 0.00483185425400734
31 0.000440940639236942
32 0.00043605177779682
33 0.00043605177779682
34 0.00043605177779682
35 0.00043605177779682
36 0.00043605177779682
37 0.00043605177779682
38 0.00043605177779682
39 0.00043605177779682
40 0.00043605177779682
41 0.00043605177779682
42 0.00043605177779682
43 0.00043605177779682
44 0.00043605177779682
45 0.00043605177779682
46 0.00043605177779682
47 0.00043605177779682
48 0.00043605177779682
49 0.00043605177779682
50 0.00043605177779682
51 0.00043605177779682
52 0.00043605177779682
53 0.00043605177779682
54 0.00043605177779682
55 0.00043605177779682
56 0.00043605177779682
57 0.00043605177779682
58 0.00043605177779682
59 0.00043605177779682
60 0.00043605177779682
61 0.00043605177779682
62 0.00043605177779682
63 0.00036297453334555
