0 0.594935059547424
1 0.552266657352448
2 0.495673030614853
3 0.427768439054489
4 0.385330647230148
5 0.338149130344391
6 0.30121061205864
7 0.284376949071884
8 0.270808190107346
9 0.260637789964676
10 0.242011979222298
11 0.228120982646942
12 0.205934897065163
13 0.201363369822502
14 0.19129104912281
15 0.18792250752449
16 0.179513797163963
17 0.170064032077789
18 0.161244973540306
19 0.158177241683006
20 0.153006300330162
21 0.142898321151733
22 0.133208125829697
23 0.123851917684078
24 0.113983854651451
25 0.10330006480217
26 0.0967877060174942
27 0.0884060338139534
28 0.0786909833550453
29 0.0630646720528603
30 2.26030053340764e-07
31 1.17627280360466e-07
