0 1.47556972503662
1 1.36280381679535
2 1.20732128620148
3 1.1864138841629
4 1.13483214378357
5 1.09452712535858
6 1.08112418651581
7 1.00800240039825
8 0.913376092910767
9 0.887847781181335
10 0.801846504211426
11 0.775496542453766
12 0.729613065719604
13 0.701868772506714
14 0.66630882024765
15 0.614104568958282
16 0.555658936500549
17 0.534794569015503
18 0.496582210063934
19 0.449835121631622
20 0.399374961853027
21 0.359995186328888
22 0.351102292537689
23 0.283371210098267
24 0.257631629705429
25 0.225777015089989
26 0.183616250753403
27 0.141785085201263
28 0.0888020396232605
29 0.0833961367607117
30 0.000571656855754554
31 6.84329449995857e-07
