0 0.260846346616745
1 0.24091200530529
2 0.213426411151886
3 0.209730297327042
4 0.200611770153046
5 0.193486854434013
6 0.191117614507675
7 0.178191304206848
8 0.161463558673859
9 0.156950771808624
10 0.141747802495956
11 0.137089729309082
12 0.128978595137596
13 0.124074026942253
14 0.117787875235081
15 0.108559355139732
16 0.0982275456190109
17 0.0945392325520515
18 0.0877842083573341
19 0.0795204192399979
20 0.0706001818180084
21 0.063638761639595
22 0.0620667114853859
23 0.0500934533774853
24 0.0455432869493961
25 0.0399121232330799
26 0.0324590913951397
27 0.0250643026083708
28 0.01569814234972
29 0.0147424973547459
30 0.000101059114967939
31 1.05501932523566e-07
