0 0.250363022089005
1 0.231557875871658
2 0.221538916230202
3 0.215938150882721
4 0.203706786036491
5 0.198349133133888
6 0.184238448739052
7 0.166950166225433
8 0.152460217475891
9 0.149235904216766
10 0.136460721492767
11 0.134297698736191
12 0.121634684503078
13 0.115079186856747
14 0.109518997371197
15 0.105607688426971
16 0.102793104946613
17 0.0970394685864449
18 0.0900640264153481
19 0.0798734351992607
20 0.0728112459182739
21 0.0695861503481865
22 0.058166578412056
23 0.0546767897903919
24 0.0533283650875092
25 0.0439606904983521
26 0.0372870117425919
27 0.0317614302039146
28 0.0156371742486954
29 0.0115487277507782
30 0.00423566484823823
31 9.65554960430381e-08
