0 0.266351997852325
1 0.238224148750305
2 0.220629721879959
3 0.21852508187294
4 0.211411729454994
5 0.20611310005188
6 0.189185529947281
7 0.180614486336708
8 0.17952074110508
9 0.162354499101639
10 0.160718664526939
11 0.141514420509338
12 0.135719150304794
13 0.128963395953178
14 0.119331374764442
15 0.109443031251431
16 0.101543210446835
17 0.0917841419577599
18 0.0858601406216621
19 0.0803426802158356
20 0.0733314827084541
21 0.069138266146183
22 0.0523534007370472
23 0.0485454238951206
24 0.0462523102760315
25 0.0402603894472122
26 0.0357242450118065
27 0.0209728796035051
28 0.0131434751674533
29 0.0088940542191267
30 0.00263017090037465
31 1.5675435349749e-07
