0 1.49944770336151
1 1.39326989650726
2 1.32736682891846
3 1.17795431613922
4 1.12820839881897
5 1.063392162323
6 1.01899862289429
7 0.990978956222534
8 0.92657208442688
9 0.912685930728912
10 0.830368340015411
11 0.749946475028992
12 0.713521778583527
13 0.657590568065643
14 0.631790995597839
15 0.597184479236603
16 0.577600657939911
17 0.525120496749878
18 0.518973708152771
19 0.422717064619064
20 0.401636451482773
21 0.363430768251419
22 0.33566814661026
23 0.316803812980652
24 0.254916578531265
25 0.174983903765678
26 0.137616887688637
27 0.125382959842682
28 0.104563668370247
29 0.0487284734845161
30 0.0110838552936912
31 5.96948780184903e-07
