0 5.90568780899048
1 3.71545100212097
2 3.28282713890076
3 2.23413920402527
4 1.84197640419006
5 1.65393853187561
6 1.60073411464691
7 1.16647231578827
8 1.00306951999664
9 0.901567876338959
10 0.746843457221985
11 0.630368173122406
12 0.560300409793854
13 0.471194624900818
14 0.38603487610817
15 0.355928480625153
16 0.306456089019775
17 0.28599140048027
18 0.233676701784134
19 0.198327288031578
20 0.118779450654984
21 0.103883929550648
22 0.0964071452617645
23 0.083669401705265
24 0.0652019903063774
25 0.0580436438322067
26 0.0292443986982107
27 0.0145094059407711
28 0.00676173670217395
29 0.00367964198812842
30 5.44088265996834e-07
31 2.50702129278579e-07
32 2.50702129278579e-07
33 2.50702129278579e-07
34 2.50702129278579e-07
35 2.50702129278579e-07
36 2.50702129278579e-07
37 2.50702129278579e-07
38 2.50702129278579e-07
39 2.50702129278579e-07
40 2.50702129278579e-07
41 2.50702129278579e-07
42 2.50702129278579e-07
43 2.50702129278579e-07
44 2.50702129278579e-07
45 2.50702129278579e-07
46 2.50702129278579e-07
47 2.50702129278579e-07
48 2.50702129278579e-07
49 2.50702129278579e-07
50 2.50702129278579e-07
51 2.50702129278579e-07
52 2.50702129278579e-07
53 2.50702129278579e-07
54 2.50702129278579e-07
55 2.50702129278579e-07
56 2.50702129278579e-07
57 2.50702129278579e-07
58 2.50702129278579e-07
59 2.50702129278579e-07
60 2.50702129278579e-07
61 2.50702129278579e-07
62 2.50702129278579e-07
63 2.50702129278579e-07
