0 0.657899618148804
1 0.644788205623627
2 0.604574203491211
3 0.563831269741058
4 0.524003684520721
5 0.477010011672974
6 0.428865164518356
7 0.351576507091522
8 0.329685211181641
9 0.293659657239914
10 0.27940621972084
11 0.250035852193832
12 0.246998623013496
13 0.23766653239727
14 0.222390800714493
15 0.208267733454704
16 0.203121915459633
17 0.191819712519646
18 0.177113994956017
19 0.161783635616302
20 0.156730085611343
21 0.149594888091087
22 0.143631368875504
23 0.132968902587891
24 0.124960348010063
25 0.120315574109554
26 0.0977667346596718
27 0.0866269245743752
28 0.0801032036542892
29 0.0653185322880745
30 3.29084656414125e-07
31 1.56641064563701e-07
