0 1.4635683298111
1 1.37624943256378
2 1.33437764644623
3 1.28251016139984
4 1.16001379489899
5 1.08953034877777
6 1.0373340845108
7 1.00700891017914
8 0.969604969024658
9 0.903913795948029
10 0.832574248313904
11 0.816476464271545
12 0.795902609825134
13 0.767682373523712
14 0.676515877246857
15 0.639768481254578
16 0.568961620330811
17 0.546172916889191
18 0.51361346244812
19 0.489069610834122
20 0.438482582569122
21 0.368629187345505
22 0.343336969614029
23 0.329911053180695
24 0.286098152399063
25 0.239206820726395
26 0.180236101150513
27 0.136906325817108
28 0.118471659719944
29 0.0827706828713417
30 0.0201335474848747
31 1.69176837516716e-06
