0 9110.578125
1 7.98377275466919
2 5.83405065536499
3 4.74475812911987
4 3.89324259757996
5 2.88906407356262
6 1.80473136901855
7 1.40261447429657
8 1.34860217571259
9 1.06303882598877
10 0.961615920066833
11 0.80152416229248
12 0.715961217880249
13 0.598688244819641
14 0.528547823429108
15 0.446296572685242
16 0.373180568218231
17 0.313398152589798
18 0.27488586306572
19 0.258156090974808
20 0.222719848155975
21 0.146440282464027
22 0.113491430878639
23 0.105508282780647
24 0.0868661850690842
25 0.0570422671735287
26 0.0445019043982029
27 0.0271531734615564
28 0.0147660467773676
29 0.0131473736837506
30 0.00205864338204265
31 0.000941448495723307
32 0.000538124819286168
33 0.000538124819286168
34 0.000538124819286168
35 0.000538124819286168
36 0.000538124819286168
37 0.000538124819286168
38 0.000538124819286168
39 0.000538124819286168
40 0.000538124819286168
41 0.000538124819286168
42 0.000538124819286168
43 0.000538124819286168
44 0.000538124819286168
45 0.000538124819286168
46 0.000538124819286168
47 0.000538124819286168
48 0.000538124819286168
49 0.000538124819286168
50 0.000538124819286168
51 0.000538124819286168
52 0.000538124819286168
53 0.000538124819286168
54 0.000538124819286168
55 0.000538124819286168
56 0.000538124819286168
57 0.000538124819286168
58 0.000538124819286168
59 0.000538124819286168
60 0.000538124819286168
61 0.000538124819286168
62 0.000538124819286168
63 0.000184107877430506
