0 0.263235419988632
1 0.256051898002625
2 0.243260875344276
3 0.229006081819534
4 0.219378516077995
5 0.205163955688477
6 0.187222361564636
7 0.180850952863693
8 0.162619411945343
9 0.159994676709175
10 0.157084748148918
11 0.139783844351768
12 0.128609627485275
13 0.121177367866039
14 0.114851363003254
15 0.111530050635338
16 0.107385963201523
17 0.0926048532128334
18 0.0802002623677254
19 0.0755340456962585
20 0.0632375478744507
21 0.0555202886462212
22 0.0487511903047562
23 0.0464066602289677
24 0.0396686010062695
25 0.034849476069212
26 0.0253932718187571
27 0.0179651249200106
28 0.0113555658608675
29 0.00982916913926601
30 0.00389581266790628
31 3.77037338239461e-07
