0 3.70603203773499
1 3.58688163757324
2 3.45453453063965
3 2.90056252479553
4 2.69745850563049
5 2.33522915840149
6 2.10080814361572
7 1.73527538776398
8 1.60391581058502
9 1.54387164115906
10 1.49867522716522
11 1.45592451095581
12 1.426882147789
13 1.29268193244934
14 1.20513224601746
15 1.14558553695679
16 1.11219930648804
17 1.0874410867691
18 0.985905110836029
19 0.913431227207184
20 0.852128624916077
21 0.837469696998596
22 0.77307116985321
23 0.726342678070068
24 0.615647077560425
25 0.600940465927124
26 0.561133921146393
27 0.531190514564514
28 0.486933171749115
29 0.392823308706284
30 1.28938040688809e-06
31 9.53367532474658e-07
