0 8.67953395843506
1 6.24975109100342
2 4.09008598327637
3 3.36073350906372
4 2.98324012756348
5 2.83653330802917
6 2.18735194206238
7 1.65029406547546
8 1.54024696350098
9 1.39972102642059
10 0.964518487453461
11 0.757990777492523
12 0.649626851081848
13 0.644699394702911
14 0.575641691684723
15 0.438053011894226
16 0.369873315095901
17 0.24562232196331
18 0.214318156242371
19 0.179092600941658
20 0.16775293648243
21 0.15326800942421
22 0.0976975858211517
23 0.0838081389665604
24 0.0529424734413624
25 0.0478277057409286
26 0.0282969139516354
27 0.0170682650059462
28 0.0122900251299143
29 0.00502415280789137
30 8.40822167447186e-07
31 4.01104557568033e-07
32 4.01104557568033e-07
33 4.01104557568033e-07
34 4.01104557568033e-07
35 4.01104557568033e-07
36 4.01104557568033e-07
37 4.01104557568033e-07
38 4.01104557568033e-07
39 4.01104557568033e-07
40 4.01104557568033e-07
41 4.01104557568033e-07
42 4.01104557568033e-07
43 4.01104557568033e-07
44 4.01104557568033e-07
45 4.01104557568033e-07
46 4.01104557568033e-07
47 4.01104557568033e-07
48 4.01104557568033e-07
49 4.01104557568033e-07
50 4.01104557568033e-07
51 4.01104557568033e-07
52 4.01104557568033e-07
53 4.01104557568033e-07
54 4.01104557568033e-07
55 4.01104557568033e-07
56 4.01104557568033e-07
57 4.01104557568033e-07
58 4.01104557568033e-07
59 4.01104557568033e-07
60 4.01104557568033e-07
61 4.01104557568033e-07
62 4.01104557568033e-07
63 4.01104557568033e-07
