0 1.43516540527344
1 1.34972214698792
2 1.28250908851624
3 1.24080550670624
4 1.14647793769836
5 1.08213007450104
6 1.05901002883911
7 1.00087320804596
8 0.873611450195312
9 0.82667350769043
10 0.757419526576996
11 0.705632030963898
12 0.692106366157532
13 0.653360664844513
14 0.626815319061279
15 0.565938353538513
16 0.508660793304443
17 0.48333403468132
18 0.441937327384949
19 0.420849025249481
20 0.365848898887634
21 0.336890131235123
22 0.319751441478729
23 0.249031245708466
24 0.235817909240723
25 0.183399349451065
26 0.156365394592285
27 0.111689925193787
28 0.0787883773446083
29 0.0329575650393963
30 0.0300257466733456
31 2.39217911257583e-07
