0 8492.798828125
1 9.64402198791504
2 6.1149959564209
3 5.40683174133301
4 4.06604623794556
5 2.85174441337585
6 2.29067063331604
7 2.15610074996948
8 1.70553970336914
9 1.22873735427856
10 1.11094284057617
11 1.06019926071167
12 0.84149044752121
13 0.641160309314728
14 0.54128235578537
15 0.459182560443878
16 0.365451604127884
17 0.317081391811371
18 0.281502574682236
19 0.236071467399597
20 0.166009083390236
21 0.1435836404562
22 0.128849178552628
23 0.105905383825302
24 0.0911257043480873
25 0.0835181251168251
26 0.0690067932009697
27 0.0413006693124771
28 0.0272939316928387
29 0.0161098837852478
30 0.00680621899664402
31 0.00107447698246688
32 0.000498974521178752
33 0.000498974521178752
34 0.000498974521178752
35 0.000498974521178752
36 0.000498974521178752
37 0.000498974521178752
38 0.000498974521178752
39 0.000498974521178752
40 0.000498974521178752
41 0.000498974521178752
42 0.000498974521178752
43 0.000498974521178752
44 0.000498974521178752
45 0.000498974521178752
46 0.000498974521178752
47 0.000498974521178752
48 0.000498974521178752
49 0.000498974521178752
50 0.000498974521178752
51 0.000498974521178752
52 0.000498974521178752
53 0.000498974521178752
54 0.000498974521178752
55 0.000498974521178752
56 0.000498974521178752
57 0.000498974521178752
58 0.000498974521178752
59 0.000498974521178752
60 0.000498974521178752
61 0.000498974521178752
62 0.000498974521178752
63 0.000411557557526976
