0 1.50558614730835
1 1.38100576400757
2 1.31951057910919
3 1.21450221538544
4 1.15016913414001
5 1.05811524391174
6 1.00384783744812
7 0.987056732177734
8 0.93066930770874
9 0.848874747753143
10 0.839105546474457
11 0.789832174777985
12 0.76192969083786
13 0.724392771720886
14 0.681104481220245
15 0.668195962905884
16 0.622255384922028
17 0.593296766281128
18 0.55532169342041
19 0.443212568759918
20 0.416430771350861
21 0.389490187168121
22 0.321534186601639
23 0.296291261911392
24 0.273548871278763
25 0.201527118682861
26 0.130270257592201
27 0.0891327410936356
28 0.0534831434488297
29 0.0494199879467487
30 0.00852893758565187
31 3.83395644121265e-07
