0 1.49367690086365
1 1.41900968551636
2 1.33098804950714
3 1.23397946357727
4 1.18442809581757
5 1.10735583305359
6 1.0617983341217
7 1.00042998790741
8 0.934945404529572
9 0.910508513450623
10 0.870102286338806
11 0.84963846206665
12 0.802761614322662
13 0.73088002204895
14 0.631128668785095
15 0.612966895103455
16 0.542765080928802
17 0.499743491411209
18 0.469223856925964
19 0.445327341556549
20 0.401118129491806
21 0.367033869028091
22 0.327705532312393
23 0.304644882678986
24 0.254206597805023
25 0.169243335723877
26 0.124456457793713
27 0.114046521484852
28 0.0423724465072155
29 0.00917652435600758
30 0.00218245992437005
31 2.91560979803762e-07
