0 0.684921145439148
1 0.605002462863922
2 0.567605495452881
3 0.547157108783722
4 0.45976921916008
5 0.457903921604156
6 0.320298165082932
7 0.313139528036118
8 0.297611057758331
9 0.271928936243057
10 0.263467282056808
11 0.247749701142311
12 0.23719909787178
13 0.21461133658886
14 0.206188142299652
15 0.201307564973831
16 0.19744399189949
17 0.18040244281292
18 0.169086843729019
19 0.158236011862755
20 0.150117009878159
21 0.145888954401016
22 0.137978881597519
23 0.133191719651222
24 0.125285655260086
25 0.113780990242958
26 0.109070114791393
27 0.105359993875027
28 0.0870978385210037
29 0.0779702216386795
30 1.93209416465834e-07
31 1.03653881922128e-07
