0 0.261694192886353
1 0.25299733877182
2 0.227566123008728
3 0.215177461504936
4 0.210006788372993
5 0.200607419013977
6 0.189190804958344
7 0.18094576895237
8 0.169117704033852
9 0.159832820296288
10 0.149349689483643
11 0.140758752822876
12 0.130778893828392
13 0.124834544956684
14 0.115618094801903
15 0.107735946774483
16 0.103048160672188
17 0.0897732153534889
18 0.083771213889122
19 0.0787268951535225
20 0.0684171542525291
21 0.0651680156588554
22 0.0607077330350876
23 0.0529469065368176
24 0.0453613549470901
25 0.0428467467427254
26 0.0345887951552868
27 0.0200621411204338
28 0.0133079467341304
29 0.0121815418824553
30 0.00153009488712996
31 4.8969699406598e-08
