0 9470.18359375
1 12.5585927963257
2 6.31626462936401
3 4.37623596191406
4 3.26208662986755
5 2.40644264221191
6 1.88055658340454
7 1.73063015937805
8 1.4478245973587
9 1.15315330028534
10 0.863458633422852
11 0.778578400611877
12 0.721794724464417
13 0.614897668361664
14 0.545618295669556
15 0.479919821023941
16 0.344736695289612
17 0.306120336055756
18 0.256138175725937
19 0.204054847359657
20 0.196218237280846
21 0.191362142562866
22 0.133087143301964
23 0.0988548547029495
24 0.0809631198644638
25 0.0702697336673737
26 0.0445240922272205
27 0.0403538681566715
28 0.028493732213974
29 0.0163734685629606
30 0.00448927795514464
31 0.00082387012662366
32 0.000559157226234674
33 0.000559157226234674
34 0.000559157226234674
35 0.000559157226234674
36 0.000559157226234674
37 0.000559157226234674
38 0.000559157226234674
39 0.000559157226234674
40 0.000559157226234674
41 0.000559157226234674
42 0.000559157226234674
43 0.000559157226234674
44 0.000559157226234674
45 0.000559157226234674
46 0.000559157226234674
47 0.000559157226234674
48 0.000559157226234674
49 0.000559157226234674
50 0.000559157226234674
51 0.000559157226234674
52 0.000559157226234674
53 0.000559157226234674
54 0.000559157226234674
55 0.000559157226234674
56 0.000559157226234674
57 0.000559157226234674
58 0.000559157226234674
59 0.000559157226234674
60 0.000559157226234674
61 0.000559157226234674
62 0.000559157226234674
63 0.000559157226234674
