0 1.52846658229828
1 1.4422789812088
2 1.27918648719788
3 1.23530113697052
4 1.19452524185181
5 1.15348827838898
6 1.09725666046143
7 1.0465714931488
8 0.957137286663055
9 0.916160106658936
10 0.864991784095764
11 0.850948631763458
12 0.767957150936127
13 0.723710954189301
14 0.677992761135101
15 0.623686552047729
16 0.570795655250549
17 0.544887244701385
18 0.508806884288788
19 0.451762109994888
20 0.407074898481369
21 0.391784697771072
22 0.335187882184982
23 0.287731260061264
24 0.250590652227402
25 0.238838136196136
26 0.173344224691391
27 0.0921863242983818
28 0.0797562077641487
29 0.039715152233839
30 0.00624208012595773
31 8.29166822313709e-07
