0 3.46253705024719
1 3.3638858795166
2 3.3220796585083
3 3.07470989227295
4 2.96425318717957
5 2.28499221801758
6 2.13272666931152
7 1.99835729598999
8 1.67504143714905
9 1.57251667976379
10 1.49350357055664
11 1.42999029159546
12 1.36686873435974
13 1.24900281429291
14 1.22494637966156
15 1.18952655792236
16 1.15054047107697
17 1.06830203533173
18 1.02381587028503
19 0.978658020496368
20 0.870391070842743
21 0.853033125400543
22 0.78745049238205
23 0.691709876060486
24 0.681240081787109
25 0.591652929782867
26 0.511415243148804
27 0.502476096153259
28 0.456854730844498
29 0.413914799690247
30 8.50440073918435e-07
31 8.25533163606451e-07
