0 7938.40576171875
1 18.437931060791
2 8.76899719238281
3 6.65197420120239
4 6.04132890701294
5 4.37543487548828
6 4.09341287612915
7 3.39971685409546
8 2.55960273742676
9 1.93971788883209
10 1.31317102909088
11 1.02205300331116
12 0.837180137634277
13 0.680635511875153
14 0.560871958732605
15 0.501025497913361
16 0.454366952180862
17 0.402126848697662
18 0.272841453552246
19 0.215759828686714
20 0.186528205871582
21 0.181462869048119
22 0.137152403593063
23 0.119969122111797
24 0.0887314602732658
25 0.0783094018697739
26 0.0740458741784096
27 0.0439308248460293
28 0.0431117229163647
29 0.0165790282189846
30 0.00782223790884018
31 0.000800078560132533
32 0.000466574507299811
33 0.000466574507299811
34 0.000466574507299811
35 0.000466574507299811
36 0.000466574507299811
37 0.000466574507299811
38 0.000466574507299811
39 0.000466574507299811
40 0.000466574507299811
41 0.000466574507299811
42 0.000466574507299811
43 0.000466574507299811
44 0.000466574507299811
45 0.000466574507299811
46 0.000466574507299811
47 0.000466574507299811
48 0.000466574507299811
49 0.000466574507299811
50 0.000466574507299811
51 0.000466574507299811
52 0.000466574507299811
53 0.000466574507299811
54 0.000466574507299811
55 0.000466574507299811
56 0.000466574507299811
57 0.000466574507299811
58 0.000466574507299811
59 0.000466574507299811
60 0.000466574507299811
61 0.000466574507299811
62 0.000466574507299811
63 0.00018964713672176
