0 0.601196587085724
1 0.553992569446564
2 0.547725200653076
3 0.427671283483505
4 0.36180767416954
5 0.346380800008774
6 0.297586441040039
7 0.271235942840576
8 0.263343513011932
9 0.254143953323364
10 0.250269055366516
11 0.239496052265167
12 0.229781463742256
13 0.21999479830265
14 0.209119632840157
15 0.196254685521126
16 0.186817020177841
17 0.183688282966614
18 0.171851009130478
19 0.157623395323753
20 0.150802627205849
21 0.142823576927185
22 0.13352607190609
23 0.130887940526009
24 0.122118540108204
25 0.120457656681538
26 0.109736800193787
27 0.102489054203033
28 0.0952496826648712
29 0.0731033980846405
30 1.97307770122279e-07
31 1.7047855749297e-07
