0 0.266894191503525
1 0.252452433109283
2 0.2369324862957
3 0.214448839426041
4 0.20869667828083
5 0.203763827681541
6 0.199166059494019
7 0.19075508415699
8 0.182133674621582
9 0.18161278963089
10 0.162002190947533
11 0.150297299027443
12 0.142210125923157
13 0.1393763422966
14 0.126555219292641
15 0.119274370372295
16 0.115141600370407
17 0.101827464997768
18 0.0965252369642258
19 0.0877835750579834
20 0.0822202786803246
21 0.0802243277430534
22 0.0645189061760902
23 0.0585884749889374
24 0.0469666868448257
25 0.0426993854343891
26 0.0351881273090839
27 0.0326058007776737
28 0.023471912369132
29 0.013246389105916
30 0.00202753534540534
31 2.49960010023642e-07
