0 1.24187159538269
1 0.882584512233734
2 0.716187477111816
3 0.547171115875244
4 0.448109775781631
5 0.359148561954498
6 0.322463810443878
7 0.252472817897797
8 0.233199462294579
9 0.190444245934486
10 0.156539037823677
11 0.151057690382004
12 0.133254483342171
13 0.123459793627262
14 0.10865468531847
15 0.0843430310487747
16 0.0754735469818115
17 0.0582557208836079
18 0.0503407120704651
19 0.0432720892131329
20 0.0317232869565487
21 0.0266826301813126
22 0.0239776317030191
23 0.0222577191889286
24 0.0121272625401616
25 0.0106598567217588
26 0.00760208442807198
27 0.00688598211854696
28 0.00182783138006926
29 0.000245178060140461
30 1.07631677792597e-07
31 4.67097471812394e-08
32 4.67097471812394e-08
33 4.67097471812394e-08
34 4.67097471812394e-08
35 4.67097471812394e-08
36 4.67097471812394e-08
37 4.67097471812394e-08
38 4.67097471812394e-08
39 4.67097471812394e-08
40 4.67097471812394e-08
41 4.67097471812394e-08
42 4.67097471812394e-08
43 4.67097471812394e-08
44 4.67097471812394e-08
45 4.67097471812394e-08
46 4.67097471812394e-08
47 4.67097471812394e-08
48 4.67097471812394e-08
49 4.67097471812394e-08
50 4.67097471812394e-08
51 4.67097471812394e-08
52 4.67097471812394e-08
53 4.67097471812394e-08
54 4.67097471812394e-08
55 4.67097471812394e-08
56 4.67097471812394e-08
57 4.67097471812394e-08
58 4.67097471812394e-08
59 4.67097471812394e-08
60 4.67097471812394e-08
61 4.67097471812394e-08
62 4.67097471812394e-08
63 4.67097471812394e-08
