0 0.679567277431488
1 0.616834163665771
2 0.581975758075714
3 0.5379878282547
4 0.490122050046921
5 0.481955081224442
6 0.395677506923676
7 0.328586518764496
8 0.290238559246063
9 0.281579345464706
10 0.25572994351387
11 0.239538758993149
12 0.228759229183197
13 0.22760833799839
14 0.22308512032032
15 0.205400049686432
16 0.201070234179497
17 0.18297353386879
18 0.172778442502022
19 0.159665301442146
20 0.152754873037338
21 0.148476973176003
22 0.140510886907578
23 0.134804785251617
24 0.130871683359146
25 0.126421168446541
26 0.113583944737911
27 0.103669017553329
28 0.0936497077345848
29 0.0722266286611557
30 3.05951346035727e-07
31 1.97252532530001e-07
