0 0.655383765697479
1 0.638459205627441
2 0.602451503276825
3 0.556606352329254
4 0.524753153324127
5 0.419563561677933
6 0.335975706577301
7 0.323610335588455
8 0.304095894098282
9 0.276980429887772
10 0.272153079509735
11 0.25629448890686
12 0.242797419428825
13 0.234049588441849
14 0.219070091843605
15 0.205662578344345
16 0.201902568340302
17 0.197410345077515
18 0.179136991500854
19 0.175395354628563
20 0.17401134967804
21 0.149731427431107
22 0.139205485582352
23 0.137263044714928
24 0.125481352210045
25 0.115529261529446
26 0.0968838557600975
27 0.0949872955679893
28 0.0854350477457047
29 0.0630490481853485
30 5.08702157731022e-07
31 1.76442298993607e-07
