0 7.61121988296509
1 6.6992826461792
2 5.57157516479492
3 3.25133895874023
4 2.94876456260681
5 2.31463384628296
6 1.63191413879395
7 1.51032984256744
8 1.47255313396454
9 1.08371078968048
10 0.871069014072418
11 0.788268148899078
12 0.663837790489197
13 0.517831742763519
14 0.458533823490143
15 0.407286047935486
16 0.328180134296417
17 0.274486780166626
18 0.25018122792244
19 0.212316781282425
20 0.170411884784698
21 0.134181678295135
22 0.113495118916035
23 0.0652009472250938
24 0.0495692007243633
25 0.0354250855743885
26 0.026569202542305
27 0.017944511026144
28 0.00702118314802647
29 0.00230750488117337
30 9.40801839988126e-07
31 3.30934824432916e-07
32 3.30934824432916e-07
33 3.30934824432916e-07
34 3.30934824432916e-07
35 3.30934824432916e-07
36 3.30934824432916e-07
37 3.30934824432916e-07
38 3.30934824432916e-07
39 3.30934824432916e-07
40 3.30934824432916e-07
41 3.30934824432916e-07
42 3.30934824432916e-07
43 3.30934824432916e-07
44 3.30934824432916e-07
45 3.30934824432916e-07
46 3.30934824432916e-07
47 3.30934824432916e-07
48 3.30934824432916e-07
49 3.30934824432916e-07
50 3.30934824432916e-07
51 3.30934824432916e-07
52 3.30934824432916e-07
53 3.30934824432916e-07
54 3.30934824432916e-07
55 3.30934824432916e-07
56 3.30934824432916e-07
57 3.30934824432916e-07
58 3.30934824432916e-07
59 3.30934824432916e-07
60 3.30934824432916e-07
61 3.30934824432916e-07
62 3.30934824432916e-07
63 3.30934824432916e-07
