0 1.47626185417175
1 1.44165122509003
2 1.29668176174164
3 1.23301243782043
4 1.16494679450989
5 1.06017363071442
6 1.03858196735382
7 0.964816808700562
8 0.926658928394318
9 0.876706421375275
10 0.863903045654297
11 0.786405980587006
12 0.733601689338684
13 0.686015903949738
14 0.644405782222748
15 0.585794627666473
16 0.545414388179779
17 0.506735026836395
18 0.4537054002285
19 0.404030621051788
20 0.37049126625061
21 0.325664579868317
22 0.319483995437622
23 0.24912816286087
24 0.215987890958786
25 0.194320544600487
26 0.168279409408569
27 0.145857512950897
28 0.102983966469765
29 0.0672328099608421
30 0.0159574039280415
31 8.22220954432851e-07
