0 1.45662415027618
1 1.28606641292572
2 1.24982786178589
3 1.16511631011963
4 1.109130859375
5 1.03812885284424
6 0.978183090686798
7 0.956851065158844
8 0.912853479385376
9 0.864933371543884
10 0.834860622882843
11 0.766729652881622
12 0.70291531085968
13 0.687077581882477
14 0.674533843994141
15 0.586268067359924
16 0.549592196941376
17 0.518221199512482
18 0.489948093891144
19 0.424695760011673
20 0.382087290287018
21 0.335217982530594
22 0.30744269490242
23 0.248096749186516
24 0.229933932423592
25 0.21193490922451
26 0.152581721544266
27 0.137258633971214
28 0.0525855869054794
29 0.0453076213598251
30 0.0141109135001898
31 5.3660573939851e-07
