0 0.622048079967499
1 0.596445500850677
2 0.577036321163177
3 0.553221106529236
4 0.517446875572205
5 0.501636803150177
6 0.462423622608185
7 0.405726253986359
8 0.33922016620636
9 0.311981111764908
10 0.292913049459457
11 0.25503933429718
12 0.236643746495247
13 0.230103746056557
14 0.214335098862648
15 0.204756960272789
16 0.197212547063828
17 0.186893120408058
18 0.182648777961731
19 0.174521118402481
20 0.166255071759224
21 0.159330815076828
22 0.140271618962288
23 0.132082223892212
24 0.118053697049618
25 0.114069156348705
26 0.11158949136734
27 0.108772799372673
28 0.101118698716164
29 0.0809159353375435
30 5.50091328932467e-07
31 1.52195354985452e-07
