0 0.632716834545135
1 0.60874330997467
2 0.591642618179321
3 0.501235485076904
4 0.487582713365555
5 0.4127157330513
6 0.380743443965912
7 0.313816994428635
8 0.283087253570557
9 0.265172451734543
10 0.250318109989166
11 0.246516361832619
12 0.230175048112869
13 0.217662617564201
14 0.210343867540359
15 0.196401357650757
16 0.195674166083336
17 0.190223813056946
18 0.187913775444031
19 0.169899210333824
20 0.162132695317268
21 0.15045653283596
22 0.141262710094452
23 0.130948424339294
24 0.127649143338203
25 0.122180387377739
26 0.115810327231884
27 0.110104098916054
28 0.091434046626091
29 0.0813226476311684
30 1.5085144866589e-07
31 9.83023014100581e-08
