0 0.27788519859314
1 0.246837615966797
2 0.223900079727173
3 0.21190969645977
4 0.203434705734253
5 0.190563470125198
6 0.188570141792297
7 0.179503008723259
8 0.165507838129997
9 0.150378569960594
10 0.14768648147583
11 0.134302020072937
12 0.126780837774277
13 0.125358760356903
14 0.119068771600723
15 0.113767892122269
16 0.107081428170204
17 0.0979628562927246
18 0.091129943728447
19 0.0868070498108864
20 0.0774928480386734
21 0.066621758043766
22 0.0617400147020817
23 0.0502709373831749
24 0.0468011759221554
25 0.0417973026633263
26 0.0281654745340347
27 0.0238479822874069
28 0.0153597630560398
29 0.0104764215648174
30 0.00403698347508907
31 1.35424343739032e-07
