0 0.676328659057617
1 0.661520421504974
2 0.611983597278595
3 0.554566383361816
4 0.519389510154724
5 0.406237214803696
6 0.356750696897507
7 0.317718744277954
8 0.310296922922134
9 0.273574531078339
10 0.264856457710266
11 0.240203306078911
12 0.229806080460548
13 0.225224182009697
14 0.216261833906174
15 0.200513273477554
16 0.186937242746353
17 0.182530432939529
18 0.175848379731178
19 0.165439829230309
20 0.157224535942078
21 0.15020564198494
22 0.136950448155403
23 0.127275556325912
24 0.124668844044209
25 0.114596627652645
26 0.106258675456047
27 0.0912023112177849
28 0.0811874121427536
29 0.0771556720137596
30 1.61249317898182e-07
31 8.48644390316622e-08
