0 1.38136577606201
1 1.30139064788818
2 1.29447042942047
3 1.19682240486145
4 1.12404596805573
5 1.05904805660248
6 1.0304399728775
7 1.01402258872986
8 0.966967523097992
9 0.884601533412933
10 0.879188179969788
11 0.803874015808105
12 0.752312123775482
13 0.722915589809418
14 0.70102721452713
15 0.647591829299927
16 0.592259228229523
17 0.562685132026672
18 0.50917649269104
19 0.414425581693649
20 0.40160596370697
21 0.33217978477478
22 0.309254318475723
23 0.273599117994308
24 0.183989956974983
25 0.170321196317673
26 0.142167642712593
27 0.121546603739262
28 0.0904873684048653
29 0.067752942442894
30 0.0164065659046173
31 2.48009826009365e-07
