0 1.43844306468964
1 1.37620365619659
2 1.32104992866516
3 1.26158154010773
4 1.17003452777863
5 1.06424629688263
6 1.02292013168335
7 0.96648758649826
8 0.943061292171478
9 0.872245311737061
10 0.832285523414612
11 0.786978721618652
12 0.762771487236023
13 0.701744377613068
14 0.649022936820984
15 0.591257750988007
16 0.534730494022369
17 0.504520237445831
18 0.496057450771332
19 0.414379447698593
20 0.404337823390961
21 0.378862500190735
22 0.324887245893478
23 0.278564959764481
24 0.236813589930534
25 0.185057282447815
26 0.163447454571724
27 0.111103013157845
28 0.102961711585522
29 0.0602467805147171
30 0.0115293273702264
31 5.26437929693202e-07
