0 1.48534679412842
1 1.42362952232361
2 1.37872326374054
3 1.19806027412415
4 1.19426834583282
5 1.13043189048767
6 1.04078435897827
7 0.98462700843811
8 0.974800646305084
9 0.909955322742462
10 0.834795951843262
11 0.79394805431366
12 0.75920581817627
13 0.736858606338501
14 0.694544017314911
15 0.656942188739777
16 0.593093514442444
17 0.559351980686188
18 0.515488505363464
19 0.497464507818222
20 0.39578840136528
21 0.386013448238373
22 0.336630761623383
23 0.31827574968338
24 0.279162645339966
25 0.225855231285095
26 0.201450139284134
27 0.135034665465355
28 0.102344550192356
29 0.0594310946762562
30 0.00917877163738012
31 9.08817469280621e-07
