0 1.2303032875061
1 1.00863981246948
2 0.887393653392792
3 0.640083074569702
4 0.567566394805908
5 0.459616273641586
6 0.261411309242249
7 0.259179532527924
8 0.210536897182465
9 0.190125286579132
10 0.145253866910934
11 0.114882998168468
12 0.111053489148617
13 0.0831580832600594
14 0.0736131891608238
15 0.0711570307612419
16 0.0538578070700169
17 0.0424941219389439
18 0.033760130405426
19 0.0282681975513697
20 0.0276794768869877
21 0.0235023871064186
22 0.0192048344761133
23 0.0176470335572958
24 0.0142894573509693
25 0.00847916584461927
26 0.00658295070752501
27 0.00402430677786469
28 0.000602350977715105
29 0.000106730483821593
30 1.07376422420202e-07
31 4.80715698358836e-08
32 4.80715698358836e-08
33 4.80715698358836e-08
34 4.80715698358836e-08
35 4.80715698358836e-08
36 4.80715698358836e-08
37 4.80715698358836e-08
38 4.80715698358836e-08
39 4.80715698358836e-08
40 4.80715698358836e-08
41 4.80715698358836e-08
42 4.80715698358836e-08
43 4.80715698358836e-08
44 4.80715698358836e-08
45 4.80715698358836e-08
46 4.80715698358836e-08
47 4.80715698358836e-08
48 4.80715698358836e-08
49 4.80715698358836e-08
50 4.80715698358836e-08
51 4.80715698358836e-08
52 4.80715698358836e-08
53 4.80715698358836e-08
54 4.80715698358836e-08
55 4.80715698358836e-08
56 4.80715698358836e-08
57 4.80715698358836e-08
58 4.80715698358836e-08
59 4.80715698358836e-08
60 4.80715698358836e-08
61 4.80715698358836e-08
62 4.80715698358836e-08
63 4.80715698358836e-08
