0 3.94087791442871
1 3.76884865760803
2 3.51272010803223
3 3.00209331512451
4 2.71660709381104
5 2.6712851524353
6 2.24165797233582
7 1.84973704814911
8 1.74465703964233
9 1.69245791435242
10 1.60576295852661
11 1.45826232433319
12 1.38386476039886
13 1.35696518421173
14 1.29500985145569
15 1.19800734519958
16 1.15407693386078
17 1.1104382276535
18 1.04961025714874
19 1.00300824642181
20 0.945598721504211
21 0.915524363517761
22 0.832110524177551
23 0.801961660385132
24 0.787860870361328
25 0.754101455211639
26 0.648298919200897
27 0.552508533000946
28 0.517850995063782
29 0.443395018577576
30 1.1890467703779e-06
31 9.39578512770822e-07
