0 3.09229683876038
1 2.91502666473389
2 2.7013578414917
3 2.41402792930603
4 1.9667307138443
5 1.8173828125
6 1.66532182693481
7 1.50435423851013
8 1.3784921169281
9 1.30712914466858
10 1.23755264282227
11 1.22605955600739
12 1.18292379379272
13 1.12649178504944
14 1.0819855928421
15 1.04783046245575
16 1.00541806221008
17 1.00373721122742
18 0.923311412334442
19 0.811343491077423
20 0.79930853843689
21 0.768781006336212
22 0.727239608764648
23 0.685257017612457
24 0.621484756469727
25 0.611183106899261
26 0.577307820320129
27 0.480383843183517
28 0.456459611654282
29 0.385598450899124
30 1.77450306182436e-06
31 6.55555368211935e-07
