0 1.4109947681427
1 1.36189687252045
2 1.34091186523438
3 1.21802425384521
4 1.19395923614502
5 1.10948669910431
6 1.06822729110718
7 0.974007487297058
8 0.954967319965363
9 0.887052118778229
10 0.84424751996994
11 0.798030316829681
12 0.765789806842804
13 0.757712721824646
14 0.714432060718536
15 0.61457622051239
16 0.579663991928101
17 0.539417147636414
18 0.507440805435181
19 0.421929925680161
20 0.410138756036758
21 0.376046180725098
22 0.32427853345871
23 0.317203193902969
24 0.244998767971992
25 0.221155300736427
26 0.148852869868279
27 0.132012039422989
28 0.12223906815052
29 0.0714236944913864
30 0.003876734059304
31 3.85430297455969e-07
