0 1.57927584648132
1 0.870957314968109
2 0.607176244258881
3 0.511669874191284
4 0.382761597633362
5 0.370204985141754
6 0.291303366422653
7 0.267615109682083
8 0.202723830938339
9 0.192092508077621
10 0.178319171071053
11 0.155515760183334
12 0.134781733155251
13 0.116343632340431
14 0.0840695425868034
15 0.0810316056013107
16 0.0630484893918037
17 0.0609972439706326
18 0.045496977865696
19 0.0402033366262913
20 0.0347304679453373
21 0.0229979213327169
22 0.0192104559391737
23 0.018311744555831
24 0.0174473375082016
25 0.00968913547694683
26 0.0069812061265111
27 0.00332416640594602
28 0.00106272764969617
29 9.34232812142e-05
30 1.08132148568529e-07
31 7.00444076073836e-08
32 7.00444076073836e-08
33 7.00444076073836e-08
34 7.00444076073836e-08
35 7.00444076073836e-08
36 7.00444076073836e-08
37 7.00444076073836e-08
38 7.00444076073836e-08
39 7.00444076073836e-08
40 7.00444076073836e-08
41 7.00444076073836e-08
42 7.00444076073836e-08
43 7.00444076073836e-08
44 7.00444076073836e-08
45 7.00444076073836e-08
46 7.00444076073836e-08
47 7.00444076073836e-08
48 7.00444076073836e-08
49 7.00444076073836e-08
50 7.00444076073836e-08
51 7.00444076073836e-08
52 7.00444076073836e-08
53 7.00444076073836e-08
54 7.00444076073836e-08
55 7.00444076073836e-08
56 7.00444076073836e-08
57 7.00444076073836e-08
58 7.00444076073836e-08
59 7.00444076073836e-08
60 7.00444076073836e-08
61 7.00444076073836e-08
62 7.00444076073836e-08
63 7.00444076073836e-08
