0 1.39346420764923
1 1.36115264892578
2 1.33209323883057
3 1.28232979774475
4 1.20330595970154
5 1.14891636371613
6 1.06633734703064
7 1.02068293094635
8 0.954223990440369
9 0.884676396846771
10 0.818270623683929
11 0.800879597663879
12 0.763996839523315
13 0.732163369655609
14 0.699033796787262
15 0.649909973144531
16 0.595911860466003
17 0.565315961837769
18 0.532811760902405
19 0.454838335514069
20 0.403216779232025
21 0.358790904283524
22 0.341161370277405
23 0.281858325004578
24 0.252645999193192
25 0.185206443071365
26 0.182232856750488
27 0.134337052702904
28 0.111362658441067
29 0.035601694136858
30 0.00456794444471598
31 2.71539590812608e-07
