0 6343.3583984375
1 8.14391708374023
2 3.58982253074646
3 3.24392890930176
4 2.99733781814575
5 2.21440529823303
6 2.05700421333313
7 1.73855316638947
8 1.1926041841507
9 1.00181102752686
10 0.915660738945007
11 0.821934640407562
12 0.656630218029022
13 0.584075510501862
14 0.522238373756409
15 0.42292919754982
16 0.344801992177963
17 0.289097428321838
18 0.245979472994804
19 0.198108106851578
20 0.173545137047768
21 0.163911581039429
22 0.159420371055603
23 0.110071010887623
24 0.0920660197734833
25 0.0563404522836208
26 0.044927641749382
27 0.0348397493362427
28 0.029278002679348
29 0.0183472763746977
30 0.00859415903687477
31 0.00051133253145963
32 0.000376147421775386
33 0.000376147421775386
34 0.000376147421775386
35 0.000376147421775386
36 0.000376147421775386
37 0.000376147421775386
38 0.000376147421775386
39 0.000376147421775386
40 0.000376147421775386
41 0.000376147421775386
42 0.000376147421775386
43 0.000376147421775386
44 0.000376147421775386
45 0.000376147421775386
46 0.000376147421775386
47 0.000376147421775386
48 0.000376147421775386
49 0.000376147421775386
50 0.000376147421775386
51 0.000376147421775386
52 0.000376147421775386
53 0.000376147421775386
54 0.000376147421775386
55 0.000376147421775386
56 0.000376147421775386
57 0.000376147421775386
58 0.000376147421775386
59 0.000376147421775386
60 0.000376147421775386
61 0.000376147421775386
62 0.000376147421775386
63 0.000146165286423638
