0 0.576224803924561
1 0.55100029706955
2 0.487288773059845
3 0.4395392537117
4 0.378907352685928
5 0.369046449661255
6 0.324902236461639
7 0.287997990846634
8 0.279889315366745
9 0.243640452623367
10 0.236020788550377
11 0.222694218158722
12 0.209523782134056
13 0.204330146312714
14 0.19919191300869
15 0.189331442117691
16 0.179281547665596
17 0.166947439312935
18 0.155009865760803
19 0.147409364581108
20 0.142222180962563
21 0.137783393263817
22 0.132751151919365
23 0.129431664943695
24 0.121150396764278
25 0.11002354323864
26 0.0940670594573021
27 0.0877431705594063
28 0.0747151672840118
29 0.0621575899422169
30 1.47923088889002e-07
31 1.3738269899477e-07
