0 1.4771203994751
1 1.4473842382431
2 1.32836735248566
3 1.28408789634705
4 1.22986054420471
5 1.13917207717896
6 1.06547331809998
7 0.993570387363434
8 0.966369330883026
9 0.907176315784454
10 0.788683652877808
11 0.750148594379425
12 0.711238980293274
13 0.664912462234497
14 0.603462338447571
15 0.575092017650604
16 0.556647837162018
17 0.516125619411469
18 0.491943120956421
19 0.48139950633049
20 0.432024151086807
21 0.375048995018005
22 0.334615290164948
23 0.274772197008133
24 0.246016800403595
25 0.182957097887993
26 0.14511451125145
27 0.114650316536427
28 0.0825599655508995
29 0.0669869780540466
30 0.046173557639122
31 2.18575621602213e-07
