0 0.256348043680191
1 0.243717312812805
2 0.220784768462181
3 0.207946836948395
4 0.202291220426559
5 0.195295393466949
6 0.17243754863739
7 0.16556005179882
8 0.159911185503006
9 0.150965020060539
10 0.147010833024979
11 0.137407824397087
12 0.131213754415512
13 0.123496063053608
14 0.110077016055584
15 0.101957656443119
16 0.099519170820713
17 0.0954104661941528
18 0.0894656181335449
19 0.0797755271196365
20 0.0781244859099388
21 0.0714530050754547
22 0.0572643540799618
23 0.0554832480847836
24 0.0450356788933277
25 0.033668976277113
26 0.029168089851737
27 0.0272309686988592
28 0.0197491031140089
29 0.00994816888123751
30 0.00875482615083456
31 4.81302500077163e-08
