0 3.36015582084656
1 3.33554267883301
2 3.06848359107971
3 2.66685771942139
4 2.44429612159729
5 2.40818381309509
6 1.84626471996307
7 1.69336545467377
8 1.5131424665451
9 1.45530951023102
10 1.39937877655029
11 1.38508093357086
12 1.3002587556839
13 1.1927011013031
14 1.16389667987823
15 1.15429484844208
16 1.08665907382965
17 1.04464864730835
18 0.995276153087616
19 0.974652945995331
20 0.888956248760223
21 0.826087892055511
22 0.713165760040283
23 0.652440130710602
24 0.605556845664978
25 0.569187462329865
26 0.515138685703278
27 0.485773414373398
28 0.411593526601791
29 0.361420542001724
30 1.63812205755676e-06
31 6.76540992117225e-07
