0 5.69295454025269
1 4.73480558395386
2 4.18206167221069
3 3.11787557601929
4 2.9469256401062
5 2.11964559555054
6 2.09471201896667
7 1.47252023220062
8 1.33884727954865
9 1.18092346191406
10 1.02546453475952
11 0.861836493015289
12 0.650964498519897
13 0.526050508022308
14 0.511922955513
15 0.366790682077408
16 0.326942354440689
17 0.275154173374176
18 0.230693385004997
19 0.191325813531876
20 0.141810536384583
21 0.123936675488949
22 0.088896669447422
23 0.0621076561510563
24 0.0393176227807999
25 0.0349928252398968
26 0.0255793370306492
27 0.012123629450798
28 0.00989917106926441
29 0.00062220630934462
30 6.23922687736922e-07
31 2.19450996041815e-07
32 2.19450996041815e-07
33 2.19450996041815e-07
34 2.19450996041815e-07
35 2.19450996041815e-07
36 2.19450996041815e-07
37 2.19450996041815e-07
38 2.19450996041815e-07
39 2.19450996041815e-07
40 2.19450996041815e-07
41 2.19450996041815e-07
42 2.19450996041815e-07
43 2.19450996041815e-07
44 2.19450996041815e-07
45 2.19450996041815e-07
46 2.19450996041815e-07
47 2.19450996041815e-07
48 2.19450996041815e-07
49 2.19450996041815e-07
50 2.19450996041815e-07
51 2.19450996041815e-07
52 2.19450996041815e-07
53 2.19450996041815e-07
54 2.19450996041815e-07
55 2.19450996041815e-07
56 2.19450996041815e-07
57 2.19450996041815e-07
58 2.19450996041815e-07
59 2.19450996041815e-07
60 2.19450996041815e-07
61 2.19450996041815e-07
62 2.19450996041815e-07
63 2.19450996041815e-07
