0 1.47592127323151
1 1.35696387290955
2 1.27109122276306
3 1.25075340270996
4 1.16073608398438
5 1.1157888174057
6 1.05635738372803
7 0.974242985248566
8 0.920495510101318
9 0.900930047035217
10 0.888560056686401
11 0.838061153888702
12 0.780043125152588
13 0.692562282085419
14 0.656027615070343
15 0.622993171215057
16 0.609467625617981
17 0.543119788169861
18 0.504852473735809
19 0.478302985429764
20 0.43240612745285
21 0.360832571983337
22 0.326091796159744
23 0.258126318454742
24 0.23345085978508
25 0.155050531029701
26 0.13105995953083
27 0.113546103239059
28 0.0766428411006927
29 0.0360238812863827
30 0.0173192787915468
31 3.45952713587394e-07
