0 0.72102427482605
1 0.594130516052246
2 0.557724177837372
3 0.41290944814682
4 0.391482144594193
5 0.284271240234375
6 0.260349094867706
7 0.197404757142067
8 0.17549230158329
9 0.152158692479134
10 0.138763979077339
11 0.127852737903595
12 0.107744440436363
13 0.0944737493991852
14 0.0902389660477638
15 0.0649397745728493
16 0.0582304932177067
17 0.0496081039309502
18 0.03786301612854
19 0.0361554473638535
20 0.0217948965728283
21 0.0190060343593359
22 0.0148292714729905
23 0.0128742465749383
24 0.0103625217452645
25 0.00779456831514835
26 0.00614097667858005
27 0.00323683326132596
28 0.00120067328680307
29 0.000362643884727731
30 7.05131242284551e-08
31 2.9268798940052e-08
32 2.9268798940052e-08
33 2.9268798940052e-08
34 2.9268798940052e-08
35 2.9268798940052e-08
36 2.9268798940052e-08
37 2.9268798940052e-08
38 2.9268798940052e-08
39 2.9268798940052e-08
40 2.9268798940052e-08
41 2.9268798940052e-08
42 2.9268798940052e-08
43 2.9268798940052e-08
44 2.9268798940052e-08
45 2.9268798940052e-08
46 2.9268798940052e-08
47 2.9268798940052e-08
48 2.9268798940052e-08
49 2.9268798940052e-08
50 2.9268798940052e-08
51 2.9268798940052e-08
52 2.9268798940052e-08
53 2.9268798940052e-08
54 2.9268798940052e-08
55 2.9268798940052e-08
56 2.9268798940052e-08
57 2.9268798940052e-08
58 2.9268798940052e-08
59 2.9268798940052e-08
60 2.9268798940052e-08
61 2.9268798940052e-08
62 2.9268798940052e-08
63 2.9268798940052e-08
