0 6927.50439453125
1 10.7145338058472
2 8.67991161346436
3 6.40920305252075
4 4.94364547729492
5 3.60866284370422
6 3.26421809196472
7 2.96467304229736
8 2.48953628540039
9 1.63830435276031
10 1.43761348724365
11 1.20587456226349
12 1.13831150531769
13 0.938332736492157
14 0.852496087551117
15 0.776809096336365
16 0.76269656419754
17 0.535040438175201
18 0.462989270687103
19 0.345178335905075
20 0.301754266023636
21 0.240614578127861
22 0.198067247867584
23 0.133942276239395
24 0.11282692104578
25 0.0961933135986328
26 0.0578573234379292
27 0.042171522974968
28 0.0398215241730213
29 0.0144444648176432
30 0.0102599048987031
31 0.000833204248920083
32 0.000404295336920768
33 0.000404295336920768
34 0.000404295336920768
35 0.000404295336920768
36 0.000404295336920768
37 0.000404295336920768
38 0.000404295336920768
39 0.000404295336920768
40 0.000404295336920768
41 0.000404295336920768
42 0.000404295336920768
43 0.000404295336920768
44 0.000404295336920768
45 0.000404295336920768
46 0.000404295336920768
47 0.000404295336920768
48 0.000404295336920768
49 0.000404295336920768
50 0.000404295336920768
51 0.000404295336920768
52 0.000404295336920768
53 0.000404295336920768
54 0.000404295336920768
55 0.000404295336920768
56 0.000404295336920768
57 0.000404295336920768
58 0.000404295336920768
59 0.000404295336920768
60 0.000404295336920768
61 0.000404295336920768
62 0.000404295336920768
63 0.000287741248030216
