0 0.826404631137848
1 0.634823858737946
2 0.569218277931213
3 0.36531126499176
4 0.278083324432373
5 0.212678521871567
6 0.188922092318535
7 0.152229562401772
8 0.138583153486252
9 0.121193900704384
10 0.110179841518402
11 0.0797532126307487
12 0.0731917470693588
13 0.0664981305599213
14 0.065325528383255
15 0.0542412288486958
16 0.0470021143555641
17 0.0395970679819584
18 0.0320582389831543
19 0.0301126707345247
20 0.0225771963596344
21 0.0176707655191422
22 0.0167453680187464
23 0.0138880154117942
24 0.0116362310945988
25 0.00802735425531864
26 0.00708366557955742
27 0.00272399466484785
28 0.00135267898440361
29 0.000941803795285523
30 4.14161505091215e-08
31 3.80020459544994e-08
32 3.80020459544994e-08
33 3.80020459544994e-08
34 3.80020459544994e-08
35 3.80020459544994e-08
36 3.80020459544994e-08
37 3.80020459544994e-08
38 3.80020459544994e-08
39 3.80020459544994e-08
40 3.80020459544994e-08
41 3.80020459544994e-08
42 3.80020459544994e-08
43 3.80020459544994e-08
44 3.80020459544994e-08
45 3.80020459544994e-08
46 3.80020459544994e-08
47 3.80020459544994e-08
48 3.80020459544994e-08
49 3.80020459544994e-08
50 3.80020459544994e-08
51 3.80020459544994e-08
52 3.80020459544994e-08
53 3.80020459544994e-08
54 3.80020459544994e-08
55 3.80020459544994e-08
56 3.80020459544994e-08
57 3.80020459544994e-08
58 3.80020459544994e-08
59 3.80020459544994e-08
60 3.80020459544994e-08
61 3.80020459544994e-08
62 3.80020459544994e-08
63 3.80020459544994e-08
