0 1.49013912677765
1 1.3928474187851
2 1.26426982879639
3 1.23901510238647
4 1.22752749919891
5 1.13094067573547
6 1.05820333957672
7 0.966209530830383
8 0.958869159221649
9 0.926014006137848
10 0.919749796390533
11 0.886413276195526
12 0.798678755760193
13 0.694871127605438
14 0.663733959197998
15 0.662075638771057
16 0.583839178085327
17 0.555471897125244
18 0.475961059331894
19 0.45008647441864
20 0.41223418712616
21 0.405383110046387
22 0.349976450204849
23 0.288614392280579
24 0.246044471859932
25 0.245226383209229
26 0.197058603167534
27 0.148092210292816
28 0.120125584304333
29 0.0850614309310913
30 0.00450239749625325
31 6.65734660287853e-07
