0 0.652951955795288
1 0.598393976688385
2 0.548927545547485
3 0.497094660997391
4 0.421094864606857
5 0.378072291612625
6 0.348209768533707
7 0.315715074539185
8 0.291673392057419
9 0.281866937875748
10 0.265397042036057
11 0.248764634132385
12 0.237509861588478
13 0.233905732631683
14 0.21608467400074
15 0.211719661951065
16 0.196127846837044
17 0.177679032087326
18 0.175528094172478
19 0.17038506269455
20 0.15434230864048
21 0.146110340952873
22 0.145017266273499
23 0.141599237918854
24 0.13221937417984
25 0.116386845707893
26 0.10736645758152
27 0.102712772786617
28 0.0979547053575516
29 0.0830838456749916
30 2.04286791927188e-07
31 1.00139139647126e-07
