0 1.01849317550659
1 0.724416494369507
2 0.618135452270508
3 0.451160609722137
4 0.332708895206451
5 0.279406785964966
6 0.211186453700066
7 0.181576460599899
8 0.162077397108078
9 0.14180999994278
10 0.121178351342678
11 0.116330452263355
12 0.0946812406182289
13 0.0850445851683617
14 0.0671845898032188
15 0.055639885365963
16 0.045376505702734
17 0.0424227975308895
18 0.0368409380316734
19 0.0310975927859545
20 0.0229235980659723
21 0.0174556151032448
22 0.012755666859448
23 0.0104299951344728
24 0.00748997600749135
25 0.00611122930422425
26 0.00526763591915369
27 0.00189141533337533
28 0.00103714130818844
29 0.000324078224366531
30 7.54575069095154e-08
31 5.19298311019156e-08
32 5.19298311019156e-08
33 5.19298311019156e-08
34 5.19298311019156e-08
35 5.19298311019156e-08
36 5.19298311019156e-08
37 5.19298311019156e-08
38 5.19298311019156e-08
39 5.19298311019156e-08
40 5.19298311019156e-08
41 5.19298311019156e-08
42 5.19298311019156e-08
43 5.19298311019156e-08
44 5.19298311019156e-08
45 5.19298311019156e-08
46 5.19298311019156e-08
47 5.19298311019156e-08
48 5.19298311019156e-08
49 5.19298311019156e-08
50 5.19298311019156e-08
51 5.19298311019156e-08
52 5.19298311019156e-08
53 5.19298311019156e-08
54 5.19298311019156e-08
55 5.19298311019156e-08
56 5.19298311019156e-08
57 5.19298311019156e-08
58 5.19298311019156e-08
59 5.19298311019156e-08
60 5.19298311019156e-08
61 5.19298311019156e-08
62 5.19298311019156e-08
63 5.19298311019156e-08
