0 0.246969476342201
1 0.237055405974388
2 0.229185834527016
3 0.221538066864014
4 0.199193060398102
5 0.196832790970802
6 0.190861165523529
7 0.184055253863335
8 0.179876923561096
9 0.166832447052002
10 0.164378225803375
11 0.159098401665688
12 0.14021497964859
13 0.130505919456482
14 0.125540599226952
15 0.115922957658768
16 0.113031275570393
17 0.103740997612476
18 0.0984607860445976
19 0.0830182284116745
20 0.0784731283783913
21 0.0670649856328964
22 0.0667562037706375
23 0.060339692980051
24 0.0544607974588871
25 0.0421863347291946
26 0.0403158031404018
27 0.0213344190269709
28 0.0122339623048902
29 0.0101347155869007
30 0.00125206483062357
31 2.84132681827032e-07
