0 1.53847253322601
1 1.43997550010681
2 1.33029055595398
3 1.2692164182663
4 1.24340665340424
5 1.15377652645111
6 1.08463430404663
7 1.02351498603821
8 0.974194467067719
9 0.930664956569672
10 0.881685793399811
11 0.862181961536407
12 0.792190194129944
13 0.727166295051575
14 0.713412284851074
15 0.674262285232544
16 0.603432416915894
17 0.5767582654953
18 0.555525541305542
19 0.534000873565674
20 0.448998540639877
21 0.341417521238327
22 0.279620230197906
23 0.248847037553787
24 0.227270841598511
25 0.195389911532402
26 0.181374773383141
27 0.143252670764923
28 0.0830141082406044
29 0.0570000894367695
30 0.0105113051831722
31 3.72624214151074e-07
