0 1.42790913581848
1 1.40164256095886
2 1.23090600967407
3 1.20582711696625
4 1.18820285797119
5 1.11740827560425
6 1.05279314517975
7 1.0245668888092
8 0.943086802959442
9 0.934974670410156
10 0.821885526180267
11 0.752642571926117
12 0.736117422580719
13 0.713619112968445
14 0.665664315223694
15 0.649157822132111
16 0.59730064868927
17 0.547347068786621
18 0.508361518383026
19 0.438353985548019
20 0.371934175491333
21 0.311766237020493
22 0.302841514348984
23 0.274103671312332
24 0.2341049015522
25 0.195356279611588
26 0.165923044085503
27 0.0992566421627998
28 0.0586336888372898
29 0.0135705005377531
30 0.00137489079497755
31 2.68932694780233e-07
