0 0.673952579498291
1 0.593560755252838
2 0.503136277198792
3 0.436333686113358
4 0.391810029745102
5 0.347992658615112
6 0.311998575925827
7 0.282997041940689
8 0.269958823919296
9 0.253072023391724
10 0.244867295026779
11 0.240191251039505
12 0.22576217353344
13 0.216571405529976
14 0.195961683988571
15 0.191177472472191
16 0.179926916956902
17 0.176950991153717
18 0.166038736701012
19 0.161121711134911
20 0.154193669557571
21 0.137410804629326
22 0.135848522186279
23 0.132190778851509
24 0.104189202189445
25 0.100189663469791
26 0.0906234830617905
27 0.0745327696204185
28 0.06683349609375
29 0.0613708756864071
30 3.26294269825667e-07
31 1.419394095592e-07
