0 9691.32421875
1 11.3808650970459
2 5.45301389694214
3 3.90185928344727
4 3.36819005012512
5 2.68531608581543
6 2.24862241744995
7 1.5224871635437
8 1.29448533058167
9 1.01792550086975
10 0.946438252925873
11 0.842876493930817
12 0.800505101680756
13 0.583179473876953
14 0.49289608001709
15 0.448086768388748
16 0.364376217126846
17 0.311667382717133
18 0.244290545582771
19 0.205379113554955
20 0.192864120006561
21 0.179637968540192
22 0.134724631905556
23 0.0891530215740204
24 0.0817720964550972
25 0.0578667521476746
26 0.0444542542099953
27 0.0249119587242603
28 0.0138865495100617
29 0.0120575847104192
30 0.00112876784987748
31 0.000571962620597333
32 0.000571962620597333
33 0.000571962620597333
34 0.000571962620597333
35 0.000571962620597333
36 0.000571962620597333
37 0.000571962620597333
38 0.000571962620597333
39 0.000571962620597333
40 0.000571962620597333
41 0.000571962620597333
42 0.000571962620597333
43 0.000571962620597333
44 0.000571962620597333
45 0.000571962620597333
46 0.000571962620597333
47 0.000571962620597333
48 0.000571962620597333
49 0.000571962620597333
50 0.000571962620597333
51 0.000571962620597333
52 0.000571962620597333
53 0.000571962620597333
54 0.000571962620597333
55 0.000571962620597333
56 0.000571962620597333
57 0.000571962620597333
58 0.000571962620597333
59 0.000571962620597333
60 0.000571962620597333
61 0.000571962620597333
62 0.000571962620597333
63 0.000383145234081894
