0 0.612353682518005
1 0.546997785568237
2 0.491686195135117
3 0.45854640007019
4 0.413494050502777
5 0.311781793832779
6 0.306068241596222
7 0.284041374921799
8 0.272093892097473
9 0.250401735305786
10 0.233735159039497
11 0.223820954561234
12 0.211184024810791
13 0.20796012878418
14 0.196556985378265
15 0.185517385601997
16 0.172962054610252
17 0.170746266841888
18 0.16223718225956
19 0.151501476764679
20 0.147325992584229
21 0.136612787842751
22 0.125040411949158
23 0.114471957087517
24 0.110242120921612
25 0.10724887996912
26 0.100176818668842
27 0.0741392076015472
28 0.066009484231472
29 0.0571213029325008
30 1.93970322470705e-07
31 8.62896740727592e-08
