0 3.63546919822693
1 3.43805384635925
2 3.33220219612122
3 3.17788767814636
4 2.88964295387268
5 2.68082332611084
6 2.42301654815674
7 2.17658281326294
8 1.81529557704926
9 1.59914815425873
10 1.55354237556458
11 1.43236577510834
12 1.37646770477295
13 1.27539205551147
14 1.2475848197937
15 1.18312358856201
16 1.12396705150604
17 1.0362514257431
18 1.01974308490753
19 0.99481987953186
20 0.924164593219757
21 0.880172610282898
22 0.865029394626617
23 0.796745240688324
24 0.763393223285675
25 0.728944480419159
26 0.649478614330292
27 0.528925538063049
28 0.503283619880676
29 0.436379343271255
30 8.66763400608761e-07
31 4.92139179186779e-07
