0 7.69444179534912
1 5.89133167266846
2 4.16272306442261
3 3.15589714050293
4 2.18776655197144
5 1.97479522228241
6 1.7374781370163
7 1.50567805767059
8 1.33052313327789
9 1.161869764328
10 0.927374064922333
11 0.750999927520752
12 0.715565800666809
13 0.576805830001831
14 0.51650607585907
15 0.424578934907913
16 0.389892607927322
17 0.350384443998337
18 0.28623965382576
19 0.230670034885406
20 0.161348268389702
21 0.123052053153515
22 0.112980991601944
23 0.0784976184368134
24 0.0587872490286827
25 0.0433838702738285
26 0.0381668508052826
27 0.0353271998465061
28 0.0168456584215164
29 0.00518421176820993
30 8.27046847007296e-07
31 4.20460736449968e-07
32 4.20460736449968e-07
33 4.20460736449968e-07
34 4.20460736449968e-07
35 4.20460736449968e-07
36 4.20460736449968e-07
37 4.20460736449968e-07
38 4.20460736449968e-07
39 4.20460736449968e-07
40 4.20460736449968e-07
41 4.20460736449968e-07
42 4.20460736449968e-07
43 4.20460736449968e-07
44 4.20460736449968e-07
45 4.20460736449968e-07
46 4.20460736449968e-07
47 4.20460736449968e-07
48 4.20460736449968e-07
49 4.20460736449968e-07
50 4.20460736449968e-07
51 4.20460736449968e-07
52 4.20460736449968e-07
53 4.20460736449968e-07
54 4.20460736449968e-07
55 4.20460736449968e-07
56 4.20460736449968e-07
57 4.20460736449968e-07
58 4.20460736449968e-07
59 4.20460736449968e-07
60 4.20460736449968e-07
61 4.20460736449968e-07
62 4.20460736449968e-07
63 4.20460736449968e-07
