0 0.552668690681458
1 0.46964156627655
2 0.44682589173317
3 0.392672091722488
4 0.384365081787109
5 0.284127980470657
6 0.274002075195312
7 0.258591800928116
8 0.243267312645912
9 0.232721239328384
10 0.228010267019272
11 0.214415907859802
12 0.206446558237076
13 0.194571331143379
14 0.185326471924782
15 0.180039569735527
16 0.171245515346527
17 0.164093360304832
18 0.157470256090164
19 0.149896204471588
20 0.146080315113068
21 0.133846282958984
22 0.132297188043594
23 0.123466782271862
24 0.121640250086784
25 0.11308790743351
26 0.0930857285857201
27 0.0847870111465454
28 0.0779063999652863
29 0.0646104738116264
30 1.84120096946572e-07
31 1.31762220689779e-07
