0 0.258901298046112
1 0.243161827325821
2 0.22716435790062
3 0.215655252337456
4 0.199282169342041
5 0.180806145071983
6 0.178934529423714
7 0.164124101400375
8 0.159208074212074
9 0.151469334959984
10 0.1438849568367
11 0.143488064408302
12 0.12823423743248
13 0.112006090581417
14 0.107697740197182
15 0.103483013808727
16 0.10049606859684
17 0.0959530100226402
18 0.0914078950881958
19 0.083034373819828
20 0.0689810141921043
21 0.0640379935503006
22 0.0580518320202827
23 0.0484784953296185
24 0.0419931821525097
25 0.0392174012959003
26 0.0291886739432812
27 0.0195930488407612
28 0.0158279333263636
29 0.0091223306953907
30 0.00206710118800402
31 4.5692836181388e-08
