0 7489.64599609375
1 10.1704931259155
2 7.33877801895142
3 4.85216045379639
4 3.97574305534363
5 3.76808571815491
6 3.04559445381165
7 2.57875490188599
8 1.48478531837463
9 1.1786687374115
10 1.12663877010345
11 0.972427546977997
12 0.879137933254242
13 0.803631842136383
14 0.605123400688171
15 0.532036185264587
16 0.466293394565582
17 0.377209544181824
18 0.308923006057739
19 0.285551369190216
20 0.231553867459297
21 0.177872061729431
22 0.14892253279686
23 0.140551567077637
24 0.106668077409267
25 0.0895967036485672
26 0.0832016617059708
27 0.0694317817687988
28 0.0444032475352287
29 0.01848972029984
30 0.00347646907903254
31 0.000794203660916537
32 0.000719923991709948
33 0.00043826800538227
34 0.00043826800538227
35 0.00043826800538227
36 0.00043826800538227
37 0.00043826800538227
38 0.00043826800538227
39 0.00043826800538227
40 0.00043826800538227
41 0.00043826800538227
42 0.00043826800538227
43 0.00043826800538227
44 0.00043826800538227
45 0.00043826800538227
46 0.00043826800538227
47 0.00043826800538227
48 0.00043826800538227
49 0.00043826800538227
50 0.00043826800538227
51 0.00043826800538227
52 0.00043826800538227
53 0.00043826800538227
54 0.00043826800538227
55 0.00043826800538227
56 0.00043826800538227
57 0.00043826800538227
58 0.00043826800538227
59 0.00043826800538227
60 0.00043826800538227
61 0.00043826800538227
62 0.00043826800538227
63 0.00043826800538227
