0 0.683574974536896
1 0.600176513195038
2 0.593014538288116
3 0.535894870758057
4 0.461248099803925
5 0.420680969953537
6 0.386399686336517
7 0.357317537069321
8 0.332775294780731
9 0.305740833282471
10 0.260798096656799
11 0.248765483498573
12 0.23488087952137
13 0.219643265008926
14 0.203285858035088
15 0.191504970192909
16 0.190285325050354
17 0.177537843585014
18 0.171442687511444
19 0.165645331144333
20 0.154478326439857
21 0.151793584227562
22 0.144476875662804
23 0.13145324587822
24 0.128506243228912
25 0.10868413746357
26 0.106334447860718
27 0.0964005514979362
28 0.0718789994716644
29 0.0635636895895004
30 1.77180709215463e-07
31 1.25033267295294e-07
