0 0.259891211986542
1 0.250195115804672
2 0.247332036495209
3 0.22642494738102
4 0.222646161913872
5 0.210836842656136
6 0.196584358811378
7 0.18987363576889
8 0.177393794059753
9 0.170293837785721
10 0.155080765485764
11 0.141312167048454
12 0.137616321444511
13 0.124409161508083
14 0.119216673076153
15 0.106509864330292
16 0.0984718501567841
17 0.0932925716042519
18 0.0898325368762016
19 0.0814597755670547
20 0.0696141719818115
21 0.0681415498256683
22 0.0587938837707043
23 0.0529144406318665
24 0.0389728210866451
25 0.0351297594606876
26 0.0242031533271074
27 0.0220676269382238
28 0.0152522763237357
29 0.0115990499034524
30 0.00187662406824529
31 2.44146264094525e-07
