0 0.690015554428101
1 0.638338148593903
2 0.56294459104538
3 0.529384851455688
4 0.521261751651764
5 0.44763970375061
6 0.375346064567566
7 0.3360915184021
8 0.291161060333252
9 0.274181514978409
10 0.260297328233719
11 0.249017134308815
12 0.237936958670616
13 0.232139244675636
14 0.21128486096859
15 0.195485338568687
16 0.187841504812241
17 0.181511878967285
18 0.177386969327927
19 0.169889628887177
20 0.164966151118279
21 0.155391171574593
22 0.146618902683258
23 0.139373257756233
24 0.134056523442268
25 0.126064643263817
26 0.0929043218493462
27 0.0905365198850632
28 0.0835773050785065
29 0.0709171891212463
30 1.88222884389688e-07
31 1.22807946922876e-07
