0 5.16610622406006
1 3.65357875823975
2 3.55218648910522
3 2.31986689567566
4 1.61482715606689
5 1.51611804962158
6 1.33870625495911
7 1.2614312171936
8 0.93968278169632
9 0.865655303001404
10 0.707924723625183
11 0.660356521606445
12 0.56456071138382
13 0.462898135185242
14 0.351120084524155
15 0.301373332738876
16 0.245168179273605
17 0.213798508048058
18 0.205099478363991
19 0.13692082464695
20 0.117937244474888
21 0.102291233837605
22 0.0796450823545456
23 0.070874996483326
24 0.0480585321784019
25 0.0427622087299824
26 0.0294981300830841
27 0.0204451084136963
28 0.00748130725696683
29 0.000748774618841708
30 6.08680579716747e-07
31 4.10658117289131e-07
32 3.24949581909095e-07
33 3.09459579739269e-07
34 2.46447967811037e-07
35 1.86783637445842e-07
36 1.86783637445842e-07
37 1.86783637445842e-07
38 1.86783637445842e-07
39 1.86783637445842e-07
40 1.86783637445842e-07
41 1.86783637445842e-07
42 1.86783637445842e-07
43 1.86783637445842e-07
44 1.86783637445842e-07
45 1.86783637445842e-07
46 1.86783637445842e-07
47 1.86783637445842e-07
48 1.86783637445842e-07
49 1.86783637445842e-07
50 1.86783637445842e-07
51 1.86783637445842e-07
52 1.86783637445842e-07
53 1.86783637445842e-07
54 1.86783637445842e-07
55 1.86783637445842e-07
56 1.86783637445842e-07
57 1.86783637445842e-07
58 1.86783637445842e-07
59 1.86783637445842e-07
60 1.86783637445842e-07
61 1.86783637445842e-07
62 1.12738888446984e-07
63 1.05442175879489e-07
