0 4974.3583984375
1 5.9339280128479
2 4.68460178375244
3 3.96799182891846
4 2.87705612182617
5 1.98567843437195
6 1.85543179512024
7 1.36931979656219
8 1.30598080158234
9 1.13149607181549
10 0.807110667228699
11 0.698948740959167
12 0.632245004177094
13 0.533826172351837
14 0.462182343006134
15 0.442606270313263
16 0.347027689218521
17 0.321633666753769
18 0.244261413812637
19 0.236267656087875
20 0.180097445845604
21 0.170859202742577
22 0.128849625587463
23 0.0968751981854439
24 0.0777210146188736
25 0.0501216873526573
26 0.0390420705080032
27 0.0243871361017227
28 0.0157157462090254
29 0.00879089068621397
30 0.00451022060588002
31 0.000639366859104484
32 0.000295743899187073
33 0.000295743899187073
34 0.000295743899187073
35 0.000295743899187073
36 0.000295743899187073
37 0.000295743899187073
38 0.000295743899187073
39 0.000295743899187073
40 0.000295743899187073
41 0.000295743899187073
42 0.000295743899187073
43 0.000295743899187073
44 0.000295743899187073
45 0.000295743899187073
46 0.000295743899187073
47 0.000295743899187073
48 0.000295743899187073
49 0.000295743899187073
50 0.000295743899187073
51 0.000295743899187073
52 0.000295743899187073
53 0.000295743899187073
54 0.000295743899187073
55 0.000295743899187073
56 0.000295743899187073
57 0.000295743899187073
58 0.000295743899187073
59 0.000295743899187073
60 0.000295743899187073
61 0.000295743899187073
62 0.000295743899187073
63 5.24834613315761e-05
