0 1.50058126449585
1 1.31416344642639
2 1.29044663906097
3 1.23771500587463
4 1.20994222164154
5 1.11864387989044
6 1.00427496433258
7 0.966588079929352
8 0.941505968570709
9 0.875089526176453
10 0.829337239265442
11 0.824048340320587
12 0.753226935863495
13 0.711343944072723
14 0.681957602500916
15 0.656196653842926
16 0.574127018451691
17 0.539147675037384
18 0.471434205770493
19 0.462229400873184
20 0.373007237911224
21 0.344830542802811
22 0.315144956111908
23 0.257829874753952
24 0.245395675301552
25 0.149338558316231
26 0.141675636172295
27 0.124107621610165
28 0.0881120637059212
29 0.0666569694876671
30 0.0113776493817568
31 3.8984919115137e-07
