0 3.40301012992859
1 3.20483994483948
2 3.03586030006409
3 2.28140139579773
4 2.03517031669617
5 1.86377942562103
6 1.7242648601532
7 1.62220525741577
8 1.491694688797
9 1.39795982837677
10 1.37293219566345
11 1.28352499008179
12 1.22314691543579
13 1.13838613033295
14 1.09663379192352
15 1.04779696464539
16 0.979712009429932
17 0.940009653568268
18 0.897183895111084
19 0.875536322593689
20 0.831261813640594
21 0.756965637207031
22 0.716042995452881
23 0.684317946434021
24 0.649789690971375
25 0.615921318531036
26 0.540551543235779
27 0.497263729572296
28 0.453350692987442
29 0.3796606361866
30 8.11340839845798e-07
31 5.14932139594748e-07
