0 0.601573288440704
1 0.566541314125061
2 0.536669492721558
3 0.403298437595367
4 0.359770715236664
5 0.329472571611404
6 0.304809778928757
7 0.286768108606339
8 0.263696908950806
9 0.247126832604408
10 0.242702528834343
11 0.226897403597832
12 0.216223999857903
13 0.201240107417107
14 0.19385938346386
15 0.185226142406464
16 0.173190325498581
17 0.166171818971634
18 0.158601269125938
19 0.154774457216263
20 0.146947771310806
21 0.133813843131065
22 0.126579731702805
23 0.120971485972404
24 0.114867642521858
25 0.108880542218685
26 0.0955569371581078
27 0.0879046767950058
28 0.0801418423652649
29 0.0671151578426361
30 1.43426248655487e-07
31 8.16384826407557e-08
