0 1.16495203971863
1 0.881612479686737
2 0.567415773868561
3 0.443683862686157
4 0.381187438964844
5 0.278426051139832
6 0.25600203871727
7 0.224941849708557
8 0.21500301361084
9 0.162076890468597
10 0.132188484072685
11 0.113223299384117
12 0.0972558632493019
13 0.082093633711338
14 0.0700743272900581
15 0.066148042678833
16 0.0484710447490215
17 0.0439303033053875
18 0.0402888767421246
19 0.0310420971363783
20 0.0279337428510189
21 0.0248690564185381
22 0.0205657407641411
23 0.0121981175616384
24 0.00506134005263448
25 0.00440001673996449
26 0.00327839911915362
27 0.00236798590049148
28 0.000364529900252819
29 7.87593817221932e-05
30 7.61350307243447e-08
31 4.72609364976506e-08
32 4.72609364976506e-08
33 4.72609364976506e-08
34 4.72609364976506e-08
35 4.72609364976506e-08
36 4.72609364976506e-08
37 4.72609364976506e-08
38 4.72609364976506e-08
39 4.72609364976506e-08
40 4.72609364976506e-08
41 4.72609364976506e-08
42 4.72609364976506e-08
43 4.72609364976506e-08
44 4.72609364976506e-08
45 4.72609364976506e-08
46 4.72609364976506e-08
47 4.72609364976506e-08
48 4.72609364976506e-08
49 4.72609364976506e-08
50 4.72609364976506e-08
51 4.72609364976506e-08
52 4.72609364976506e-08
53 4.72609364976506e-08
54 4.72609364976506e-08
55 4.72609364976506e-08
56 4.72609364976506e-08
57 4.72609364976506e-08
58 4.72609364976506e-08
59 4.72609364976506e-08
60 4.72609364976506e-08
61 4.72609364976506e-08
62 4.72609364976506e-08
63 4.72609364976506e-08
