x  y
2334573 4.37721610069275e-08
2346860 4.37721610069275e-08
2361290 4.37721610069275e-08
2382957 4.37721610069275e-08
2395244 4.37721610069275e-08
2409674 4.37721610069275e-08
2334573 4.4703483581543e-08
2346860 4.4703483581543e-08
2361290 4.4703483581543e-08
2382957 4.4703483581543e-08
2395244 4.4703483581543e-08
2409674 4.4703483581543e-08
2325741 4.56348061561585e-08
2334573 4.56348061561585e-08
2338028 4.56348061561585e-08
2346860 4.56348061561585e-08
2352458 4.56348061561585e-08
2361290 4.56348061561585e-08
2374125 4.56348061561585e-08
2382957 4.56348061561585e-08
2386412 4.56348061561585e-08
2395244 4.56348061561585e-08
2400842 4.56348061561585e-08
2409674 4.56348061561585e-08
2325741 4.65661287307739e-08
2334573 4.65661287307739e-08
2338028 4.65661287307739e-08
2346860 4.65661287307739e-08
2352458 4.65661287307739e-08
2361290 4.65661287307739e-08
2374125 4.65661287307739e-08
2382957 4.65661287307739e-08
2386412 4.65661287307739e-08
2395244 4.65661287307739e-08
2400842 4.65661287307739e-08
2409674 4.65661287307739e-08
2325741 4.74974513053894e-08
2334573 4.74974513053894e-08
2338028 4.74974513053894e-08
2346860 4.74974513053894e-08
2352458 4.74974513053894e-08
2361290 4.74974513053894e-08
2374125 4.74974513053894e-08
2382957 4.74974513053894e-08
2386412 4.74974513053894e-08
2395244 4.74974513053894e-08
2400842 4.74974513053894e-08
2409674 4.74974513053894e-08
2325741 4.84287738800049e-08
2334573 4.84287738800049e-08
2338028 4.84287738800049e-08
2346860 4.84287738800049e-08
2352458 4.84287738800049e-08
2361290 4.84287738800049e-08
2374125 4.84287738800049e-08
2382957 4.84287738800049e-08
2386412 4.84287738800049e-08
2395244 4.84287738800049e-08
2400842 4.84287738800049e-08
2409674 4.84287738800049e-08
2325741 4.93600964546204e-08
2334573 4.93600964546204e-08
2338028 4.93600964546204e-08
2346860 4.93600964546204e-08
2352458 4.93600964546204e-08
2361290 4.93600964546204e-08
2374125 4.93600964546204e-08
2382957 4.93600964546204e-08
2386412 4.93600964546204e-08
2395244 4.93600964546204e-08
2400842 4.93600964546204e-08
2409674 4.93600964546204e-08
2325741 5.02914190292358e-08
2334573 5.02914190292358e-08
2338028 5.02914190292358e-08
2346860 5.02914190292358e-08
2352458 5.02914190292358e-08
2361290 5.02914190292358e-08
2374125 5.02914190292358e-08
2382957 5.02914190292358e-08
2386412 5.02914190292358e-08
2395244 5.02914190292358e-08
2400842 5.02914190292358e-08
2409674 5.02914190292358e-08
2354506 0.00129035115242
2340076 0.0018594339489936
2327789 0.0018596500158309
2363338 0.0023887660354375
2363338 0.0024074437096714
2336621 0.0024257861077785
2348908 0.0024257861077785
2336621 0.0024487813934683
2348908 0.0024801734834909
2336621 0.0029933964833617
2348908 0.0030811643227934
2363338 0.0033321045339107
2363338 0.0034667225554585
2327789 0.0035616299137473
2340076 0.0039033265784382
2336621 0.0039271218702197
2348908 0.0040113627910614
2336621 0.0044123083353042
2348908 0.0045906007289886
2354506 0.0053047612309455
2340076 0.005746180191636
2327789 0.0057603670284152
2363338 0.006825229153037
2354506 0.0077975150197744
2340076 0.0079558761790394
2327789 0.0083600673824548
2348908 0.0086312424391508
2363338 0.0088477628305554
2354506 0.0088637229055166
2348908 0.0089977271854877
2336621 0.0099656367674469
2354506 0.0099833598360419
2327789 0.0099929952993988
2340076 0.0100835729390382
2336621 0.0102847758680582
2363338 0.0107789458706974
2354506 0.0109809515997767
2340076 0.0114938057959079
2327789 0.0117389746010303
2363338 0.0119634475558996
2336621 0.0125569971278309
2336621 0.0125899948179721
2348908 0.0126910731196403
2363338 0.0129103893414139
2363338 0.0130414869636297
2348908 0.0132367797195911
2327789 0.013585046865046
2336621 0.0137772904708981
2348908 0.013812243938446
2354506 0.0143703464418649
2348908 0.0149228852242231
2340076 0.0150913801044225
2363338 0.0153280906379222
2363338 0.0155797014012932
2336621 0.0158927654847502
2363338 0.0159404017031192
2348908 0.0162740219384431
2336621 0.016453462652862
2336621 0.0165521949529647
2363338 0.0165734123438596
2336621 0.0166405495256185
2348908 0.0172015530988574
2348908 0.0172305703163146
2348908 0.017511467449367
2340076 0.0175769673660397
2354506 0.0178920878097414
2354506 0.0179203823208808
2340076 0.0180591400712728
2336621 0.0180701809003949
2363338 0.0181014910340309
2327789 0.0182757386937737
2363338 0.0187315987423062
2348908 0.0188649175688624
2340076 0.0189758678898215
2354506 0.0190903609618544
2327789 0.0195132587105035
2336621 0.0195577424019575
2354506 0.019836557097733
2327789 0.0200376017019152
2348908 0.0201474940404295
2354506 0.0201833294704556
2340076 0.0203935196623206
2336621 0.0204641381278634
2327789 0.0205147545784711
2340076 0.0205522235482931
2340076 0.0206783544272184
2327789 0.0207376414909958
2327789 0.0208303444087505
2354506 0.0210880124941468
2354506 0.0214157132431864
2327789 0.0214616386219859
2348908 0.0215858872979879
2348908 0.0220063254237175
2354506 0.0221063252538442
2336621 0.0223133480176329
2363338 0.0224869269877672
2336621 0.0226883776485919
2327789 0.0227147415280342
2363338 0.0234277555719017
2336621 0.0236974479630589
2340076 0.0239243311807513
2340076 0.024033741094172
2348908 0.0240945108234882
2363338 0.0242548687383532
2336621 0.0256697926670312
2363338 0.0256826104596257
2348908 0.0265717040747404
2363338 0.0267118830233812
2348908 0.0271586887538433
2363338 0.0273322975262999
2336621 0.027428357861936
2348908 0.0276680290699005
2336621 0.0280898390337824
2348908 0.0281393388286232
2363338 0.0282110581174492
2336621 0.0282903304323554
2348908 0.0285515608265995
2336621 0.0286974450573325
2336621 0.0287692518904805
2363338 0.0288262413814663
2363338 0.0290218070149421
2327789 0.0292106950655579
2363338 0.0292716519907116
2336621 0.0293210772797465
2348908 0.0294286319985985
2363338 0.0297248475253582
2363338 0.0299505367875099
2340076 0.0299563929438591
2348908 0.0299965720623731
2363338 0.0300076305866241
2340076 0.0301377726718783
2348908 0.0302019193768501
2336621 0.0304172784090042
2336621 0.0304695917293429
2336621 0.0306485872715711
2348908 0.0307497922331094
2354506 0.0310894101858139
2348908 0.0313470205292105
2340076 0.0313739469274878
2363338 0.0315222349017858
2327789 0.0317126819863915
2354506 0.0318896453827619
2354506 0.0319137629121542
2363338 0.0323980962857604
2327789 0.0327392872422933
2363338 0.0329789370298385
2340076 0.0331520494073629
2327789 0.0331652713939547
2327789 0.0333509119227528
2340076 0.0333669986575841
2336621 0.0334485257044434
2354506 0.033865787088871
2336621 0.0338847115635871
2354506 0.0338938906788826
2348908 0.0341539569199085
2348908 0.0343028316274285
2354506 0.0343727050349116
2340076 0.0344132632017135
2363338 0.0344319138675928
2354506 0.0346585707738995
2348908 0.0348030058667063
2336621 0.0348721779882907
2336621 0.0348981134593486
2327789 0.0349322650581598
2348908 0.0349651994183659
2348908 0.0350079257041215
2336621 0.035077242180705
2340076 0.0351182343438267
2327789 0.0353832934051752
2363338 0.0355417365208268
2327789 0.0360615765675902
2363338 0.0361912176012992
2363338 0.0363151589408516
2340076 0.0365310497581958
2354506 0.0366075281053781
2354506 0.0366855701431632
2363338 0.0368377892300486
2336621 0.0369058512151241
2348908 0.0375047624111175
2340076 0.0376970777288079
2340076 0.0378215853124856
2348908 0.0379028720781207
2327789 0.0379162095487117
2363338 0.0379229374229908
2336621 0.0379820885136723
2348908 0.0380150834098458
2336621 0.0381116801872849
2327789 0.0382932433858513
2363338 0.0383354611694812
2354506 0.0386406164616346
2363338 0.0388110456988215
2340076 0.0388584211468696
2354506 0.0389179354533553
2336621 0.0391862103715539
2363338 0.0392855424433946
2336621 0.0394717901945114
2354506 0.039480154402554
2336621 0.0396302975714206
2363338 0.0397247476503253
2354506 0.0397339910268783
2363338 0.0399522650986909
2348908 0.0399771276861429
2348908 0.0400745356455445
2340076 0.0407639071345329
2348908 0.0407873978838324
2327789 0.0408698981627821
2340076 0.0408842405304312
2348908 0.0412806402891874
2354506 0.0416893390938639
2327789 0.0418342882767319
2336621 0.042257772758603
2327789 0.0424617137759923
2354506 0.0424874182790517
2340076 0.0428866567090153
2327789 0.0429571159183979
2348908 0.0431540114805102
2327789 0.0431776512414217
2327789 0.0434388406574726
2348908 0.0445153852924704
2354506 0.045113630592823
2336621 0.0451994221657514
2340076 0.0452910531312227
2340076 0.045444362796843
2340076 0.0454637566581368
2348908 0.0454740161076188
2336621 0.0456601176410913
2354506 0.0457921465858817
2354506 0.0460169157013297
2327789 0.0460231266915798
2363338 0.0460237385705113
2348908 0.0460802651941776
2340076 0.0462834378704428
2327789 0.0465164091438055
2348908 0.0465428261086344
2340076 0.046576740220189
2336621 0.0466631902381777
2336621 0.0467185191810131
2336621 0.0468051834031939
2354506 0.0470486963167786
2363338 0.0470540355890989
2363338 0.0471121156588196
2336621 0.0471540428698062
2327789 0.0474288808181881
2363338 0.0474957069382071
2340076 0.04749670997262
2340076 0.0476378155872225
2363338 0.0477511212229728
2354506 0.0478951036930084
2327789 0.0479287523776292
2354506 0.0480116000398993
2348908 0.048037645407021
2327789 0.0484522329643368
2340076 0.0484610740095377
2327789 0.0485473219305276
2340076 0.0485526584088802
2354506 0.0485859494656324
2327789 0.0486907912418246
2354506 0.0494223134592175
2363338 0.04943607468158
2327789 0.0497706849128007
2336621 0.0504230456426739
2354506 0.0506973871961236
2340076 0.0509825348854064
2348908 0.0510200802236795
2363338 0.0510310977697372
2348908 0.0513271577656269
2354506 0.0518106957897543
2340076 0.0525394352152943
2363338 0.0526161789894104
2327789 0.0528041282668709
2327789 0.0528925061225891
2354506 0.0533126005902886
2363338 0.0536518935114145
2354506 0.0537233455106616
2336621 0.0537331253290176
2327789 0.0537568898871541
2336621 0.0539082596078515
2354506 0.0541082667186856
2348908 0.0541563536971807
2336621 0.0542864063754677
2354506 0.0544803300872445
2354506 0.0544853387400507
2354506 0.0545090921223163
2340076 0.0546086160466074
2327789 0.0546600967645645
2340076 0.0547460280358791
2348908 0.0547934146597981
2336621 0.0548053653910756
2348908 0.0548622589558362
2327789 0.0549650294706225
2348908 0.0550308721140027
2363338 0.0553339002653956
2363338 0.0554284593090415
2336621 0.0554356211796402
2348908 0.0554496375843882
2340076 0.0555154290050268
2348908 0.055517004802823
2340076 0.0555686550214886
2363338 0.0558349536731839
2348908 0.0559269050136208
2336621 0.0561659280210733
2363338 0.0561714153736829
2336621 0.0562215140089392
2354506 0.0563767561689019
2340076 0.0564264049753546
2327789 0.0564528126269578
2327789 0.0564971528947353
2336621 0.0566412778571248
2354506 0.0566957481205463
2363338 0.0568726984784007
2363338 0.0569359855726361
2348908 0.0569773288443684
2363338 0.0571314385160803
2336621 0.0582527639344334
2340076 0.0582807585597038
2348908 0.0582986595109105
2336621 0.05836115591228
2340076 0.0584429502487182
2348908 0.0584662640467286
2336621 0.0584866665303707
2348908 0.0589941032230854
2363338 0.0590905779972672
2340076 0.0592659600079059
2354506 0.059462072327733
2336621 0.059558730572462
2354506 0.059572740457952
2363338 0.0596040552482008
2336621 0.0596342468634247
2354506 0.0596535401418805
2363338 0.0596548849716782
2348908 0.0596903376281261
2363338 0.0597003009170293
2340076 0.0598547123372554
2336621 0.0598727762699127
2348908 0.0599288130179047
2327789 0.0599477989599108
2354506 0.0599777968600392
2363338 0.0599780781194567
2327789 0.0608027512207627
2340076 0.0609355457127094
2336621 0.0609575053676962
2327789 0.0609806049615144
2348908 0.0611069509759545
2348908 0.0612751748412847
2336621 0.0614099986851215
2340076 0.0614179065451025
2340076 0.0615173419937491
2354506 0.0615355046465992
2363338 0.0616191625595092
2340076 0.0616311198100447
2363338 0.0616953186690807
2327789 0.0618678890168666
2327789 0.0618696073070168
2327789 0.0619026571512222
2340076 0.0620745569467544
2363338 0.0622664475813508
2327789 0.0623560072854161
2348908 0.0627928525209426
2363338 0.0630946205928921
2348908 0.0631519518792629
2363338 0.0632509868592023
2354506 0.0633239867165684
2327789 0.0634041782468557
2354506 0.0635158373042941
2336621 0.0635756375268101
2340076 0.0637870477512478
2348908 0.0639082761481404
2336621 0.06404500734061
2348908 0.0645742937922477
2354506 0.064641322940588
2336621 0.0647067287936806
2336621 0.0647855093702673
2363338 0.0647999234497547
2340076 0.0650721527636051
2363338 0.0652574338018894
2348908 0.0652760891243815
2327789 0.0655751377344131
2363338 0.0657373694702982
2336621 0.0657800082117319
2340076 0.065873465500772
2327789 0.0660261772572994
2348908 0.0660588527098298
2363338 0.0660765022039413
2363338 0.066278045065701
2336621 0.0663211168721318
2363338 0.066328571178019
2348908 0.0666766995564103
2363338 0.0667267628014087
2327789 0.0667525613680481
2363338 0.0671320082619786
2340076 0.0673441318795085
2354506 0.0677179358899593
2327789 0.0679711354896426
2336621 0.0680307289585471
2363338 0.0683341473340988
2327789 0.0683747669681906
2336621 0.0684347450733184
2348908 0.0685546081513166
2336621 0.0687315231189131
2348908 0.0689104683697223
2327789 0.0689629539847374
2363338 0.0689849639311432
2363338 0.0691266106441617
2336621 0.0695316102355718
2354506 0.0696356436237692
2336621 0.0697386814281344
2363338 0.0698878215625882
2348908 0.07003790512681
2336621 0.0701207043603062
2354506 0.0701514119282364
2363338 0.070213034749031
2336621 0.0702697979286313
2336621 0.0702843256294727
2363338 0.0704264072701335
2348908 0.0706783691421151
2336621 0.0707649327814579
2348908 0.0708803432062268
2327789 0.0709711099043488
2336621 0.0710237771272659
2348908 0.0710345646366477
2340076 0.0712138293310999
2354506 0.0712420344352722
2348908 0.071504607796669
2340076 0.0717001399025321
2336621 0.0717461016029119
2363338 0.0718863727524876
2348908 0.0719405701383948
2327789 0.0721319131553173
2348908 0.072257193736732
2363338 0.0725337313488125
2327789 0.072671977803111
2340076 0.0726776979863643
2336621 0.0726995905861258
2327789 0.0727373035624623
2354506 0.0728231165558099
2348908 0.0729452557861805
2340076 0.0732469270005822
2336621 0.0733173582702875
2354506 0.0733320685103535
2340076 0.073413748294115
2327789 0.0737438192591071
2348908 0.0738090313971042
2363338 0.0741181932389736
2336621 0.0741379372775554
2340076 0.0742390919476747
2363338 0.0742722004652023
2354506 0.0742876911535859
2336621 0.0743619967252016
2348908 0.0743933776393532
2363338 0.0745305670425295
2348908 0.0745851108804345
2354506 0.0747020468115806
2340076 0.0747484127059578
2340076 0.0747724026441574
2354506 0.0747734205797314
2348908 0.0748607954010367
2354506 0.0749022662639617
2348908 0.0750216040760278
2363338 0.0755390161648392
2348908 0.075545004568994
2327789 0.075662855990231
2348908 0.0758007457479834
2363338 0.0758729539811611
2348908 0.0759031912311911
2363338 0.0759190088137984
2336621 0.0759859001263976
2348908 0.0760247176513075
2336621 0.0764025626704096
2354506 0.0764071885496378
2340076 0.0765601713210344
2340076 0.076749162748456
2340076 0.0767852822318673
2336621 0.076814011670649
2327789 0.0768639426678419
2354506 0.0770887844264507
2363338 0.0771668460220098
2327789 0.0773094724863767
2354506 0.0774207469075918
2336621 0.0777309769764542
2340076 0.0778086222708225
2348908 0.0780259994789958
2363338 0.078145183622837
2354506 0.0781824719160795
2327789 0.0783266862854361
2327789 0.0784779982641339
2336621 0.0785781415179371
2348908 0.0785824442282319
2354506 0.0786675428971648
2336621 0.078828495927155
2327789 0.0791948707774281
2327789 0.0793733820319175
2340076 0.0795838283374905
2363338 0.0796255562454462
2363338 0.079712301492691
2363338 0.0799412662163376
2363338 0.0801795311272144
2348908 0.0805339738726615
2348908 0.0806712517514824
2363338 0.0807277411222457
2354506 0.0807669125497341
2363338 0.0808940110728144
2348908 0.0810012472793459
2363338 0.0811965512111783
2336621 0.0812715385109186
2336621 0.0813135225325822
2336621 0.0813267901539802
2363338 0.0815971391275525
2363338 0.0817086733877658
2348908 0.0817880360409617
2363338 0.0817926824092865
2336621 0.0818379204720258
2336621 0.0818511424586176
2363338 0.0821516336873173
2336621 0.0821692962199449
2336621 0.0822914922609925
2363338 0.0824114438146352
2336621 0.0825024927034974
2340076 0.0825658245012164
2348908 0.0826859595254063
2336621 0.0828056670725345
2336621 0.0828265268355608
2348908 0.083005235530436
2348908 0.0830287020653486
2363338 0.0831333855167031
2363338 0.0831379862502217
2336621 0.083165293559432
2348908 0.083320340141654
2348908 0.0834988793358206
2348908 0.0836620731279254
2363338 0.0838520638644695
2336621 0.0839122822508215
2348908 0.0840412825345993
2336621 0.0841214852407574
2348908 0.0842643789947032
2336621 0.0842679962515831
2348908 0.0846262378618121
2336621 0.0847010500729084
2348908 0.0847203349694609
2348908 0.0848255986347794
2363338 0.085020488128066
2336621 0.0850872294977307
2363338 0.085309132002294
2336621 0.0853322092443704
2354506 0.0853591514751315
2336621 0.0854599215090274
2336621 0.0857287300750613
2363338 0.0858598044142127
2336621 0.0859177280217409
2354506 0.0859294440597295
2348908 0.0861845389008522
2340076 0.0862010894343257
2327789 0.0863237809389829
2336621 0.0864421604201197
2348908 0.086588317528367
2348908 0.0866889907047152
2336621 0.0867997389286756
2363338 0.086815602146089
2363338 0.0869163526222109
2348908 0.0872379140928387
2363338 0.0875859539955854
2348908 0.0878412555903196
2363338 0.0881127528846263
2340076 0.0881205480545759
2363338 0.0881633311510086
2354506 0.0882421471178531
2348908 0.0882493434473872
2327789 0.0884033357724547
2348908 0.0887357536703348
2363338 0.0889465203508734
2354506 0.0889686541631817
2336621 0.0893842102959752
2348908 0.0895021371543407
2336621 0.0896607097238302
2348908 0.0899179195985198
2363338 0.0900556733831763
2363338 0.0904745515435934
2336621 0.0905189393088221
2363338 0.0910728396847844
2354506 0.0913712168112397
2336621 0.0915250508114695
2348908 0.0915892962366342
2363338 0.0916993338614702
2348908 0.0920986142009496
2336621 0.0925449393689632
2327789 0.0928024342283606
2363338 0.0928820744156837
2363338 0.0932073723524808
2348908 0.0934688104316592
2327789 0.0935534974560141
2336621 0.0937823830172419
2336621 0.0938208485022187
2340076 0.0938571374863386
2348908 0.094155479222536
2354506 0.0944573245942592
2340076 0.0946434643119573
2340076 0.0948844440281391
2354506 0.0950193097814917
2348908 0.0952410539612174
2354506 0.0952715491876006
2340076 0.0955859022215008
2336621 0.0956654930487275
2336621 0.0958095891401171
2363338 0.0965059297159314
2340076 0.096671481616795
2327789 0.0966889057308435
2327789 0.0967624215409159
2363338 0.096802894026041
2354506 0.0968944141641259
2336621 0.0969303362071514
2354506 0.0972770098596811
2348908 0.0972923757508397
2340076 0.0974577711895108
2327789 0.0975675946101546
2348908 0.0978427687659859
2363338 0.0978443603962659
2354506 0.09789914265275
2363338 0.0979357585310936
2327789 0.0980418045073747
2348908 0.0980476373806595
2327789 0.0981167359277606
2363338 0.0981432432308793
2336621 0.0982571970671415
2348908 0.0982867600396275
2336621 0.0984408417716622
2348908 0.0988531578332185
2336621 0.0988708194345235
2348908 0.0990696046501398
2354506 0.0991870099678635
2348908 0.0992910880595445
2363338 0.0993731133639812
2340076 0.0996412588283419
2336621 0.100057567469776
2348908 0.100068340077996
2340076 0.100136767141521
2327789 0.10020827036351
2363338 0.100559138692915
2354506 0.100592027418315
2340076 0.100612873211503
2327789 0.100721214897931
2327789 0.100792743265629
2336621 0.100870477966964
2348908 0.100942200981081
2363338 0.101266480982304
2348908 0.10135353077203
2363338 0.101462796330452
2354506 0.101488495245576
2336621 0.101499859243631
2336621 0.101849014870822
2327789 0.101928742602467
2327789 0.101966441608965
2363338 0.102043650113046
2354506 0.102225287817419
2363338 0.102232003584504
2327789 0.102390526793897
2354506 0.102967874146998
2354506 0.102977969683707
2340076 0.10304538346827
2327789 0.103277345187962
2348908 0.10338537953794
2336621 0.103481029160321
2348908 0.103531238622963
2340076 0.103547834791243
2327789 0.103554922156036
2336621 0.103706479072571
2354506 0.103798197582364
2363338 0.103829676285386
2336621 0.103840208612382
2348908 0.103889675810933
2340076 0.1039116717875
2348908 0.104167650453746
2340076 0.104427928104997
2340076 0.104451802559197
2336621 0.104550146497786
2363338 0.104638655669987
2348908 0.104660872370005
2340076 0.104703487828374
2363338 0.104820347391069
2340076 0.105001454241574
2363338 0.105086712166667
2336621 0.105164152570069
2327789 0.105518789030612
2363338 0.10566614381969
2354506 0.10571298096329
2348908 0.105898934416473
2348908 0.106095133349299
2336621 0.106233810074627
2336621 0.106359098106623
2363338 0.106471098959446
2327789 0.106809242628515
2363338 0.106850038282573
2340076 0.106951905414462
2354506 0.107038154266775
2327789 0.107408381067216
2336621 0.107813739217818
2336621 0.108052160590887
2336621 0.108071126975119
2354506 0.108142645098269
2336621 0.108931543305516
2348908 0.108941706828773
2363338 0.109002385288477
2327789 0.109011812135577
2336621 0.109074724838138
2340076 0.109672334976494
2340076 0.109810367226601
2348908 0.110382598824799
2354506 0.11047822702676
2327789 0.110671108588576
2354506 0.110679687932134
2354506 0.110722093842924
2336621 0.110934874042869
2336621 0.110971627756953
2354506 0.111365065909922
2340076 0.111728044226766
2327789 0.111784582957625
2327789 0.112032196484506
2348908 0.112044264562428
2348908 0.112083065323532
2327789 0.112145629711449
2348908 0.112202093936503
2354506 0.112553180195391
2340076 0.112802263349295
2354506 0.112833295017481
2348908 0.113009635359049
2348908 0.113026735372841
2363338 0.113223776221275
2340076 0.113260254263878
2336621 0.113296555355191
2363338 0.11361353751272
2348908 0.114055251702666
2348908 0.114184098318219
2327789 0.1142583405599
2363338 0.114515092223883
2348908 0.11465641669929
2363338 0.114984008483589
2340076 0.115021399222314
2354506 0.115169653669
2363338 0.115211178548634
2327789 0.115258445963263
2340076 0.115441733039916
2336621 0.115454433485865
2340076 0.115553321316838
2348908 0.115998381748795
2348908 0.116053490899503
2354506 0.116128369234502
2327789 0.116145375184715
2363338 0.116509373299777
2336621 0.116674428805709
2354506 0.116683178581297
2336621 0.117131622508168
2340076 0.117338106967509
2348908 0.117454973049462
2327789 0.11750272102654
2348908 0.118162976577878
2340076 0.118169420398772
2340076 0.118625057861209
2336621 0.118932764045894
2336621 0.119020857848227
2327789 0.119259453378618
2336621 0.119389508850873
2354506 0.119417783804238
2363338 0.11959922965616
2354506 0.120262042619288
2340076 0.120281684212387
2354506 0.12034101691097
2327789 0.120656874030828
2354506 0.120902547612786
2363338 0.121338040567934
2363338 0.122358952648938
2363338 0.122435037046671
2336621 0.122496304102242
2363338 0.122582451440394
2336621 0.12268992792815
2348908 0.122806481085718
2340076 0.12332540936768
2348908 0.123511952348053
2327789 0.123644988052547
2336621 0.123809426091611
2363338 0.124044525437057
2340076 0.124046429991722
2363338 0.124148091301322
2363338 0.12451187428087
2363338 0.124513750895858
2363338 0.124775550328195
2354506 0.124920068308711
2327789 0.124947441741824
2327789 0.124953775666654
2340076 0.125032374635339
2340076 0.125449420884252
2354506 0.126104312948882
2340076 0.126328737474978
2336621 0.126331251114607
2363338 0.126342417672276
2327789 0.126464695669711
2336621 0.126599091105163
2327789 0.126732668839395
2348908 0.127042334526777
2336621 0.127144272439182
2348908 0.127475897781551
2340076 0.127888634800911
2340076 0.127900049090385
2327789 0.128236803226173
2348908 0.12855311948806
2363338 0.128778223879635
2336621 0.128879471682012
2363338 0.129447129555047
2363338 0.129591196775436
2348908 0.129718752577901
2363338 0.129840004257858
2348908 0.129866206087172
2354506 0.130049481987953
2363338 0.130459124222398
2348908 0.130553876981139
2327789 0.130588003434241
2336621 0.131014629267156
2336621 0.131354522891343
2348908 0.13159242272377
2348908 0.132847582921386
2336621 0.132884562946856
2336621 0.1330337645486
2336621 0.133541126735508
2340076 0.133678276091814
2363338 0.133968971669674
2354506 0.134670455008745
2348908 0.135039280168712
2336621 0.135541321709752
2354506 0.135818604379892
2354506 0.13624021038413
2348908 0.136964905075729
2327789 0.138233750127256
2340076 0.138781975954771
2348908 0.139100058935583
2363338 0.139312660321593
2336621 0.139652070589363
2336621 0.139692407101393
2327789 0.140197503380477
2348908 0.140504973940551
2363338 0.143229466862976
2363338 0.143506163731217
2354506 0.14409170486033
2327789 0.147961478680372
2336621 0.148222887888551
2363338 0.148814647458494
2327789 0.149107006378472
2354506 0.149402579292655
2354506 0.149890149943531
2363338 0.149892679415643
2340076 0.149987996555865
2363338 0.150058640167117
2348908 0.15019746683538
2340076 0.150846845470369
2336621 0.151201124303043
2340076 0.151263348758221
2336621 0.151696289889514
2354506 0.151836200617254
2327789 0.153619860298932
2354506 0.154066607356071
2336621 0.15497521776706
2348908 0.155002232640982
2363338 0.155221310444176
2340076 0.155221895314753
2348908 0.155225771479309
2348908 0.155259110964835
2327789 0.15542577765882
2336621 0.155659991316497
2348908 0.156274708919227
2354506 0.15637837536633
2327789 0.156729511916637
2363338 0.157720688730478
2336621 0.158047430217266
2336621 0.15819083340466
2340076 0.158638658933342
2348908 0.158834340050817
2348908 0.158929141238332
2363338 0.159196224063635
2348908 0.159488567151129
2363338 0.160057528875768
2336621 0.16009384021163
2327789 0.160380393266678
2340076 0.160737442784011
2348908 0.160773186013103
2363338 0.160795405507088
2363338 0.161841948516667
2336621 0.163066585548222
2363338 0.163282294757664
2336621 0.163988662883639
2336621 0.16416067071259
2348908 0.165336948819458
2348908 0.166481105610728
2348908 0.167955787852407
2354506 0.170220163650811
2327789 0.171165575273335
2340076 0.171664210967719
2336621 0.172703765332699
2363338 0.176097758114338
2363338 0.17671871278435
2402890 0.178803676739335
2348908 0.1813211934641
2336621 0.181906427256763
2340076 0.182129105553031
2327789 0.182484759949148
2388460 0.182694280520081
2354506 0.184839656576514
2411722 0.189043794758618
2376173 0.18910938501358
2397292 0.193319058045745
2363338 0.194242538884282
2385005 0.1948546404019
2336621 0.195131496526301
2348908 0.196581022813916
2397292 0.197115468792617
2385005 0.19802357442677
2411722 0.198636992834508
2348908 0.200081639923155
2336621 0.203515069559216
2363338 0.205391135066748
2402890 0.205833143554628
2411722 0.206448966637254
2397292 0.206544276326895
2385005 0.207018528133631
2388460 0.208225888200104
2376173 0.208979338407516
2376173 0.211870823055506
2388460 0.212480414658785
2402890 0.213231676258147
2402890 0.213797832839191
2376173 0.21526710037142
2411722 0.216776810586452
2388460 0.217392104677856
2411722 0.22028552275151
2385005 0.221187992952764
2397292 0.22121848911047
2397292 0.221616182476282
2385005 0.223261668346822
2402890 0.223534020595252
2376173 0.226544494740665
2402890 0.227659980766475
2385005 0.228746058419347
2411722 0.229047843255103
2397292 0.230618859641254
2388460 0.231493435800076
2397292 0.231848274357617
2385005 0.232594917528331
2388460 0.232774334028363
2376173 0.233328556641936
2397292 0.234648441895842
2402890 0.234970067627728
2411722 0.235499514266849
2397292 0.235573850572109
2411722 0.236430076882243
2411722 0.236645909026265
2385005 0.236802804283798
2402890 0.237290658988059
2376173 0.239133822731674
2411722 0.239980666898191
2385005 0.240846423432231
2397292 0.241105337627232
2411722 0.241701325401664
2385005 0.241945075802505
2402890 0.242121549323201
2388460 0.242893536575139
2397292 0.242941457778215
2385005 0.242980900220573
2388460 0.243030468933284
2376173 0.243432524614036
2411722 0.246913246810436
2385005 0.247424897737801
2385005 0.247708428651094
2397292 0.247885243967175
2411722 0.248118334449828
2411722 0.248125359416008
2411722 0.248163762502372
2388460 0.248210188932717
2397292 0.248364649713039
2376173 0.248613094910979
2385005 0.249607619829476
2385005 0.250571188516915
2376173 0.250694299116731
2397292 0.250705124810338
2411722 0.251293435692787
2397292 0.252109532244503
2402890 0.252147598192096
2385005 0.253015258349478
2385005 0.253019631840289
2411722 0.253210625611246
2385005 0.253272859379649
2388460 0.2534155305475
2397292 0.253863572143018
2388460 0.25394163094461
2397292 0.254167990759015
2411722 0.254493951797485
2397292 0.256225355900824
2402890 0.256262803450227
2397292 0.256684719584882
2411722 0.256734953261912
2385005 0.256838635541499
2388460 0.256842532195151
2397292 0.25723934173584
2385005 0.257521477527916
2402890 0.257644498720765
2411722 0.25820457469672
2385005 0.258394529111683
2376173 0.258420393802226
2376173 0.258581429719925
2402890 0.259090228006244
2397292 0.259778271429241
2402890 0.259799933992326
2385005 0.260919373482466
2411722 0.260983250103891
2411722 0.261204093694687
2402890 0.26146144606173
2411722 0.261938081122935
2388460 0.261968899518251
2397292 0.262172040529549
2411722 0.263593223877251
2376173 0.264923921786249
2385005 0.265265613794327
2411722 0.265603540465236
2385005 0.265722430311143
2376173 0.265827538445592
2397292 0.265905061736703
2411722 0.266007104888558
2411722 0.266131790354848
2402890 0.266724643297493
2388460 0.267339853569865
2385005 0.267406043596566
2388460 0.267750801518559
2411722 0.267900297418237
2397292 0.268590885214508
2411722 0.269129311665893
2397292 0.269176291301847
2402890 0.269350880756974
2397292 0.269551324658096
2388460 0.269696197472513
2402890 0.269723956473172
2385005 0.270409371703863
2397292 0.270717630162835
2411722 0.27074387203902
2411722 0.270790348760784
2376173 0.270819086581469
2411722 0.270854728296399
2411722 0.271101410500705
2397292 0.271324245259166
2388460 0.27160542178899
2397292 0.271920138038695
2385005 0.272355446591973
2376173 0.272386816330254
2397292 0.272593534551561
2385005 0.272628976032138
2397292 0.273026752285659
2411722 0.273063728585839
2385005 0.273316367529333
2388460 0.273385436274111
2376173 0.273977702483535
2402890 0.274742993526161
2411722 0.274797921068966
2397292 0.274997427128255
2411722 0.274999591521919
2385005 0.275159135460854
2385005 0.27565327566117
2397292 0.275783635675907
2376173 0.275942981243133
2376173 0.276418291963637
2397292 0.276465659961104
2397292 0.276518767699599
2385005 0.276637073606253
2397292 0.276746667921543
2397292 0.276772635988891
2385005 0.276930877007544
2385005 0.277080286294222
2385005 0.277084373869002
2385005 0.277330502867699
2376173 0.27745929826051
2385005 0.277620776556432
2388460 0.27805401571095
2411722 0.27825871668756
2411722 0.278361927717924
2411722 0.278505017980933
2388460 0.278587479144335
2402890 0.279130903072655
2385005 0.279261979274452
2397292 0.2794423205778
2411722 0.279705192893744
2385005 0.280018880963326
2376173 0.280097761191428
2411722 0.280384712852538
2388460 0.280593765899539
2397292 0.280935012735426
2388460 0.281550459563732
2411722 0.281667169183493
2402890 0.281785684637725
2411722 0.281854380853474
2385005 0.282029188238084
2376173 0.282372063957155
2397292 0.282374619506299
2388460 0.282632505521178
2411722 0.282690323889256
2411722 0.282750142738223
2376173 0.282914399169385
2397292 0.283366344869137
2385005 0.28354564961046
2388460 0.28377035446465
2402890 0.283915991894901
2402890 0.284077608957887
2402890 0.284908348694444
2397292 0.285128318704665
2402890 0.285415036603808
2385005 0.285803008824587
2402890 0.286196201108396
2402890 0.286315561272204
2411722 0.286417609080672
2397292 0.287552416324615
2376173 0.287839299067855
2397292 0.28828298766166
2411722 0.288333904929459
2397292 0.288337187841535
2411722 0.288356616161764
2385005 0.288373274728656
2397292 0.288474772125483
2411722 0.288499581627548
2411722 0.288849432021379
2411722 0.289232483133674
2385005 0.289288823492825
2411722 0.289498903788626
2397292 0.289541527628899
2402890 0.289706270210445
2402890 0.290158811956644
2385005 0.290221410803497
2385005 0.290521093644202
2411722 0.29081333335489
2411722 0.291166325099766
2411722 0.291210032999515
2411722 0.291294610127807
2402890 0.291620808653533
2397292 0.291667793877423
2402890 0.291711841709912
2397292 0.291928903199732
2385005 0.292234946973622
2402890 0.292251136153936
2397292 0.292254804633558
2411722 0.292280866764486
2385005 0.292505720630288
2411722 0.292586383409798
2388460 0.292834768071771
2385005 0.292853001505136
2397292 0.293212730437517
2385005 0.293220978230238
2388460 0.293278054334223
2385005 0.293327325955033
2397292 0.293708517216146
2397292 0.293759794905782
2385005 0.293793459422886
2411722 0.294092047959566
2402890 0.2943164287135
2411722 0.294356006197631
2385005 0.294448824599385
2397292 0.294628975912929
2411722 0.294753982685506
2402890 0.294814528897405
2411722 0.294855603016913
2385005 0.29512235801667
2402890 0.295266265049577
2388460 0.295438659377396
2402890 0.295442666858435
2385005 0.295475235208869
2376173 0.295496292412281
2376173 0.296064474619925
2376173 0.296287787146866
2376173 0.296660287305713
2385005 0.297056253068149
2385005 0.297309415414929
2385005 0.297673341818154
2411722 0.29782797396183
2402890 0.297875354066491
2385005 0.297983595170081
2388460 0.298090382479131
2376173 0.298168406821787
2397292 0.298535811714828
2411722 0.298553753644228
2402890 0.298683024011552
2397292 0.298737193457782
2385005 0.298851265572011
2397292 0.298858704976737
2411722 0.298969861119986
2397292 0.29897356685251
2397292 0.298977293074131
2411722 0.299243747256696
2388460 0.299427574500441
2397292 0.299554515630007
2402890 0.299694725312293
2385005 0.299771293066442
2397292 0.299822832457721
2385005 0.299831709824502
2385005 0.299875189550221
2385005 0.300002518109977
2397292 0.300082944333553
2388460 0.300156980752945
2385005 0.300186220556498
2388460 0.300200634635985
2385005 0.300329026766121
2411722 0.300348470918834
2376173 0.300433341413736
2397292 0.300492011941969
2376173 0.300510312430561
2385005 0.300537841394544
2385005 0.300585446879268
2376173 0.300720346160233
2397292 0.300740419887006
2388460 0.300789737142622
2402890 0.301004271022975
2397292 0.301281253807247
2385005 0.301337545737624
2411722 0.301500762812793
2385005 0.301535802893341
2388460 0.301861044950783
2376173 0.301910529844463
2397292 0.302030350081623
2397292 0.302078905515373
2411722 0.302414208650589
2388460 0.302556122653186
2411722 0.30270963255316
2388460 0.30291922390461
2402890 0.303168147802353
2411722 0.30317342095077
2376173 0.303472364321351
2411722 0.303768826648593
2402890 0.303824681788683
2376173 0.303980850614607
2402890 0.304020219482481
2385005 0.304088605567813
2411722 0.304347010329366
2397292 0.304452937096357
2388460 0.304563920013606
2411722 0.304900868795812
2411722 0.30510076880455
2376173 0.305101616308093
2402890 0.305217352695763
2397292 0.305292000994086
2397292 0.305416451767087
2385005 0.305456759408116
2411722 0.30552417691797
2397292 0.305591557174921
2402890 0.306058227084577
2385005 0.306117401458323
2402890 0.30625756829977
2388460 0.306370412930846
2397292 0.30643245857209
2402890 0.306434282101691
2397292 0.306439382024109
2411722 0.306583837606013
2402890 0.30662686470896
2411722 0.306632134132087
2411722 0.306723184883595
2376173 0.306782701052725
2388460 0.307033265009522
2411722 0.307068686001003
2376173 0.307264248840511
2385005 0.307706672698259
2388460 0.307819160632789
2376173 0.307830118574202
2388460 0.307894662953913
2411722 0.307931398972869
2397292 0.308139134198427
2385005 0.308140815235674
2411722 0.308147119358182
2397292 0.308244773186743
2388460 0.30824601277709
2411722 0.308256870135665
2388460 0.308279661461711
2411722 0.308330188505351
2388460 0.308347592130303
2411722 0.3084253994748
2411722 0.308499504812062
2376173 0.308575720526278
2376173 0.30862788297236
2388460 0.308733845129609
2388460 0.308917095884681
2376173 0.309038029052317
2376173 0.309081492945552
2411722 0.309151784516871
2376173 0.309265067800879
2397292 0.309265780262649
2385005 0.30930161383003
2402890 0.309327252209186
2385005 0.309555140323937
2376173 0.309615938924253
2402890 0.309703215956688
2411722 0.309854458086193
2411722 0.309917151927948
2385005 0.310197617858648
2376173 0.310254106298089
2402890 0.310302470810711
2376173 0.310462354682386
2376173 0.310477338731289
2411722 0.310627263039351
2376173 0.310682641342282
2397292 0.310705456882715
2411722 0.310785464011133
2402890 0.310856552794576
2388460 0.311020593158901
2385005 0.311087043024599
2411722 0.311192030087113
2385005 0.311272188089788
2385005 0.311405995860696
2397292 0.311475127935409
2397292 0.31184515543282
2402890 0.311855897307396
2388460 0.312038191594183
2411722 0.312106864526868
2402890 0.312187141738832
2385005 0.312302484177053
2397292 0.31231992226094
2388460 0.312529286369681
2388460 0.31260849442333
2397292 0.312818299978971
2385005 0.312902359291911
2376173 0.313013543374836
2388460 0.313073178753257
2411722 0.313109507784247
2385005 0.31322283949703
2388460 0.313415206968784
2397292 0.313622805289924
2411722 0.313664760440588
2376173 0.313772897236049
2411722 0.313792022876441
2376173 0.314008365385234
2397292 0.314011319540441
2402890 0.314017239026725
2411722 0.314119415357709
2376173 0.314132585190237
2411722 0.314354968257248
2397292 0.314434841275215
2385005 0.314439821988344
2411722 0.314469696953893
2397292 0.314533819444478
2376173 0.314542372711003
2411722 0.31455014180392
2388460 0.314617406576872
2402890 0.314849321730435
2385005 0.314968658611178
2411722 0.314980889670551
2402890 0.315058317966759
2385005 0.315095795318484
2385005 0.315139209851623
2402890 0.315194745548069
2385005 0.31519783847034
2397292 0.315224195830524
2388460 0.315315368585289
2402890 0.315332340076566
2388460 0.315413786098361
2385005 0.315420269034803
2402890 0.315491443499923
2402890 0.31592320650816
2397292 0.315933465957642
2411722 0.315962492488325
2385005 0.316217472776771
2411722 0.316591620445251
2397292 0.317341948859394
2385005 0.317353914491832
2385005 0.317367910407484
2397292 0.317614926956594
2397292 0.317638913169503
2376173 0.317716975696385
2388460 0.317730536684394
2385005 0.31776926945895
2411722 0.31782983802259
2388460 0.317830837331712
2385005 0.318023564293981
2402890 0.318103854544461
2402890 0.318216348998249
2397292 0.31843398977071
2397292 0.318937435746193
2376173 0.319121320731938
2385005 0.319134320132434
2376173 0.319177977740765
2376173 0.319267489947379
2397292 0.319351249374449
2397292 0.319466790184379
2397292 0.31964397802949
2385005 0.319667564705014
2397292 0.319997624494135
2385005 0.320112072862685
2397292 0.320118770003319
2388460 0.320236494764686
2397292 0.320367060601711
2397292 0.320479713380337
2385005 0.320989917963743
2385005 0.321017194539308
2388460 0.321089980192482
2376173 0.321165298111737
2411722 0.32116961106658
2411722 0.321176442317665
2376173 0.321277167648077
2402890 0.321285054087639
2388460 0.321285387501121
2385005 0.321294454857707
2411722 0.321420001797378
2376173 0.321524601429701
2402890 0.321636672131717
2402890 0.321905957534909
2397292 0.322155931964517
2397292 0.322157553397119
2388460 0.322308745235205
2385005 0.322426538914442
2388460 0.322431965731084
2385005 0.322531839832663
2376173 0.322677942924201
2388460 0.322811865247786
2397292 0.322985324077308
2411722 0.323136677965522
2397292 0.323141971603036
2388460 0.323353061452508
2411722 0.323623553849757
2411722 0.323698712512851
2397292 0.32370176166296
2397292 0.323964468203485
2397292 0.323973648250103
2402890 0.3246512664482
2397292 0.324829898774624
2385005 0.324890208430588
2402890 0.324937316589057
2397292 0.325016965158284
2385005 0.325082956813276
2411722 0.325136126019061
2411722 0.325163901783526
2402890 0.32517079077661
2388460 0.325170869939029
2385005 0.32517140544951
2411722 0.325295832939446
2411722 0.325420960783958
2385005 0.325579324737191
2376173 0.325637535192072
2402890 0.32572877779603
2397292 0.326364690437913
2376173 0.326374810189009
2397292 0.326537589542568
2385005 0.326559148728848
2376173 0.326566235162318
2385005 0.326740532182157
2388460 0.326979484409094
2385005 0.327022466808558
2411722 0.327074718661606
2376173 0.327141757123172
2385005 0.327722568064928
2397292 0.327867450192571
2402890 0.32817258220166
2411722 0.32818245049566
2385005 0.328213158994913
2376173 0.328305902890861
2402890 0.328748763538897
2411722 0.329338022507727
2397292 0.329384476877749
2411722 0.329438654705882
2411722 0.329748681746423
2388460 0.33016887307167
2402890 0.330187466926873
2385005 0.330253281630576
2402890 0.330566090531647
2397292 0.330636794678867
2397292 0.330639960244298
2385005 0.33067259285599
2388460 0.330810161307454
2385005 0.331009841524064
2411722 0.331088559702039
2385005 0.331247401423752
2411722 0.331254790537059
2376173 0.331754584796727
2388460 0.331773919053376
2397292 0.331801460124552
2402890 0.331811670213938
2397292 0.332674867473543
2411722 0.332853494212031
2397292 0.332902188412845
2397292 0.332933813333511
2397292 0.333220147527754
2411722 0.333422430790961
2388460 0.33353169914335
2376173 0.333666247315705
2411722 0.333742621354759
2388460 0.333837940357625
2385005 0.333995440043509
2411722 0.334024507552385
2385005 0.334156984463334
2402890 0.334321605972946
2388460 0.334521002136171
2411722 0.334578461013734
2411722 0.334597322158515
2385005 0.33472148142755
2376173 0.334759222343564
2411722 0.334782284684479
2376173 0.334892961196601
2397292 0.334918780252337
2376173 0.335079469718039
2411722 0.335091132670641
2385005 0.335121081210673
2397292 0.335260973311961
2402890 0.335327179171145
2397292 0.335491350851953
2411722 0.335507812909782
2376173 0.335579621605575
2411722 0.335753615014255
2397292 0.335831163451075
2385005 0.335839790292084
2385005 0.335951282642782
2402890 0.335963491350412
2376173 0.336028802208602
2411722 0.336114180274308
2388460 0.336129465140402
2397292 0.336251917295158
2376173 0.336437252350151
2402890 0.336602449417114
2385005 0.336687637493014
2388460 0.336706021800637
2397292 0.336736643686891
2385005 0.337275655008852
2402890 0.337284300476313
2411722 0.337542153894901
2397292 0.337570562027395
2385005 0.337953412905335
2397292 0.338317259214818
2397292 0.338894363492727
2402890 0.338953621685505
2411722 0.339011522009969
2376173 0.339225250296295
2411722 0.339235929772258
2402890 0.339261656627059
2411722 0.339331647381186
2402890 0.339354207739234
2397292 0.339541158638895
2402890 0.339634317904711
2402890 0.339636912569404
2388460 0.339973986148834
2388460 0.340090874582529
2385005 0.340123639442027
2411722 0.340321104042232
2402890 0.340649652294815
2397292 0.340736737474799
2385005 0.340789553709328
2376173 0.340872199274599
2402890 0.340880068019032
2397292 0.340916721150279
2376173 0.34091732557863
2402890 0.341133986599743
2385005 0.34123748447746
2388460 0.341405268758535
2385005 0.341457442380488
2397292 0.341689327731728
2385005 0.341940648853779
2388460 0.342029293999076
2411722 0.342062270268798
2385005 0.34211324993521
2388460 0.342176492325962
2402890 0.342250959947705
2397292 0.342415149323642
2397292 0.342434762045741
2397292 0.342555282637477
2376173 0.342555774375796
2402890 0.342632045038044
2388460 0.342676414176822
2402890 0.342785533517599
2385005 0.34280324075371
2385005 0.342808672226965
2397292 0.342938619665802
2376173 0.342968755401671
2397292 0.342976827174425
2388460 0.343216892331839
2385005 0.343345565721393
2397292 0.343380556441844
2411722 0.34356876835227
2388460 0.343757825903594
2376173 0.343823379836976
2376173 0.343852206133306
2411722 0.343884251080453
2388460 0.344234359450638
2388460 0.34465947933495
2385005 0.344913721084595
2388460 0.344958926551044
2385005 0.345022349618375
2376173 0.345145044848323
2388460 0.345272932201624
2376173 0.345523837022483
2388460 0.345667178742588
2376173 0.345717927441001
2385005 0.345781083218753
2402890 0.345872095786035
2411722 0.345889866352081
2385005 0.345917967148125
2385005 0.345991365611553
2411722 0.34618361108005
2385005 0.346283896826208
2388460 0.346303473226726
2402890 0.346486034803092
2376173 0.346494224853814
2411722 0.346508242189884
2411722 0.346572519280016
2411722 0.346616588532925
2402890 0.346824442967772
2385005 0.346830915659666
2402890 0.347058806568384
2388460 0.347241546958685
2385005 0.34730835352093
2388460 0.34741741977632
2397292 0.347502407617867
2388460 0.347525677643716
2376173 0.347681297920644
2397292 0.34811706840992
2376173 0.348255425691605
2397292 0.348317479714751
2397292 0.348446305841208
2385005 0.348468311131001
2411722 0.348598152399063
2388460 0.348639271222055
2411722 0.348683991469443
2385005 0.348694740794599
2402890 0.349105426110327
2388460 0.349138858728111
2397292 0.349399673752487
2411722 0.349523464217782
2385005 0.349615884944797
2411722 0.349722634069622
2397292 0.349792572669685
2402890 0.349847787991166
2376173 0.349931046366692
2388460 0.350203897804022
2402890 0.350221892818809
2397292 0.3502914654091
2397292 0.350445471704006
2402890 0.350459066219628
2397292 0.350580273196101
2388460 0.350801873020828
2385005 0.350820462219417
2411722 0.350931196473539
2411722 0.35108988545835
2385005 0.35169262252748
2385005 0.351721281185746
2376173 0.351792239584029
2376173 0.351890745572746
2376173 0.352022809907794
2376173 0.35230768751353
2402890 0.352397639304399
2402890 0.352519172243774
2411722 0.352580780163407
2411722 0.352606045082211
2376173 0.352618999779224
2397292 0.352740855887532
2402890 0.353034276515245
2376173 0.353109025396407
2411722 0.35323512647301
2385005 0.353355067782104
2397292 0.353416142053902
2411722 0.353445495478809
2411722 0.353645347058773
2411722 0.353671891614795
2411722 0.35381552670151
2402890 0.353919578716159
2385005 0.354007169604301
2411722 0.354074370115995
2385005 0.354307287372649
2411722 0.354587902314961
2376173 0.354856523685157
2397292 0.355021337047219
2397292 0.355032105930149
2411722 0.355166571214795
2411722 0.355646112002432
2402890 0.35567419230938
2397292 0.355700090527534
2411722 0.355959120206535
2388460 0.356137507595122
2388460 0.356179810129106
2376173 0.356262327171862
2376173 0.35626367200166
2388460 0.356265757232904
2376173 0.356619413010776
2385005 0.356694856658578
2411722 0.356742911972106
2376173 0.356921404600143
2376173 0.356943238526583
2411722 0.357002384960651
2388460 0.357033852487803
2385005 0.357090952806175
2397292 0.357182766310871
2388460 0.357263588346541
2402890 0.35734679363668
2388460 0.357360032387078
2388460 0.357626892626285
2385005 0.357694308273494
2402890 0.358051967807114
2411722 0.358208809047937
2397292 0.358298464678228
2397292 0.358590489253402
2376173 0.358877305872738
2402890 0.359289364889264
2388460 0.359424052760005
2385005 0.359555498696864
2385005 0.35973528213799
2411722 0.359750727191567
2385005 0.360012483783066
2385005 0.360070983879268
2385005 0.360281105153263
2385005 0.360338505357504
2402890 0.360480394214392
2385005 0.360600108280778
2397292 0.360831768251956
2397292 0.361179479397833
2411722 0.361271214671433
2397292 0.361470370553434
2397292 0.361994042992592
2397292 0.362132514826953
2397292 0.362183266319335
2397292 0.362288488075137
2397292 0.36235255934298
2411722 0.362383280880749
2397292 0.362560111097991
2385005 0.362601084634662
2385005 0.362930843606591
2397292 0.362963392399251
2411722 0.362995921634138
2397292 0.363128175027668
2385005 0.363131470046937
2376173 0.363177242688835
2376173 0.363554861396551
2385005 0.364015593193471
2388460 0.364188900217414
2388460 0.364253614097834
2385005 0.364565786905587
2411722 0.364595524966717
2388460 0.365015863440931
2397292 0.365245602093637
2388460 0.36564000044018
2402890 0.365793815813959
2376173 0.366247500292957
2376173 0.366602948866785
2388460 0.366623326204717
2397292 0.366969202645123
2385005 0.36762741021812
2385005 0.36802682094276
2385005 0.36820662021637
2376173 0.369035086594522
2388460 0.369066998362541
2388460 0.369238928891718
2385005 0.370298990979791
2402890 0.370329114608467
2411722 0.370611448772252
2397292 0.370703161694109
2402890 0.370800698176026
2411722 0.370900832116604
2376173 0.370942606590688
2397292 0.37208551261574
2402890 0.372513911686838
2388460 0.372606483288109
2385005 0.372863257303834
2376173 0.372969521209598
2397292 0.373004646971822
2376173 0.373248374089599
2397292 0.373253306373954
2411722 0.373954272828996
2376173 0.374426556751132
2385005 0.374540447257459
2388460 0.375223675742745
2376173 0.375377673655748
2385005 0.375758595764637
2385005 0.377434956841171
2397292 0.377853209152818
2411722 0.377926810644567
2402890 0.378530450165272
2388460 0.378691734746099
2402890 0.379071704111993
2397292 0.379142004065216
2397292 0.379156020469963
2385005 0.379424466751516
2411722 0.379521125927567
2402890 0.379745353013277
2388460 0.380572161637247
2388460 0.381467034108937
2376173 0.381657139398158
2402890 0.382072328589857
2388460 0.383230295963585
2385005 0.383840799331665
2411722 0.383896242827177
2397292 0.383994244970381
2385005 0.384999299421906
2397292 0.385434788651764
2402890 0.38544552680105
2411722 0.385875926353037
2388460 0.386109862476587
2376173 0.386232521384954
2376173 0.386311082169414
2376173 0.389046672731638
2388460 0.389464499428868
2397292 0.392051622271538
2376173 0.393229201436043
2385005 0.393732988275588
2402890 0.394357210956514
2402890 0.395078211091459
2376173 0.397193782962859
2411722 0.401470771059394
2411722 0.402035735547543
2397292 0.402200088836253
2388460 0.402419530786574
2388460 0.403462802991271
2385005 0.40360598731786
2376173 0.405283291824162
2411722 0.409007196314633
2397292 0.411180903203785
2376173 0.411461219191551
2385005 0.412975336425006
2385005 0.4130938379094
2397292 0.413500478491187
2385005 0.413762204349041
2388460 0.414143316447735
2397292 0.414415176026523
2402890 0.415873915888369
2411722 0.420990104787052
