x  y
6004052 2.51534904016637e-17
6029009 2.51534904016637e-17
6112916 2.51534904016637e-17
6137873 2.51534904016637e-17
6762262 2.51534904016637e-17
6770581 2.51534904016637e-17
6871126 2.51534904016637e-17
6879445 2.51534904016637e-17
7968631 2.51534904016637e-17
8077495 2.51534904016637e-17
6004052 2.60208521396521e-17
6006100 2.60208521396521e-17
6029009 2.60208521396521e-17
6031057 2.60208521396521e-17
6112916 2.60208521396521e-17
6137873 2.60208521396521e-17
6762262 2.60208521396521e-17
6764310 2.60208521396521e-17
6770581 2.60208521396521e-17
6772629 2.60208521396521e-17
6871126 2.60208521396521e-17
6879445 2.60208521396521e-17
7968631 2.60208521396521e-17
7970679 2.60208521396521e-17
8077495 2.60208521396521e-17
6004052 2.68882138776405e-17
6006100 2.68882138776405e-17
6029009 2.68882138776405e-17
6031057 2.68882138776405e-17
6112916 2.68882138776405e-17
6137873 2.68882138776405e-17
6762262 2.68882138776405e-17
6764310 2.68882138776405e-17
6770581 2.68882138776405e-17
6772629 2.68882138776405e-17
6871126 2.68882138776405e-17
6879445 2.68882138776405e-17
7968631 2.68882138776405e-17
7970679 2.68882138776405e-17
8077495 2.68882138776405e-17
6004052 2.77555756156289e-17
6006100 2.77555756156289e-17
6029009 2.77555756156289e-17
6031057 2.77555756156289e-17
6112916 2.77555756156289e-17
6137873 2.77555756156289e-17
6762262 2.77555756156289e-17
6764310 2.77555756156289e-17
6770581 2.77555756156289e-17
6772629 2.77555756156289e-17
6871126 2.77555756156289e-17
6879445 2.77555756156289e-17
7968631 2.77555756156289e-17
7970679 2.77555756156289e-17
8077495 2.77555756156289e-17
6004052 2.86229373536173e-17
6006100 2.86229373536173e-17
6029009 2.86229373536173e-17
6031057 2.86229373536173e-17
6112916 2.86229373536173e-17
6137873 2.86229373536173e-17
6762262 2.86229373536173e-17
6764310 2.86229373536173e-17
6770581 2.86229373536173e-17
6772629 2.86229373536173e-17
6871126 2.86229373536173e-17
6879445 2.86229373536173e-17
7968631 2.86229373536173e-17
7970679 2.86229373536173e-17
8077495 2.86229373536173e-17
6004052 2.94902990916057e-17
6006100 2.94902990916057e-17
6029009 2.94902990916057e-17
6031057 2.94902990916057e-17
6112916 2.94902990916057e-17
6137873 2.94902990916057e-17
6762262 2.94902990916057e-17
6764310 2.94902990916057e-17
6770581 2.94902990916057e-17
6772629 2.94902990916057e-17
6871126 2.94902990916057e-17
6879445 2.94902990916057e-17
7968631 2.94902990916057e-17
7970679 2.94902990916057e-17
8077495 2.94902990916057e-17
6004052 3.03576608295941e-17
6006100 3.03576608295941e-17
6029009 3.03576608295941e-17
6031057 3.03576608295941e-17
6112916 3.03576608295941e-17
6137873 3.03576608295941e-17
6762262 3.03576608295941e-17
6764310 3.03576608295941e-17
6770581 3.03576608295941e-17
6772629 3.03576608295941e-17
6871126 3.03576608295941e-17
6879445 3.03576608295941e-17
7968631 3.03576608295941e-17
7970679 3.03576608295941e-17
8077495 3.03576608295941e-17
6004052 3.12250225675825e-17
6006100 3.12250225675825e-17
6029009 3.12250225675825e-17
6031057 3.12250225675825e-17
6112916 3.12250225675825e-17
6137873 3.12250225675825e-17
6762262 3.12250225675825e-17
6764310 3.12250225675825e-17
6770581 3.12250225675825e-17
6772629 3.12250225675825e-17
6871126 3.12250225675825e-17
6879445 3.12250225675825e-17
7968631 3.12250225675825e-17
7970679 3.12250225675825e-17
8077495 3.12250225675825e-17
6006100 4.73579508941668e-16
6031057 4.73579508941668e-16
6764310 1.05070466216439e-13
6772629 1.05070466216439e-13
6112916 1.13355505537704e-13
6137873 1.13355505537704e-13
6871126 1.13355505537704e-13
6879445 1.13355505537704e-13
7970679 1.50764912706935e-11
7970679 1.57374408643607e-11
7970679 1.70046364142418e-11
7970679 9.4084247771048e-10
6006100 1.08768130700071e-09
6031057 1.08768130700071e-09
6764310 1.08768130700071e-09
6772629 1.08768130700071e-09
7970679 8.07808999215079e-08
7970679 8.6511854023412e-08
6006100 9.2303885475091e-08
6031057 9.2303885475091e-08
7970679 9.53635491832486e-08
6006100 1.80651721827605e-06
6031057 1.80651721827605e-06
6764310 1.85669825167496e-06
6772629 1.85669825167496e-06
6006100 3.39928085682766e-06
6031057 3.39928085682766e-06
6764310 3.39928085682766e-06
6772629 3.39928085682766e-06
7970679 3.57641980536661e-06
7970679 4.65042751535572e-06
6764310 1.55731446689561e-05
7970679 1.61678396726778e-05
6772629 1.9326835990552e-05
6006100 1.94160969811596e-05
6031057 1.94160969811596e-05
6764310 3.93164441386496e-05
6772629 3.94087480236069e-05
7970679 4.19526699347922e-05
6006100 4.36655974281339e-05
6031057 4.36655974281339e-05
6764310 4.36655974281339e-05
6772629 4.36655974281339e-05
6006100 4.7090113112682e-05
6031057 4.7090113112682e-05
7970679 6.75891501823725e-05
7970679 7.77106889226229e-05
7970679 8.07814044760649e-05
6006100 8.11938780215932e-05
6031057 8.11938780215932e-05
6764310 8.11938780215932e-05
6772629 8.11938780215932e-05
7970679 9.09807561788895e-05
6006100 9.70304786940806e-05
6031057 9.71227825790379e-05
6006100 0.0001058272660571
6031057 0.0001058272660571
6764310 0.0001058272660571
6772629 0.0001058272660571
7970679 0.0001142026233356
6772629 0.000117371371008
6764310 0.0001554163975531
6772629 0.0001554163975531
7970679 0.0001617217520368
6772629 0.0001749247984187
6764310 0.0001749278247756
6764310 0.0002155035869869
6764310 0.0002482294347031
6772629 0.0002516154651806
6006100 0.0003136358029657
6031057 0.0003136358029657
6006100 0.0003374298122498
6031057 0.0003375147942712
7970679 0.0004010397295015
7970679 0.0004860150596274
7970679 0.0004860160003788
7970679 0.0004962359082763
6764310 0.0005092152003505
6772629 0.0005092152003505
6006100 0.000509300182372
6031057 0.000509300182372
6764310 0.0006053476855333
6772629 0.0006053476855333
6006100 0.0006062155635218
6031057 0.0006062155635218
6764310 0.0006062155635218
6772629 0.0006062155635218
6772629 0.000631682816917
6764310 0.0006316828170149
6006100 0.0006352958255734
6031057 0.0006352958255734
6764310 0.0006536485250782
6772629 0.0006536485250782
6006100 0.0006536485251949
6031057 0.0006536485251949
6764310 0.0006537408289622
6772629 0.0006537408289622
7970679 0.0007550000591436
7970679 0.0008458106160573
7970679 0.000873243781921
7970679 0.0008910971960376
6764310 0.0009368585322851
6772629 0.0009368585322851
6006100 0.0011461959319507
6031057 0.0011461959319507
7970679 0.001229954648404
6006100 0.0012734995278887
6031057 0.0012734995278887
7970679 0.0012871660592368
6772629 0.0013142171050691
6006100 0.0013143109553236
6031057 0.0013143109553236
6764310 0.0013158700571968
6772629 0.0013158700571968
6006100 0.0013954907017029
6031057 0.0013954907017029
7970679 0.0014559748545594
6006100 0.0014930096607633
6031057 0.0014930096607633
7970679 0.0014930248537492
6006100 0.0015165190088368
6031057 0.0015165190088368
6006100 0.0015342792193197
6031057 0.0015342792193197
6764310 0.0015344765074621
6772629 0.0015344765074621
6006100 0.0015984022176322
6031057 0.0015984022176322
6764310 0.0015984022176322
6772629 0.0015984022176322
6764310 0.0017367229755224
6772629 0.0017367229755224
6764310 0.0017396889741198
6772629 0.0017397671064656
6006100 0.0017446214645042
6031057 0.0017446214645042
6006100 0.0018186213044098
6031057 0.0018186213044098
6764310 0.0018186213044098
6772629 0.0018186213044098
7970679 0.0019668209421076
6764310 0.0019993863537961
6772629 0.0019993863537966
6006100 0.0019993876930377
6031057 0.0019993876930377
7970679 0.0021238922252678
6772629 0.0021701686085995
7970679 0.0021872127044029
6006100 0.0022715285753159
6031057 0.0022715285753159
7970679 0.0022828915231873
6006100 0.0024508814670554
6031057 0.0024508814670554
6764310 0.0024508814670554
6772629 0.0024508814670554
6764310 0.0024808319270307
6772629 0.0024808340766072
6764310 0.0026253682926909
6006100 0.0027097124544184
6031057 0.0027097124544184
6764310 0.0027097124544184
6772629 0.0027097124544184
6006100 0.002742455365601
6031057 0.002742455365601
6031057 0.0027953561069482
6006100 0.0027953561069487
6764310 0.0028238171336764
6006100 0.0028602715911462
6031057 0.0028602715911462
6764310 0.0029364527414847
6772629 0.0029364527414847
6006100 0.0029364527415934
6031057 0.0029364527415934
6006100 0.0029930325873563
6031057 0.0029930325873563
6006100 0.0030205714090189
6031057 0.0030205714090189
6772629 0.0030335456504345
6764310 0.0030363192739301
6764310 0.0030911648033347
6772629 0.0030911648033347
6006100 0.0032570900779438
6031057 0.0032570900779438
6772629 0.0032680703915514
6764310 0.0032681485238972
6006100 0.003268242681196
6031057 0.003268242681196
6764310 0.0033192659763549
6772629 0.0033193509583763
6764310 0.0033761027712981
6772629 0.0034538891126643
6764310 0.0035037037206529
6772629 0.0035037037206529
7970679 0.0036511316240271
6764310 0.0036741227191857
6772629 0.0036741238728255
6006100 0.0038129644219688
6031057 0.0038129644219688
6764310 0.0038201029117666
6772629 0.0038201029117666
6764310 0.0040088028587538
7970679 0.004015515406895
6006100 0.0040828418073957
6031057 0.0040828418073957
6764310 0.0042919869003994
7970679 0.0043213943595694
6006100 0.0043734559031452
6031057 0.0043734559031452
6006100 0.0044152853868122
6031057 0.0044152853868122
7970679 0.0044738717327172
6006100 0.0044795798818196
6031057 0.0044795798818196
6764310 0.0044842297123457
6772629 0.0044842297123457
6772629 0.0045236043185547
7970679 0.0045507175810684
6006100 0.0045513284956113
6031057 0.0045513284956113
6772629 0.0045777867278422
7970679 0.0045848387305338
6031057 0.0046145595179914
6006100 0.0046146596399306
7970679 0.0046502597204891
7970679 0.0046878949901667
7970679 0.0047027031285889
7970679 0.0047105217940338
6772629 0.0051568338192981
7970679 0.0052222755530866
6764310 0.005231435252919
6772629 0.0053467840386741
6764310 0.0053468497961427
6764310 0.0054016163089187
6772629 0.0054016163089191
7970679 0.0054242208524743
7970679 0.0055562023742718
6006100 0.0055780616757063
6031057 0.0055780616757063
7970679 0.005677773695664
6764310 0.0057295574648571
6772629 0.0057338125848325
7970679 0.0058663329357349
6006100 0.0059414833694609
6031057 0.0059414833694609
7970679 0.0060502326949679
6006100 0.0061499531229829
6031057 0.0061499531229829
6764310 0.0061959919143042
6772629 0.0061959919143042
6764310 0.0062076436791443
6772629 0.0062076436791443
6764310 0.0062109948413251
6772629 0.0062109948413251
7970679 0.0062568570275964
6764310 0.0063712350815021
6772629 0.0063713287097728
6031057 0.0064589433378502
6006100 0.0065407899101151
7970679 0.0065885278686761
6772629 0.0068592901640104
7970679 0.0069053962719295
7970679 0.006997856054349
6006100 0.0070310657663206
6031057 0.0071291979822994
7970679 0.0071435615551533
6764310 0.0071792183366088
6772629 0.0071792964689546
6006100 0.0073082341968553
6031057 0.0073082341968553
6006100 0.0074180973432805
6031057 0.0074180973432805
6031057 0.0074301760812218
6006100 0.007552633197446
6031057 0.007552633197446
6764310 0.0076897452431431
6772629 0.0076897452431431
6764310 0.0077264533165615
6031057 0.0077769796636471
6006100 0.0077769796636475
6006100 0.0078474963885833
6006100 0.0081516132821497
6031057 0.0081516132821497
6006100 0.0082030117680827
6031057 0.0082030117680827
6764310 0.008416954480473
6772629 0.008416954480473
6006100 0.0088243313368106
6031057 0.0088243313368106
6006100 0.0093259252712186
6031057 0.0093259252712186
6764310 0.0094354798631922
6772629 0.0094528800442493
6764310 0.0094529801661885
6772629 0.0095336120791711
7970679 0.0095512601139809
6006100 0.0095629426617417
6031057 0.0095629426617417
6764310 0.0096940835026492
6772629 0.0096940835027654
6006100 0.0098468461685552
6031057 0.0098468461685552
8079543 0.00992879958526
6031057 0.0103144612496515
6764310 0.0103511235221017
6772629 0.0103511235221017
6006100 0.0104125919524519
7970679 0.0105766195802655
6764310 0.0110303439522927
6772629 0.0110303439522927
6764310 0.0111865627029303
6772629 0.0112369722365882
7970679 0.0113455734828102
7970679 0.0115815574531431
6006100 0.0116806658972466
6031057 0.0116806658972466
6006100 0.0119378090772859
6031057 0.0119378090772859
6772629 0.0122979650193627
6764310 0.0123017187106843
6006100 0.0126081553301451
6031057 0.0126081553301451
6764310 0.0128466968895822
6772629 0.0128466968896979
7970679 0.0130448900383804
6764310 0.0135901372075749
6772629 0.0135901372075749
6772629 0.0137401812518946
6764310 0.0137543512308459
6772629 0.0137543512308459
6006100 0.0138278364458317
6031057 0.0138278364458317
6764310 0.0138383134678734
6772629 0.0138758060176018
6764310 0.0138758717751715
6772629 0.0143909935857247
6764310 0.0143909935857252
6006100 0.014556933914605
6031057 0.014556933914605
6006100 0.0146718510479822
6031057 0.0146718510479822
7970679 0.0148540432155527
6764310 0.0148619989956566
6772629 0.0148619989956566
6772629 0.0156749354460802
6764310 0.015678334726937
7970679 0.0156890258876555
7970679 0.0157035770498425
7970679 0.0158725586304615
7970679 0.0162526893603425
6881493 0.0165619327346992
6873174 0.0165619996458068
6772629 0.0166091384455583
8079543 0.016719523871097
7970679 0.0168800227257939
6006100 0.0169860779655089
6031057 0.0169860779655089
6006100 0.0170191469457707
7970679 0.0170972508651728
6006100 0.0171875502439981
6031057 0.0171875502439981
6031057 0.0175051620053071
7970679 0.017512435053524
6764310 0.0177553357939881
7970679 0.017765648538796
6881493 0.0178797240475994
6873174 0.01794866840306
6114964 0.0181461175308122
6139921 0.0181461175308122
6772629 0.019411933912269
7970679 0.0194547168551155
6006100 0.0196345383007688
6031057 0.0196345383007688
6764310 0.0196346290644904
6772629 0.0196346290644904
6006100 0.0196456092606397
6031057 0.0196456092606397
7970679 0.0197034221691427
7970679 0.0202687262785261
6772629 0.0203828830960681
6764310 0.0206167676641012
7970679 0.0208806198003012
6764310 0.0208978075024163
6772629 0.0208978075024163
6764310 0.0209981785019373
6006100 0.0210090975275334
6031057 0.0210090975275334
6764310 0.0210228646150029
6772629 0.0210228646150029
6772629 0.0210592202487106
7970679 0.021137890974957
6006100 0.0211655306489165
6031057 0.0211655306489165
6764310 0.0215290442270312
7970679 0.0216776996653945
7970679 0.0218000702425746
6764310 0.0218461404469256
8079543 0.0223431527294139
7970679 0.0224809225555615
6006100 0.0225251871443966
6031057 0.0225251871443966
6006100 0.0225458766567184
6031057 0.0225458766567184
6764310 0.0227665356375566
6772629 0.0227665356375566
6772629 0.0229923363788763
6006100 0.0231262998279994
6031057 0.0231262998279994
6006100 0.0233418905039163
6031057 0.0233418905039163
6139921 0.0234039438561601
6114964 0.0237119465325008
7970679 0.0239743355230407
6764310 0.0245784860139557
6772629 0.0246240866910336
7970679 0.0247285690829405
6772629 0.025266116612116
7970679 0.0253406049094171
6764310 0.0254141464892177
7970679 0.0255509478513562
6873174 0.0256221540931741
7970679 0.0258597590508098
6881493 0.0263795773548669
6764310 0.0264123125440668
6772629 0.0267218999089511
7970679 0.0273927710109733
6006100 0.0277325365043396
6031057 0.0277325365043396
6764310 0.0279859797626039
6772629 0.0279859797626039
6031057 0.0282446625774861
6006100 0.0282446638142385
7970679 0.0282743703997154
7970679 0.0287279411299768
7970679 0.0299005395407024
7970679 0.0299870522662829
6772629 0.0301940510512256
6031057 0.0305034577826161
7970679 0.0306328112607499
7970679 0.0308820064887878
7970679 0.0311154890339585
6764310 0.0313402443300568
6006100 0.0320000590583152
8079543 0.0328960714045092
6006100 0.0334152979279075
6764310 0.0334818218208089
6764310 0.033691262397355
6772629 0.0337339728934611
6873174 0.033749105268711
6881493 0.033749105268711
6031057 0.0345613937205548
6772629 0.034628017752651
7970679 0.035105015254035
6006100 0.0352627320491877
6031057 0.0352627320491877
6139921 0.0354416275908375
6114964 0.0354416279503762
6006100 0.0354939566980184
8079543 0.035604950127425
6764310 0.0356429700986595
6772629 0.0356429700986595
6772629 0.0363095895603672
6764310 0.0363133432516888
6031057 0.0368051063724618
7970679 0.0371936747822675
8079543 0.0376720499584619
6772629 0.0376786285109022
6006100 0.0378763216114891
6031057 0.0378763216114891
6006100 0.0381383232007717
6031057 0.0381922517929631
6764310 0.0385484729972794
6764310 0.0390645638460338
6772629 0.0390645638460343
6006100 0.0391271574143409
6031057 0.0391271574143409
6006100 0.0400269731477356
6031057 0.0400269731477356
6139921 0.0404863071477706
6114964 0.0404863071478752
7970679 0.0409443038404789
7970679 0.0410806658738524
6881493 0.0412464172204291
6764310 0.0416648167389275
6772629 0.0417187469294507
6006100 0.0422824817088245
6031057 0.0422824817088245
6873174 0.0425575683938354
6764310 0.0428595441755657
6772629 0.0428595441755657
7970679 0.0432985016499928
6006100 0.0434915918755397
6031057 0.0434983904372533
6764310 0.0435055303431848
6772629 0.0435056153252062
8079543 0.0444054111165748
6006100 0.0447438751503666
7970679 0.0449410887074272
6139921 0.0450525545562971
6114964 0.0450525545728345
8079543 0.0450833330567236
7970679 0.0451519041722584
7970679 0.0455410934262954
6881493 0.0456048395988331
8079543 0.0459898042681352
6031057 0.046055026337887
6873174 0.0460769296171258
7970679 0.0465189607970988
6006100 0.0466689379381813
6031057 0.0467670701541602
6772629 0.0470085716900949
6006100 0.0470873546422098
6031057 0.0470873546422098
6772629 0.0474621040776323
6764310 0.0474621040776328
7970679 0.0476077243915019
6764310 0.0483197228777167
6006100 0.0510294253365344
6031057 0.0510294267529014
6764310 0.0511838040808248
6772629 0.0511838876464792
6114964 0.0528816208750983
6139921 0.0528816208750983
6139921 0.0534318690910045
6114964 0.0534338870114434
6139921 0.0539015387459047
6114964 0.0539015387459052
7970679 0.0542026498837233
6873174 0.0551264979380622
6881493 0.0551264979523688
6881493 0.0555976004644899
6873174 0.0555976017011336
6006100 0.0568490572990088
6764310 0.0569065354482735
6031057 0.0569471895307251
6881493 0.0576488207720639
6873174 0.0581490484367802
6031057 0.0593963615602181
6006100 0.0594899784109324
6772629 0.0595288378235172
6873174 0.0601773273273714
6881493 0.0601773273273714
6139921 0.060513341951615
6114964 0.0605134342554999
7970679 0.061195056389143
6006100 0.0621590361267825
6031057 0.0621590361267825
6764310 0.0631399263033924
6772629 0.0631399263033924
6114964 0.0637020550491745
6139921 0.0641742769193293
6114964 0.0641743414258295
7970679 0.0643499324070039
6881493 0.0644458937794423
6873174 0.0645333038419634
6006100 0.0646574220236597
6139921 0.0650131139329114
6114964 0.0652167444586708
6031057 0.0661539383173373
6006100 0.0665125086687752
6031057 0.0665125086838588
6139921 0.0667190139854154
8079543 0.066732119082381
7970679 0.0667518442417157
6139921 0.0667774597514368
6114964 0.0667775600985405
6114964 0.0669082650446517
6139921 0.0669082650446517
6881493 0.0672338619095217
6873174 0.0672339659395261
6772629 0.0675273357473763
6764310 0.0675273357623394
6006100 0.0676294751845416
6031057 0.0676294751845416
8079543 0.0678794753073112
6764310 0.0680298533263559
6772629 0.0689021028763714
8079543 0.0691434212933303
7970679 0.0695091900465561
7970679 0.0695994306014529
8079543 0.0702852871071955
6139921 0.0709653313904995
6881493 0.0719308742111456
7970679 0.0719658133680696
6006100 0.0722166759334341
6031057 0.0722166759334341
6114964 0.0724618476841772
6873174 0.0727974043986874
7970679 0.0729851953832358
6772629 0.0730451696498029
8079543 0.0731680013141228
6139921 0.0732779376822652
6114964 0.0732779376822825
7970679 0.0737992373805096
6881493 0.0738392487635201
6873174 0.0738392487637302
8079543 0.0741849956151611
7970679 0.0743995575831439
6764310 0.075263685875751
6873174 0.0757386112063743
6114964 0.0760936972131478
6139921 0.0760936998615895
6114964 0.0762672142159875
6139921 0.0762706134803068
6764310 0.07720694820592
6772629 0.077206951038654
6114964 0.0772136808031192
6139921 0.0772136821573482
6881493 0.077235204491553
6764310 0.0779369437063268
6772629 0.0779369437063268
8079543 0.0784114897387467
6031057 0.0785180993305921
6006100 0.0785180993463295
6873174 0.0787826023971056
6881493 0.0794094928919839
6873174 0.0794097698036388
6873174 0.0795643245838934
6881493 0.0795643245838934
6114964 0.0796334705165543
6139921 0.0796334705165543
8079543 0.0796963245100987
6764310 0.0800143840042321
6881493 0.0800899998934059
6006100 0.0808011751646463
6031057 0.0808011751646463
6764310 0.0808946929041811
6772629 0.0813294529187026
6881493 0.0813540849484313
8079543 0.0814764313470003
6873174 0.0819090458766068
7970679 0.0821182858634833
6772629 0.0823913051503462
6114964 0.0824557643183678
6139921 0.0824557643183683
8079543 0.0827589195842367
8079543 0.0830500703328228
6006100 0.0837582901474173
6031057 0.0837582916605958
8079543 0.084314817094741
6881493 0.0851550794387919
6873174 0.0852327876375682
8079543 0.0858186596958909
6764310 0.0858503028713267
6772629 0.0858503028713267
6139921 0.0859005475284841
6764310 0.0860804207424066
6772629 0.0860804207424066
6006100 0.0862791010684874
6031057 0.0862791010684874
6031057 0.086315839544207
6006100 0.0863158395443232
6114964 0.0869002406827839
6764310 0.0869698790461947
6772629 0.0869698790461947
6114964 0.087632310013631
6139921 0.0876323134128579
6873174 0.088175438435313
6881493 0.0881754384525648
6031057 0.088246738715996
6006100 0.0884664876577405
6031057 0.0884664876577405
6114964 0.0888779117727607
6139921 0.0888779117862535
6881493 0.0889153114051486
6006100 0.0890017376214999
8079543 0.089061731096765
6139921 0.0895268685109796
6114964 0.0895314082310493
6873174 0.0902851858425979
6139921 0.0906612577864026
6114964 0.0906612592995811
6873174 0.0907644798850639
8079543 0.0908540623384223
7970679 0.0912370416630673
6881493 0.0914343730022435
6881493 0.0917057082511531
8079543 0.0919984527360338
7970679 0.0920223409933808
6764310 0.0923326620468098
6772629 0.0923351608306016
6873174 0.0924724302415691
7970679 0.0925213326819534
6873174 0.0926156977720925
8079543 0.0926493651717647
8079543 0.0932705381587114
6881493 0.093472362665439
6881493 0.0937409047295457
7970679 0.0937904044128353
6873174 0.0941193452011528
7970679 0.0943043741892022
6114964 0.0943324539437649
6139921 0.0943349527275567
8079543 0.0944446612451478
7970679 0.0955488959591853
8079543 0.0965991151277041
6006100 0.0966153343803934
6031057 0.0966153343803934
6764310 0.0966153343803934
6772629 0.0966153343803934
6873174 0.096623503655356
6881493 0.0966265768609573
8079543 0.0970317503429417
6764310 0.097115287324638
6772629 0.097115287324638
6031057 0.0977078177288703
6006100 0.0977078177288708
8079543 0.0983697192509774
8079543 0.0988839107650947
6114964 0.0990128340556274
8079543 0.0991517025568048
8079543 0.0991719233235001
8079543 0.0991907925602266
6873174 0.099976031203713
6881493 0.0999760312039207
8079543 0.100150427477515
6114964 0.100310468579761
6139921 0.100310468579761
6139921 0.100323985243249
6881493 0.100565495975131
6881493 0.100824362949118
6873174 0.100824420396617
6114964 0.101211870377923
6139921 0.101211962681808
6873174 0.101365295297998
6881493 0.101365373430344
6873174 0.101709807257518
8079543 0.101712797175213
6764310 0.101780473679802
6772629 0.101780473679802
6881493 0.101854293014641
6873174 0.101854293030379
8079543 0.102235176782334
8079543 0.102319289024432
6006100 0.104406877871495
6031057 0.104406879108247
8079543 0.104892632406087
8079543 0.105290944518166
6873174 0.105463634507785
6139921 0.105934809027115
6114964 0.105936615544333
6764310 0.105936846149114
6772629 0.105936846149114
6873174 0.106378693762507
6873174 0.107126080220631
6881493 0.107315923284758
8079543 0.107330339424833
8079543 0.107369090838217
6139921 0.107557175295246
6114964 0.107557175310983
8079543 0.108011366076887
6881493 0.108043759478985
6881493 0.108323422224924
6139921 0.108383171667363
6881493 0.108615589526806
7970679 0.109230504605322
6114964 0.109529367599314
6881493 0.110830430203693
6873174 0.110861731521094
6873174 0.110953958499779
6006100 0.111050102192337
6031057 0.111050102192337
6881493 0.1111992537545
8079543 0.112067851017649
8079543 0.112288164305291
7970679 0.11236277182176
6139921 0.112590736312982
6114964 0.112798989263591
6139921 0.112798989263591
6139921 0.113030269292597
6873174 0.113037231230002
6881493 0.113037233970645
6114964 0.113037539620122
6873174 0.113869926246844
6873174 0.115101766237791
6114964 0.115111118626402
6881493 0.115120481564893
8079543 0.115304430242652
6114964 0.115582827917286
6139921 0.115584268371996
6873174 0.115639081955579
6881493 0.115688355633866
8079543 0.115756268391216
8079543 0.11579123085448
6873174 0.115845540277095
8079543 0.11584585174186
8079543 0.116402071888912
6881493 0.116425123263234
6114964 0.117442185273361
6139921 0.117442278651922
6873174 0.117449743370725
8079543 0.118060958550761
6881493 0.118163477239436
6114964 0.118510866691228
6139921 0.118510866691228
6873174 0.11908976660151
8079543 0.119193636936681
6764310 0.119301093016602
6031057 0.119703879320466
7970679 0.120046961205267
6772629 0.12044728896509
6006100 0.120703572474863
6139921 0.121222404204011
8079543 0.121434262005316
6114964 0.121611990958158
6881493 0.121635276252493
6881493 0.121968768431694
6139921 0.12226563948313
8079543 0.122489566209896
8079543 0.122941536471637
6114964 0.12347398537355
6139921 0.123591823982323
6114964 0.123591916300318
6873174 0.123779149608887
6114964 0.124333749517831
8079543 0.124435505262005
6114964 0.124526738390516
6139921 0.124526738390614
6772629 0.124810584973449
6764310 0.124810605545801
6139921 0.125251130463888
6006100 0.125266261985755
6031057 0.125266261985755
6881493 0.125269510392614
6873174 0.125326136060049
6873174 0.125377605136145
6881493 0.125377605136258
8079543 0.12619722992715
6006100 0.126306321788477
6031057 0.126306321788477
8079543 0.126570056465916
8079543 0.12817637001381
6006100 0.129856607374159
6031057 0.129856607374159
6873174 0.130922311031147
6881493 0.13096985052196
6764310 0.131073127657463
6772629 0.131073127657576
6114964 0.131532345621384
6139921 0.131532430603406
7970679 0.131575523728078
8079543 0.132754453921947
6114964 0.132952697058653
6139921 0.13295269707297
6881493 0.133283881020548
6873174 0.13385118657296
6139921 0.133864930912577
6873174 0.134245059161296
6881493 0.134703781939265
6114964 0.134762798128195
8079543 0.135296473283388
6114964 0.135334953603852
6139921 0.1353349536147
6873174 0.135423805483709
6881493 0.13548044006572
6764310 0.135501057790889
6772629 0.135501057790889
6114964 0.13574948414049
6139921 0.135797023477195
6881493 0.136516932875477
6873174 0.136519431659167
6873174 0.136752013942999
6881493 0.137513613571475
6873174 0.137623720477468
8079543 0.137775934640155
6114964 0.137880685924256
6139921 0.137880685940793
6873174 0.137898467828251
6881493 0.137967412183592
6873174 0.138046243792615
6881493 0.1380631651455
6139921 0.138454965100556
6114964 0.138454965406684
6881493 0.138466073035649
6881493 0.138855736848416
6114964 0.139190919044396
6139921 0.139190919044396
7970679 0.139217975356915
8079543 0.140161087150138
6873174 0.140170391610634
8079543 0.140343802652365
6873174 0.140432346801083
6881493 0.140432439104968
6881493 0.140828998597691
6873174 0.140880375332993
8079543 0.140973663036666
6114964 0.140975456388312
6139921 0.140975456388312
6139921 0.141545883702018
6114964 0.141606925420455
6881493 0.141906560310065
6139921 0.142009530019018
6139921 0.142091230596363
6873174 0.142475246775006
6114964 0.142573937566977
6114964 0.143402296802076
6006100 0.143726462120119
6031057 0.143824594336207
8079543 0.144035559777547
6114964 0.14430649173969
6139921 0.144345368173339
6114964 0.144446314790269
6114964 0.144457829452684
6139921 0.144493431503342
8079543 0.144565778885577
6772629 0.144616647517164
6764310 0.144616647517273
8079543 0.144848822395653
6873174 0.144964517967522
6881493 0.144967565780233
6772629 0.145208016789053
7970679 0.1453947234231
6139921 0.145452687671641
6881493 0.145943471926255
6764310 0.146154888985246
6873174 0.146429486689895
6139921 0.146966657957407
8079543 0.1473035046703
6873174 0.147304885488271
6881493 0.147307996984236
6114964 0.147809525743387
8079543 0.147919893618541
6139921 0.147940140291626
6114964 0.147940140291742
6139921 0.148064916302307
6114964 0.148163047194008
8079543 0.148592513205904
6881493 0.14862211687188
6873174 0.148867092329489
6139921 0.148920606438054
6114964 0.149076172686102
6881493 0.149473306656353
6006100 0.149548750830417
6031057 0.149548752343595
6873174 0.149563542924524
7970679 0.150136976805781
7970679 0.150397854772934
6873174 0.150556577791814
8079543 0.150739729372881
6772629 0.150760785151015
6764310 0.150793711827846
7970679 0.150836320091397
7970679 0.151356363001086
6114964 0.151415084553903
6139921 0.151415084554022
8079543 0.152645603344387
7970679 0.152671300641473
6114964 0.152733927889237
6881493 0.152821497805935
6139921 0.153880123821188
6873174 0.154611303705088
6881493 0.15497493700154
6139921 0.155023764722405
6031057 0.155218116861108
6006100 0.155279157328482
6114964 0.15550670657634
8079543 0.155673283913487
8079543 0.156168033069607
6873174 0.156314109842947
6873174 0.15668065412838
6772629 0.156760408336125
6873174 0.156876398330269
6881493 0.15689556016651
6006100 0.157380056304884
8079543 0.15751273259272
6139921 0.157708095583373
6881493 0.157776891704292
6881493 0.15781464723998
6873174 0.157916533130742
6881493 0.157917506762701
6873174 0.157978626613389
6873174 0.158053299970412
8079543 0.158258854216522
6881493 0.15843899996874
6764310 0.158552237096375
8079543 0.158738935230476
8079543 0.158795150486838
6881493 0.159168618748201
6114964 0.159204611894415
6031057 0.160006190503682
6114964 0.160905774153629
6881493 0.160970466367821
6881493 0.161087832183755
8079543 0.161185741071998
6881493 0.161231711894606
8079543 0.161485533746587
6873174 0.161796120509313
6114964 0.162011220065414
6873174 0.162021349091743
6139921 0.162166636453114
6139921 0.162216925341251
6873174 0.162331418421147
7970679 0.162366665568421
8079543 0.162498505000793
6006100 0.162581601717905
6031057 0.162581601717905
8079543 0.162596672826596
6873174 0.162632630599471
6881493 0.162739193814167
6006100 0.163063035996948
6031057 0.163063035996948
6764310 0.163567055383706
6772629 0.163569360854286
6139921 0.164096367123427
6006100 0.164608915475241
6031057 0.164608915990996
6139921 0.164931724509757
6114964 0.164934498133252
6114964 0.165095982145156
8079543 0.165225388372344
8079543 0.165635882047046
6139921 0.16582574580626
6114964 0.165828323749832
6873174 0.165887538994558
6114964 0.165905418743546
6139921 0.165905503725568
6881493 0.165956481933652
6139921 0.166110658975575
6114964 0.166114483161786
6114964 0.166192020759639
6139921 0.166192199199186
6772629 0.166975334157692
6764310 0.167066591761789
6114964 0.167071510700995
6139921 0.167082562255488
6139921 0.167165067191372
6114964 0.167169972318925
6881493 0.167347799174876
8079543 0.167404703716964
6139921 0.167560855541742
6873174 0.168009819406203
6114964 0.168505651471008
6139921 0.168505651471008
8079543 0.168842408372157
6114964 0.168872002199493
8079543 0.169142363254208
8079543 0.169642287436232
6114964 0.170325772289426
6873174 0.1703986510736
6139921 0.170403565497209
8079543 0.170451046210083
6881493 0.170471347505505
8079543 0.17060420526308
6114964 0.17099345194081
6139921 0.17099345194081
8079543 0.171513823596113
6139921 0.172393598286192
8079543 0.172424155418288
6114964 0.173391676580674
6873174 0.173801258069342
6873174 0.17385431620035
6881493 0.173862398901632
6764310 0.173897276882095
6772629 0.173907854821898
6881493 0.174518462151304
6006100 0.174718045254175
6031057 0.17481305208955
6139921 0.174957623635455
6873174 0.175609529551909
6881493 0.175612301851127
6114964 0.175694185285755
6114964 0.175715028672869
6114964 0.176097138907121
6139921 0.176097140323488
6139921 0.176134024028052
6873174 0.17634972711182
6881493 0.17646142535005
6114964 0.176624671682679
6139921 0.176680995928759
8079543 0.176745531882305
6873174 0.177078714761592
6772629 0.177085065277434
6881493 0.177156537769271
6764310 0.177170668856146
6881493 0.177640507939897
6873174 0.177640507952702
8079543 0.178417044654512
8079543 0.178729068109767
6881493 0.178983942596833
6873174 0.178985094853705
6114964 0.179169327711894
6139921 0.179173079466095
8079543 0.179398537531888
6114964 0.18021752851234
6873174 0.180314565590314
6139921 0.180324723952644
6139921 0.180394501464914
6114964 0.180405205774916
6114964 0.180609751735528
6139921 0.180949679281369
6114964 0.18095131203226
8079543 0.181033835809576
6881493 0.181725183942857
6139921 0.181781629260143
6873174 0.181794214516987
6139921 0.182033706274532
8079543 0.18207216236589
8079543 0.182086700981353
6114964 0.182664808319439
6881493 0.182907252965614
6873174 0.183015049010884
6881493 0.183385366576697
6873174 0.183421009422737
6114964 0.183561770674285
6881493 0.183906742814705
6139921 0.184215419199362
6881493 0.184263348401926
8079543 0.184648333614008
7970679 0.184822057767328
8079543 0.185069016941509
6873174 0.185158127409357
6139921 0.185215654284419
6114964 0.185219407975741
8079543 0.185392621630057
6772629 0.185847002591117
6139921 0.186343782204121
6873174 0.186667485860868
6006100 0.186702124896788
6031057 0.186702286757865
6881493 0.186728427244552
6881493 0.187306280848173
8079543 0.187791992355875
6873174 0.188007518313104
6881493 0.188007650232888
6881493 0.188071841513777
6764310 0.188217795055852
6873174 0.188433335049948
6873174 0.188726628451135
6114964 0.189191322375017
6881493 0.189273881815551
6139921 0.189364615893513
6114964 0.189523878286272
8079543 0.190101742409751
6873174 0.190141708764217
6114964 0.190168349810736
6139921 0.190168349810736
8079543 0.190680538870592
6114964 0.190888476151456
6139921 0.190888476201333
8079543 0.19116315662897
6881493 0.191263307526467
6114964 0.191304926966589
6139921 0.191304926966589
8079543 0.191810989788727
8079543 0.1923964650626
6873174 0.192824445229856
6139921 0.192945875226443
6114964 0.192945875226559
6881493 0.193234870451145
8079543 0.193325190492056
6114964 0.193661887436238
6031057 0.19382316167891
6881493 0.194130328499441
6139921 0.194730524945879
6881493 0.194946983633099
6873174 0.195015978154521
8079543 0.195317862545523
6006100 0.195320937658199
6873174 0.195330137530147
6139921 0.195396218836693
6114964 0.195396218851657
6873174 0.195555217982913
8079543 0.196366346922519
6881493 0.196399331601916
6873174 0.196399331615409
6114964 0.197538235062502
6139921 0.197538235062502
8079543 0.197717014090994
6139921 0.198213544402652
6114964 0.198323506898205
6139921 0.19907990708686
6881493 0.199487085774391
6031057 0.199881298327643
6114964 0.200047883789111
6006100 0.2002209767016
7970679 0.200269632444393
6873174 0.200489852134172
6772629 0.200768978328846
6764310 0.200768978328847
6114964 0.20095647483715
6114964 0.201002970704988
6139921 0.201002970704988
8079543 0.201113322195204
8079543 0.201116429402325
6873174 0.201236721347724
6881493 0.201236722421923
6031057 0.201297584817319
6006100 0.201351513392864
6873174 0.201426141170264
8079543 0.201514246078714
6114964 0.201707052246685
6139921 0.201711474169062
6881493 0.201768093678245
6873174 0.201909431021696
6881493 0.202124237512453
6873174 0.202127636793309
6881493 0.202289584114161
6139921 0.202658315596942
6873174 0.202744097436127
6881493 0.203374189945804
6873174 0.203975731085462
6881493 0.204055248652826
6881493 0.20439045912827
6764310 0.20448348214354
8079543 0.204886362209336
6873174 0.205175727303307
6139921 0.205546401912857
6114964 0.205546457844867
6881493 0.205998187092859
6772629 0.206445629862687
6873174 0.2071959523923
8079543 0.207646541234987
6873174 0.207883932605627
6881493 0.207883934021994
6114964 0.207959653159662
6873174 0.208227310024937
6881493 0.208315601287358
8079543 0.208673649488595
8079543 0.209045672867843
6139921 0.209104167992781
6139921 0.209361972405244
6114964 0.209366165767971
6881493 0.209391057598948
6114964 0.209396946392286
6139921 0.209398808754014
6139921 0.210001249134969
8079543 0.210611721861894
6873174 0.210952382077262
6114964 0.211090117210297
8079543 0.211098836119491
6772629 0.212979550736404
6764310 0.213020104891226
8079543 0.213546838419067
6772629 0.213580374117219
6881493 0.213610635328302
6873174 0.214067720796879
6764310 0.214181821049887
6881493 0.214891502332537
6873174 0.214956278310011
6873174 0.215336139130835
6006100 0.215782902070121
6031057 0.215784743771166
8079543 0.215817473432826
6881493 0.216482251217964
8079543 0.217425870984556
6873174 0.217967987487937
6764310 0.218887337878914
6881493 0.219853765404708
6873174 0.219853766901349
6772629 0.220984790641573
8079543 0.221103093190562
6881493 0.221105262786292
6139921 0.221600446806177
6114964 0.221602779594715
6139921 0.221625446459275
7970679 0.221788797540421
6114964 0.222189852539721
6114964 0.222216531857959
6139921 0.222216531857959
6881493 0.222303565330245
6873174 0.22235756438425
8079543 0.222587836386119
8079543 0.223662200568211
7970679 0.223746512477561
6114964 0.223914185958245
6139921 0.223914185958245
6139921 0.224511755884599
8079543 0.224620472148348
8079543 0.224822187620522
8079543 0.225065024150521
6114964 0.225212849026608
6881493 0.225446732470591
6873174 0.225524364065163
8079543 0.226109022009175
6114964 0.22641206501561
6139921 0.226471597093317
6114964 0.226471598168388
6139921 0.227906300132934
6881493 0.228696715247063
8079543 0.228792497750355
8079543 0.228924318148036
6873174 0.229134936714443
7970679 0.229174744412433
6873174 0.2293503626184
6881493 0.229791880367035
6873174 0.229853509634458
6881493 0.229854387988315
6873174 0.229980245914383
6881493 0.229980245914384
6139921 0.230069490987179
6114964 0.230156901068699
6873174 0.230323704039317
6881493 0.230325757889141
6114964 0.231511352149443
6139921 0.231511353676115
7970679 0.232597189613004
8079543 0.232759878495745
8079543 0.232899827954487
7970679 0.233487017369437
6031057 0.233662075712203
6873174 0.234171483510574
6881493 0.234171483525537
6006100 0.234221740243285
8079543 0.23473418632294
6873174 0.235642255815886
6881493 0.236140006688646
6114964 0.236224171588835
6139921 0.236260791782308
6881493 0.236613148585348
6139921 0.23666876048339
6114964 0.236729803436869
6139921 0.236908057883919
6114964 0.236908151700878
6873174 0.237802464490009
6881493 0.239341552061454
6764310 0.239376941820153
6873174 0.239428961482425
6772629 0.240158471674227
6114964 0.240244275948751
6139921 0.240244275948751
6139921 0.240766511260301
6873174 0.240841120604376
8079543 0.240881880680714
6031057 0.241725787311543
6006100 0.241725787322389
6114964 0.241766292229236
6139921 0.242757098999934
6114964 0.242757098999935
7970679 0.242958993438067
6881493 0.243207222257128
8079543 0.243211203572899
6031057 0.243523695409325
8079543 0.243962999652697
7970679 0.244593470203375
6139921 0.244679677945389
6006100 0.245148498403174
8079543 0.245557822090453
6873174 0.245652964874551
6881493 0.245653817378823
6114964 0.245679454665223
8079543 0.245944587541377
8079543 0.246022374316515
6873174 0.247485709607172
6881493 0.247488111121229
6772629 0.248642502189888
6764310 0.249110846113583
6114964 0.249625871768377
6772629 0.249721612792869
6031057 0.25042931732732
6139921 0.250625565997345
6114964 0.251051223016149
6006100 0.251077311447822
6764310 0.251204863347081
6139921 0.251741816604508
6114964 0.251743433096321
6139921 0.25181669782202
6031057 0.251965053217941
6006100 0.252063276703506
6873174 0.252087379309346
8079543 0.252801654961767
6881493 0.252937913073602
6873174 0.253914893659893
6881493 0.253917456950076
6772629 0.255257388357009
6764310 0.255351526402745
6881493 0.256634373059819
6139921 0.256748895238612
6114964 0.256753095036996
6764310 0.257488571115603
6114964 0.257533442851714
6139921 0.257533442851715
6114964 0.257592834528216
6873174 0.257633908152631
6114964 0.258032531653736
6881493 0.258256641577764
6139921 0.258738945478146
6873174 0.25904158694863
6114964 0.259273707448007
6139921 0.259273799741045
6139921 0.259343590537473
6772629 0.259604084633498
6139921 0.259882392383146
6114964 0.259882408449455
8079543 0.260236633535979
7970679 0.260302026461038
6139921 0.26042577722387
6114964 0.260425778654554
6031057 0.26100624737264
6139921 0.26114198825398
6114964 0.261226745560125
6006100 0.261637176910219
6873174 0.262054728122829
6881493 0.26206926233465
6006100 0.262711963467049
6031057 0.262741564872279
6873174 0.262990255823893
6772629 0.263012179762874
6764310 0.263528277895432
6873174 0.263617302748638
6881493 0.263698736568177
7970679 0.264228016958726
8079543 0.26437083377594
6772629 0.264398719739325
6764310 0.264440527709108
6873174 0.264992877760181
6881493 0.265050701700673
7970679 0.265062030889426
6881493 0.265104368387755
6772629 0.265160991684826
6764310 0.265224308406046
6764310 0.265865752620379
6139921 0.266273155722709
7970679 0.266419670019573
6772629 0.266748695021641
6114964 0.267170414025444
7970679 0.267375466839332
6006100 0.26772493982215
7970679 0.26775867745037
6031057 0.267783416999248
6873174 0.267858459098675
6031057 0.267923387932809
6881493 0.269043541202361
6881493 0.270233665116544
6873174 0.270357765595584
6881493 0.270462900317473
6873174 0.270565170045191
6114964 0.270940603063223
6114964 0.270942200882985
6139921 0.271042630935023
6006100 0.27112052175394
6873174 0.271278722427511
6764310 0.271361482581108
6772629 0.271401273774636
6139921 0.271559380971968
7970679 0.272375220246706
6881493 0.273278460729113
8079543 0.273642196478398
7970679 0.273817731296466
6881493 0.273998295991221
6114964 0.274670504605122
7970679 0.274833863517625
6873174 0.275147926638125
6139921 0.275540567341097
6772629 0.276594409858657
6006100 0.276834400505706
6031057 0.27687104127379
6031057 0.277351025371522
6006100 0.277352465839726
7970679 0.277634232702393
6764310 0.27777440520742
7970679 0.278010697669559
6114964 0.279794343108868
7970679 0.279995706622525
6139921 0.280309745496676
6881493 0.280851633767392
8079543 0.281314968077771
6873174 0.282576433336013
6764310 0.283943732154535
7970679 0.285216429128621
6764310 0.286024604595226
6772629 0.286049217703116
6139921 0.286378241105259
6114964 0.286449201951885
6114964 0.286743434076743
6772629 0.286755490064999
7970679 0.287507461785476
6139921 0.287746148990623
6031057 0.288571370877999
6006100 0.288572201868484
6006100 0.289104988232631
6031057 0.289262503129178
7970679 0.290159154595683
6006100 0.292450393875525
6031057 0.292450393884516
8079543 0.292711183160103
6031057 0.293437064321149
6006100 0.293437064398628
6764310 0.297316784484597
6031057 0.297648871067718
6006100 0.297686570579374
7970679 0.29816743912423
6772629 0.298313404433175
7970679 0.2987333045027
7970679 0.29890986338322
7970679 0.299308199494073
6031057 0.300068150403343
6006100 0.30042389542508
6764310 0.300811318941962
6772629 0.300826821109896
6764310 0.301932231272558
6772629 0.301938463595061
6881493 0.302353457672277
6873174 0.302457436698452
6772629 0.302590596418763
6114964 0.302725759713033
6139921 0.303595774159037
7970679 0.303868315374769
7970679 0.3042464909364
6764310 0.304592328796332
7970679 0.304785943599363
6764310 0.304842594148955
6772629 0.304896062155939
6006100 0.305795155342061
6031057 0.306078018986665
7970679 0.306553124103515
7970679 0.306563398670865
6764310 0.306702660881614
6772629 0.306719585224252
7970679 0.308737076809011
7970679 0.309863203301571
6139921 0.310280235008818
7970679 0.310330031554461
6114964 0.310614376729913
8079543 0.312242976347419
7970679 0.312428752640834
7970679 0.312583198513797
7970679 0.312675863269234
6139921 0.312717642961365
6006100 0.313065733019323
6031057 0.313371735772072
6006100 0.313516767758599
6031057 0.313692608167956
6114964 0.313716303437306
6873174 0.313921105206477
6139921 0.314321230393479
6881493 0.31523427456091
6114964 0.315324677238981
6873174 0.316300809777299
6881493 0.316303882967937
7970679 0.317621473715359
6764310 0.319705710008194
7970679 0.320656932986502
7970679 0.320741683068677
6772629 0.320763827366919
6772629 0.321174284830948
6764310 0.321405071230905
7970679 0.321857203732222
6772629 0.322022842660586
6772629 0.322457394420112
6764310 0.322815686649823
6764310 0.32341911390709
6764310 0.323641616946138
6772629 0.323641616960566
7970679 0.323746406438198
6006100 0.324477624169085
6031057 0.325434391129254
6006100 0.325434391189873
6772629 0.325490634023615
6873174 0.32569653014233
6881493 0.325918680039877
7970679 0.325948955102156
6031057 0.326160685368277
7970679 0.326368723761652
6772629 0.327003141152918
7970679 0.327476631034489
6031057 0.327543955847303
6031057 0.327757519527131
6006100 0.328189001529731
6006100 0.328239674156936
6764310 0.328276962541759
6764310 0.328601756982216
6006100 0.328798048662131
7970679 0.328825052767496
6031057 0.328854506746088
6031057 0.329170420778101
6006100 0.329736752834512
7970679 0.329874456707362
6031057 0.330204747871636
6006100 0.330237943768831
7970679 0.330715969128382
7970679 0.331367026971669
6764310 0.331642546808216
6772629 0.331952392181051
7970679 0.332617692892675
7970679 0.332908352508001
6006100 0.333245381389884
7970679 0.333363895454484
7970679 0.333363944643637
7970679 0.333391320680933
6031057 0.333968500388195
6764310 0.334938243464047
7970679 0.335094477315162
6006100 0.335434430366743
6031057 0.335471998984572
7970679 0.335861527462521
6772629 0.335985276636163
7970679 0.337586911229341
6764310 0.339162303856073
6031057 0.339847776141568
6772629 0.339913249725791
6006100 0.340778667427643
6764310 0.343247366199047
6772629 0.343493008026923
6772629 0.343983626140795
7970679 0.344100299574155
6772629 0.344910100630729
6764310 0.345306172979019
6772629 0.345827089946216
6764310 0.346226093121114
6006100 0.346503658132701
6031057 0.346506675494504
6764310 0.346695317016247
7970679 0.346758800464471
7970679 0.346759303954561
6006100 0.346944015404466
6031057 0.347524169745005
6031057 0.348344392656782
6764310 0.348382224081091
7970679 0.34905131616759
6006100 0.349330358616581
6031057 0.349333910389465
6772629 0.349369061027026
6006100 0.349374083897786
6031057 0.349650407417195
7970679 0.349958092663044
6772629 0.350326718573086
7970679 0.350557338965073
6006100 0.350581821250268
6764310 0.351090469178376
6006100 0.351388376864012
6772629 0.351709119009707
6764310 0.352234840014483
6764310 0.352275372645298
7970679 0.352341025757938
6006100 0.352383391672017
6031057 0.352383392283837
6031057 0.352657658175403
6772629 0.353131035188072
6764310 0.353280332765458
6006100 0.353283232732959
6031057 0.353283233313103
7970679 0.353599102197193
7970679 0.353791104529269
7970679 0.354156097332647
7970679 0.354683501166495
6772629 0.355161990865485
7970679 0.355225351442785
7970679 0.355306364224733
6772629 0.355330298194767
6772629 0.355570500412048
6772629 0.355708934781141
6764310 0.355759132932332
6764310 0.35580706699712
6764310 0.355943575620521
7970679 0.356951984925535
6772629 0.357365964971797
6772629 0.357375060530245
7970679 0.357872825869318
6764310 0.358196988882391
7970679 0.359045353298759
7970679 0.359760411594065
6006100 0.360222515612998
6031057 0.36065434468569
6764310 0.361008133792857
6031057 0.361656005145519
6764310 0.361976503495458
6006100 0.362029396131752
6031057 0.362376185342327
7970679 0.362486169917321
6006100 0.362708487307849
6031057 0.362754387368566
6772629 0.362897891659381
7970679 0.363218581645004
6031057 0.363327595523265
6006100 0.363348774290774
6772629 0.363659604239799
6772629 0.363713336208859
6764310 0.363778094336259
6764310 0.364010141548091
6006100 0.364069797634077
6006100 0.364532470723612
6772629 0.364545088694042
7970679 0.364619324522035
6764310 0.364645429891796
6772629 0.364696562541077
6031057 0.364718347725929
7970679 0.365755955468152
6006100 0.366508862725039
6764310 0.366668538399823
6006100 0.366682755133418
7970679 0.366948820846826
6006100 0.367055185703243
6031057 0.367073270899104
6031057 0.367091923742535
6772629 0.367125265835022
6031057 0.36716844355223
7970679 0.367180381702049
6764310 0.367994781191497
7970679 0.368462555954847
6031057 0.36878849482231
7970679 0.368860447932825
6772629 0.368972829940962
6006100 0.369442198872849
6031057 0.369530587674173
6764310 0.369904258205636
7970679 0.370343620317855
7970679 0.370372951954468
6764310 0.370467172492276
7970679 0.370689110147845
6772629 0.370762391298982
7970679 0.370846877459108
6772629 0.370936402928767
7970679 0.371072681016765
6764310 0.371218653953062
6006100 0.371299202200405
6764310 0.371559413736727
6031057 0.371730486944131
6772629 0.37182913945055
7970679 0.371895011297366
6772629 0.37192771681084
6006100 0.371930500347101
6764310 0.372239361650912
7970679 0.372462212631992
6031057 0.372873613166745
6772629 0.373010405460393
7970679 0.373084161404391
6006100 0.373469753573392
6031057 0.373894443146885
6006100 0.373968009391363
7970679 0.374130129257868
6764310 0.374145864629805
6031057 0.374222243147713
6772629 0.374418005672104
6006100 0.374577377708976
6031057 0.374595319508685
6006100 0.375065093490297
6764310 0.375130569105861
7970679 0.3751663216023
6772629 0.375208712183825
6764310 0.37521570280259
6764310 0.37522201621715
6772629 0.375584537710395
6031057 0.375613991968683
6006100 0.375718595406292
6031057 0.375826408036432
6006100 0.376637346810362
6031057 0.376789588206352
7970679 0.376797432187069
6764310 0.376837750604899
6772629 0.37725800922758
6031057 0.377357363286224
6031057 0.377393130492511
6006100 0.377504174367901
7970679 0.377867359779953
6006100 0.377972138236809
6772629 0.378296925788648
6764310 0.378333104043662
6006100 0.378336200059242
6031057 0.378579450791438
6772629 0.378848735609067
6764310 0.378867385700445
7970679 0.378888453726648
7970679 0.379413506281208
7970679 0.379514645866647
6031057 0.380090832575896
6006100 0.380117146161637
6031057 0.380294370253936
6006100 0.380333901630731
6006100 0.380593722188053
7970679 0.381438060099733
6031057 0.381460526936012
6764310 0.381779023396251
6772629 0.381947748553076
7970679 0.382325166836315
6006100 0.382499111574214
6764310 0.382580586195396
6006100 0.383242007369103
6772629 0.383254629902802
6031057 0.383278340303357
6006100 0.383409764166573
6031057 0.383428147538447
7970679 0.383774355146612
7970679 0.384207555743781
7970679 0.384319003808347
6031057 0.38437201705166
6006100 0.384556442513704
6764310 0.384713348558328
6772629 0.384733231648369
6031057 0.385006913812444
6006100 0.385010940700309
6006100 0.385041729662855
6772629 0.385085269084154
6006100 0.385410328132617
6764310 0.385591656696727
6031057 0.385797868134199
6772629 0.386127978078924
6031057 0.386157961673928
6764310 0.386278825357684
7970679 0.386313970072751
6772629 0.386364378123356
7970679 0.386859532336288
6764310 0.38715142450604
6772629 0.387163075053841
6772629 0.38807537213368
6764310 0.388254864894414
7970679 0.388303636473829
6764310 0.388967953157709
6772629 0.38897693126655
6764310 0.389118716544234
6772629 0.389165029352904
6764310 0.38938346291053
7970679 0.389818564859789
6772629 0.389827421089582
6764310 0.390134569133643
6031057 0.390687766479515
6006100 0.39070930896065
7970679 0.391203586087032
7970679 0.392291832645286
6764310 0.39312399151178
7970679 0.393390928914246
7970679 0.393772985058028
6772629 0.394215658241386
6764310 0.394420530993803
6772629 0.394525553526081
6031057 0.394976030976106
6006100 0.395008054611326
6031057 0.396444305693568
6006100 0.396723413470342
6772629 0.396792544463853
6031057 0.396793029540589
6006100 0.396919955834637
6764310 0.397698573775347
7970679 0.398493432098139
7970679 0.398547578099377
6772629 0.39884370532612
6764310 0.398971010238025
7970679 0.39904978501056
6772629 0.399108650725799
7970679 0.399148014782117
6031057 0.399330538108205
6006100 0.399915399303123
6031057 0.399985702045088
7970679 0.400103202529579
6764310 0.400697874883079
6772629 0.400725446243826
6006100 0.400784203957143
7970679 0.400987449884315
6764310 0.401028022662539
6764310 0.401581661586924
7970679 0.401618484522233
6772629 0.401982193667109
6031057 0.402764760602623
6031057 0.403083561986118
6006100 0.403523443419127
6006100 0.403601343132047
6006100 0.403829903395035
7970679 0.403891332455119
7970679 0.403991081241229
6006100 0.404079288250335
7970679 0.404459399069074
6031057 0.404672740849568
6006100 0.404673580891576
6031057 0.40478102290531
6006100 0.404865643676986
6031057 0.405009065182421
6031057 0.405122357596731
6031057 0.405404047854138
6764310 0.406397525451308
6772629 0.406935883208474
6006100 0.407099866807211
7970679 0.40747772260411
7970679 0.408169335306106
6764310 0.40835767452145
6772629 0.40837117999602
6764310 0.409485279347498
6772629 0.409595935579266
6764310 0.409627952274687
7970679 0.409770713885775
6031057 0.409845470522234
6006100 0.410074867390574
6031057 0.410652555092955
6772629 0.410717939733496
6764310 0.410837385886385
6772629 0.410882982563482
6006100 0.41089565987939
6772629 0.411309153134145
6764310 0.411484698690186
6764310 0.411634067484914
6772629 0.411863046089448
6772629 0.412914138436347
6764310 0.412966498139707
6764310 0.413877327641396
6006100 0.413904341389243
6772629 0.414038379525044
6031057 0.41412010427372
6031057 0.414721328590009
6006100 0.414843394292446
6772629 0.414979281506
6764310 0.415014953639844
6031057 0.41569588318061
6031057 0.415717781249934
6764310 0.415750997508739
6006100 0.415754047760339
6006100 0.415778496533499
6772629 0.415798014387757
6764310 0.41617993279048
6764310 0.41662315050437
6772629 0.41673399846541
6031057 0.417006699918
6772629 0.417456639360006
6764310 0.417458639056913
6031057 0.417464680966585
6772629 0.417510013959226
6006100 0.41755661371423
6764310 0.417657124712196
6006100 0.417672703912994
6031057 0.417682930890501
6772629 0.417747536926509
6764310 0.417760557020805
6006100 0.417821583177927
6772629 0.417967483797587
6006100 0.418294467982104
6764310 0.418357296853229
6764310 0.418443604694245
6764310 0.418500962978498
6772629 0.418529778538913
6772629 0.418631817888717
6006100 0.418637882431898
6031057 0.418716368359977
6772629 0.418798190624698
6031057 0.419120107715699
6006100 0.41925114141167
6031057 0.419251574158038
6006100 0.419532364640837
6031057 0.419539968392495
7970679 0.419756273788733
6031057 0.420481844840203
6031057 0.420492546431805
6006100 0.420492583128881
6772629 0.42055546251179
6006100 0.42062176355914
7970679 0.420664953303094
6764310 0.420893423624177
7970679 0.42095118671198
6764310 0.421495211799459
6772629 0.421511503247351
6764310 0.422500650446842
7970679 0.422572481389525
6031057 0.422689995302643
6764310 0.423394828389666
6772629 0.42351841539087
6006100 0.423599403953506
6031057 0.423599405960831
6764310 0.423659153292514
6006100 0.423697453384228
7970679 0.423745848390533
7970679 0.424026536228558
6764310 0.424630100295493
6006100 0.424741949757837
6772629 0.425127166332842
6772629 0.42530451221753
6772629 0.425324413428332
6031057 0.425344566468194
7970679 0.425954149598085
6772629 0.426027743117917
7970679 0.426995806703905
6006100 0.427132737599473
6031057 0.427224111727916
6031057 0.427808191080758
6006100 0.427918366305882
6764310 0.428237522927172
6006100 0.428268219030062
6031057 0.428332298084894
6772629 0.428430070895524
6764310 0.428584476064795
6031057 0.428758021137808
6772629 0.428859916643628
6764310 0.429557854067461
6006100 0.429699973437947
6764310 0.429876056573734
7970679 0.429910392873226
6764310 0.43023742107112
6772629 0.431594727700803
6772629 0.431600913561934
6006100 0.431953939774144
7970679 0.432016274598611
6006100 0.432399622319803
6031057 0.432411884953064
6031057 0.432765466890347
6006100 0.433769609405314
6031057 0.434249450131737
6764310 0.43439422186747
6772629 0.434462929141283
6031057 0.434639974189527
6006100 0.434688708121102
6006100 0.434859721453712
6031057 0.434948866121375
6031057 0.435169217439651
6764310 0.436748459739906
6006100 0.436947278159305
6772629 0.436997288395912
6764310 0.437264343862798
6764310 0.437836243719572
7970679 0.438075574735811
7970679 0.438817331462187
6772629 0.438910751596696
6006100 0.439025417375323
6764310 0.439056085457643
6031057 0.439431271113168
6772629 0.439544338941612
6031057 0.439792332570353
6006100 0.439843760513699
6764310 0.439972355067253
6772629 0.440090070355032
6764310 0.440821017705577
6772629 0.440994260439784
6772629 0.440995626249463
6772629 0.441394428411304
7970679 0.441600660334163
6764310 0.44192700343207
6772629 0.441939701978871
6764310 0.442891348249696
7970679 0.442927977502187
6764310 0.44310731843979
6772629 0.443349618154615
7970679 0.443527309145911
6031057 0.44482288430145
6006100 0.444864740419452
6006100 0.445216628099435
6031057 0.445234719809293
6772629 0.445235380042139
6764310 0.445592476090224
6006100 0.445655716680685
6006100 0.445736253244024
6031057 0.445738284005391
6006100 0.446698469881659
6031057 0.447106537584502
6031057 0.44718874961865
6006100 0.447257416873134
6006100 0.447639214841689
6031057 0.448202642602591
7970679 0.448743446078916
6031057 0.448950538678698
6006100 0.449135725729517
6764310 0.449296170013533
6006100 0.44935666406096
6031057 0.449792589506951
6031057 0.450080741035032
6772629 0.450738412533593
6764310 0.450815775432919
6031057 0.450997270733355
6772629 0.451299709380383
6006100 0.451743925544739
7970679 0.451796013206394
6006100 0.451834625171882
6031057 0.451995244293229
6006100 0.452540579997895
6031057 0.453163697687724
6006100 0.454304508643118
6031057 0.454419885652784
6772629 0.454597514360221
6006100 0.454766596764788
6031057 0.45486550908967
6764310 0.454936490223265
6772629 0.455173934044765
6764310 0.455525116308362
6031057 0.455807536619381
6006100 0.455827193910481
6764310 0.455839953624606
6764310 0.456096804416285
6772629 0.456301871606233
6772629 0.457169860395868
6764310 0.457395038124024
7970679 0.45816998210077
7970679 0.459271106923455
6764310 0.459391963654408
6772629 0.459713482586066
7970679 0.459806483770728
6031057 0.46064087714735
6006100 0.460671313556348
6772629 0.460885988692752
6764310 0.461157846263462
6006100 0.461213613482222
6006100 0.461224291097241
6031057 0.461648389651751
6031057 0.461709700357136
6772629 0.46221048227329
6006100 0.463726958935664
6031057 0.463940032141287
6764310 0.466977020369261
6772629 0.467899544516814
6772629 0.467935716020828
8079543 0.468246267810927
6031057 0.468781113153377
6031057 0.469630879893346
6006100 0.469952559300103
6006100 0.470157791907181
6764310 0.471392356220655
6772629 0.47148972394636
6764310 0.472064784155911
6772629 0.472240058723103
6764310 0.472671361937447
6764310 0.472986467012666
8079543 0.473197829899989
6772629 0.473733491198963
6031057 0.476070793826199
6772629 0.476112243672989
6006100 0.476315688027476
6772629 0.476463179644876
6764310 0.477483494986198
6764310 0.477757135660667
6031057 0.477815833625319
6006100 0.477842742054333
6764310 0.477947454815135
6772629 0.478214835373651
8079543 0.47865296998901
8079543 0.479299029900745
6031057 0.479317913894208
6006100 0.47932052745825
6031057 0.48200987857422
6764310 0.482033839873343
8079543 0.48219704952096
6006100 0.482483483782624
6031057 0.482589490161516
6772629 0.48314376053497
7970679 0.483642806761411
8079543 0.483849240418365
6006100 0.483934512485712
6772629 0.484985190788313
6031057 0.485275909064762
6006100 0.485702526727793
6031057 0.487379997814777
6006100 0.487397671390244
6764310 0.487520413330197
6006100 0.488192303054068
6031057 0.488233476814346
6772629 0.488827788108918
6764310 0.489597281665835
8079543 0.495089905725449
8079543 0.499378169186133
8079543 0.500443234694255
6764310 0.500980867215444
6772629 0.500991441223087
6772629 0.501771736971148
6764310 0.502009979688669
6764310 0.502412338356392
6772629 0.502471741618692
6031057 0.504023082976193
6006100 0.504187371219442
8079543 0.504223193699176
8079543 0.504446527569145
6006100 0.504895247873012
6006100 0.504955857364946
6031057 0.505069771640464
6031057 0.505643735718462
7970679 0.506027968729163
8079543 0.506882843529319
8079543 0.507577170235004
8079543 0.509574253401044
8079543 0.510312702484925
8079543 0.511578052465877
8079543 0.513277179472498
8079543 0.514810677391457
8079543 0.515926502251982
8079543 0.515967034090682
6873174 0.517406089962439
6881493 0.518117744387394
6881493 0.520715282344582
6873174 0.520715313142531
6139921 0.521338138177987
6772629 0.521348231001518
6114964 0.521449397118542
8079543 0.521599911998079
6764310 0.521848885154867
6873174 0.521983079159753
6881493 0.522068319671988
8079543 0.523305312344874
8079543 0.523464196315284
8079543 0.523748869284146
6114964 0.524454422197795
6139921 0.524493114891839
8079543 0.525554238392744
6139921 0.526624896984353
6114964 0.526943450161206
8079543 0.529129317224384
6031057 0.530121480665301
8079543 0.530166032083094
6006100 0.530211990011668
8079543 0.53034881285328
8079543 0.533273187339752
8079543 0.533987793333981
8079543 0.535550149334678
8079543 0.538427926318538
8079543 0.54041541851122
8079543 0.541647136660763
8079543 0.54230718086444
8079543 0.542340439940752
8079543 0.542980417492818
8079543 0.543151262379522
8079543 0.543157140633939
8079543 0.545499944838334
8079543 0.546480803678997
8079543 0.54681298051549
8079543 0.547419802522759
8079543 0.547544485264201
8079543 0.547758983604513
6873174 0.548154290737666
8079543 0.548269529808209
6881493 0.548289577671804
8079543 0.549954880153246
8079543 0.550058755658634
8079543 0.551133502952485
6139921 0.551395965160347
6114964 0.551424104229128
8079543 0.551732220345344
8079543 0.551749855080156
8079543 0.55208446804622
8079543 0.552872851763707
8079543 0.554476722118964
8079543 0.554511730572905
8079543 0.554524570940944
8079543 0.554572552646903
8079543 0.554597260361349
8079543 0.555028146416901
8079543 0.555175671575116
8079543 0.555269761014768
8079543 0.555483750678025
8079543 0.555653702841101
8079543 0.556371311940814
8079543 0.557049278646578
8079543 0.557209692420137
6873174 0.558433289718329
8079543 0.558994007785717
6881493 0.559102561128126
6881493 0.559961590358876
6873174 0.560606092160983
6881493 0.560991316083463
6873174 0.561019747589951
6881493 0.561132928907862
6881493 0.561248865631297
8079543 0.561294968097951
6873174 0.561379546276968
6873174 0.561490027893337
8079543 0.561662442228028
8079543 0.56168093353026
6881493 0.562204889528378
8079543 0.56272877851481
6873174 0.562813486107015
8079543 0.563010322541325
8079543 0.563234982139184
8079543 0.56327989840059
6114964 0.563633690965989
8079543 0.563708621125658
8079543 0.56375652446841
8079543 0.564442645800121
8079543 0.564442793389124
8079543 0.564934123409173
6139921 0.565029776508384
6139921 0.565697375735849
6139921 0.565756223049435
6114964 0.565804409038501
6114964 0.565861002013277
6139921 0.565888140528466
6114964 0.56615292723728
6881493 0.566491893302654
6873174 0.56727682998948
8079543 0.56767661579057
8079543 0.567765758152946
6114964 0.567792161185514
6139921 0.567792316813926
8079543 0.568805290780737
6873174 0.568831375188701
8079543 0.568832343838155
8079543 0.56914329877117
8079543 0.569334758267378
8079543 0.569784006037917
6881493 0.569916235365922
6873174 0.570071800988765
6881493 0.570103678543078
8079543 0.570780023979282
6139921 0.571397516377558
6114964 0.571401294082752
8079543 0.571406242685958
6881493 0.571655369897276
6873174 0.57200600285963
8079543 0.572053776217092
8079543 0.572446686675835
8079543 0.573018645895939
8079543 0.573763102707931
8079543 0.573827573326142
6139921 0.574004030741873
8079543 0.574590632092189
8079543 0.574616543323646
8079543 0.574661820932732
8079543 0.575021440116654
8079543 0.575136879150161
6881493 0.575262451576779
6114964 0.575294465171443
6873174 0.575832821415287
6114964 0.57585565078214
6139921 0.575884482728544
6139921 0.576119788922785
6114964 0.576213984566105
8079543 0.576224985328403
8079543 0.576600985304374
6881493 0.576720115654897
8079543 0.576799722877155
8079543 0.577017415317991
6873174 0.577664650394145
8079543 0.578566280129599
6139921 0.578579246612001
6881493 0.578737900285643
8079543 0.578839920887428
6114964 0.578980788805108
6873174 0.579043086073168
8079543 0.579414993918924
8079543 0.579438229378445
8079543 0.579614517942648
6139921 0.579773803727562
6114964 0.579881039481632
8079543 0.5805913843345
8079543 0.580884723068051
8079543 0.581343229320153
8079543 0.581488068090559
8079543 0.581708842438619
6114964 0.581790929646479
8079543 0.582415631379701
8079543 0.582623171243146
6139921 0.582917484736082
6114964 0.582959395249092
8079543 0.583054729438974
6139921 0.583097371766336
6881493 0.583578589407024
6873174 0.58358668331049
8079543 0.583632584648253
6881493 0.585136811130514
6873174 0.585238380246519
8079543 0.58535711163939
8079543 0.585391477523321
6881493 0.585395797141491
6873174 0.585825799211513
6114964 0.585892268563723
8079543 0.585939771444876
8079543 0.586382985967176
6139921 0.586888782742198
6873174 0.587878710393602
6881493 0.587903373564994
8079543 0.587905056686215
6881493 0.588309277104933
6881493 0.588921803546673
6139921 0.589044671105443
8079543 0.589056749528738
6114964 0.58916877086756
6873174 0.58917196167426
8079543 0.589898593456061
6873174 0.589942080186665
8079543 0.590326906318381
6139921 0.590732215127733
6114964 0.590810815963795
6873174 0.592683474351432
8079543 0.593245300293883
6881493 0.593256349808876
6881493 0.59354903823495
6873174 0.593888763250022
8079543 0.594524417134452
6139921 0.59452742256545
6114964 0.594537895970887
8079543 0.594646022077934
6139921 0.595091453542416
6114964 0.595091520168714
6873174 0.595170037779943
6881493 0.595375045791095
6873174 0.595388839166478
8079543 0.59542324285785
8079543 0.595428986277493
6873174 0.595456708359079
8079543 0.595700365098153
6873174 0.595995478315716
6873174 0.596063917236832
6881493 0.596112750187013
6114964 0.596306375205774
6139921 0.596350230252476
6114964 0.596388161668623
6881493 0.596388989813174
6139921 0.596474955446376
6881493 0.59653242271471
6881493 0.596716612081941
6114964 0.596990425470752
6139921 0.597193255272813
8079543 0.597202897129216
6881493 0.597333742762158
6873174 0.597362850883651
6881493 0.597875979947703
8079543 0.597988609925264
6873174 0.598173168108812
8079543 0.598206661299571
6873174 0.598941916817417
6881493 0.599053195473115
6881493 0.599218168241332
6873174 0.599290609546601
6881493 0.59930611146782
6873174 0.599405766499299
6139921 0.599650798434125
6873174 0.599680480340089
8079543 0.599721401193762
6114964 0.599738639748348
6881493 0.600210903407067
6873174 0.600383649208409
6114964 0.60044970239111
6139921 0.600754028490076
6114964 0.600808095146326
6139921 0.60083606354032
6114964 0.601075980958845
8079543 0.601110578180101
6139921 0.601160235636566
8079543 0.601172038029404
6881493 0.601290232006819
6114964 0.601435612484571
6139921 0.601442741563798
8079543 0.601460106919688
6881493 0.601471136356845
8079543 0.60203482483009
6139921 0.602250727074605
6139921 0.60232114783716
6114964 0.602448310972181
6873174 0.602555966627151
6114964 0.602615236092493
6873174 0.602685368982146
6114964 0.602862378035223
6139921 0.60324639167596
6139921 0.60342251044795
6881493 0.603465925322984
6881493 0.603501102432045
6873174 0.603566609276999
6873174 0.603887167201226
6139921 0.603979376834114
6114964 0.604006253850784
6881493 0.60444617350636
8079543 0.604648422997182
6881493 0.604682719640281
8079543 0.604705961318157
6114964 0.604868501356079
6873174 0.604888114047474
8079543 0.60517148375911
6873174 0.605183964721436
6881493 0.605273649296733
6114964 0.605392765556072
8079543 0.605520238623083
6139921 0.60562876945409
6139921 0.606196120957735
8079543 0.606303362994404
6114964 0.606375037468714
6114964 0.606445151585481
8079543 0.606640616968795
6873174 0.606695520199114
6139921 0.60690881901343
6114964 0.607007539639674
6139921 0.607036367414905
6881493 0.607078878201038
8079543 0.607788991380845
6873174 0.607911645958043
6139921 0.607957756141811
8079543 0.608146471945518
6114964 0.608497158159312
6881493 0.608649808647561
6881493 0.609355967350717
6873174 0.609411682886829
6114964 0.609469346428374
6873174 0.609535155696144
6873174 0.609750572423669
6881493 0.610109779072065
6139921 0.610244510829767
6881493 0.610372113808509
6139921 0.610520924637606
6114964 0.610574503857474
6873174 0.610775848916033
6139921 0.610845706009405
6114964 0.611101151210503
6139921 0.61127826042194
6873174 0.611319508739022
6114964 0.611342813648071
6139921 0.611367581762252
6114964 0.61138453606657
8079543 0.611596213230425
6881493 0.611728014999812
6881493 0.611801187942465
6873174 0.612071428588057
6139921 0.612139523002001
6114964 0.612206841872832
6881493 0.612238739020463
6881493 0.612748853692484
6881493 0.612797920044402
6873174 0.61283770280801
8079543 0.613101252001796
6881493 0.61354954984769
6873174 0.614217239270519
6873174 0.614277698873113
6881493 0.614338528738163
6114964 0.614342856392264
6873174 0.614431924137298
6139921 0.614492555374616
6873174 0.614547573865858
6873174 0.614652156670559
6881493 0.614700164327358
6881493 0.614779475894223
6114964 0.614791964207799
6139921 0.615076978952349
6881493 0.615345927838432
6873174 0.615372961754367
6873174 0.615425542673862
6881493 0.615496531560788
6139921 0.615511383077865
6139921 0.615534157917891
6873174 0.615554661306068
6873174 0.615951261036946
6881493 0.615992577967405
6114964 0.61620466115246
6114964 0.616211716111758
6139921 0.616233917746199
6873174 0.616235621706696
6139921 0.616265651464976
6114964 0.616342317888808
6114964 0.616449238984579
6139921 0.616456520955133
8079543 0.616787589473339
6873174 0.616792410145526
6881493 0.616851807061289
6139921 0.617026990011183
6114964 0.617232524176489
6881493 0.617257103203338
6114964 0.617765240157521
6114964 0.617770017387615
6873174 0.617888709394512
6139921 0.617996989288438
6139921 0.618644827596484
6881493 0.618835324399591
6139921 0.618909748842943
6114964 0.618960963926597
6114964 0.619020912290482
6881493 0.619145761843423
6139921 0.619177429972357
6873174 0.619273945344138
8079543 0.619468502412519
6873174 0.619913390960702
6881493 0.619947168860766
6114964 0.619981445377014
6873174 0.620322812488457
6873174 0.620332785955036
6881493 0.620632459846258
6139921 0.620727018362721
6114964 0.620746724649612
6881493 0.620831164135499
6873174 0.620855753384695
6873174 0.620923555511381
6139921 0.621030692098645
6873174 0.621036487460239
6881493 0.621096647070827
6114964 0.621149626350611
6873174 0.621269572513839
6881493 0.621349917699729
6873174 0.621364685064599
6139921 0.621425879636223
6114964 0.621496562860631
6881493 0.621576248420778
6881493 0.621623450382837
6873174 0.621624231442378
6873174 0.62192638506648
6881493 0.62193077716394
6881493 0.622373732680619
6881493 0.622824902707143
6873174 0.623037226352191
6114964 0.623228358480613
6139921 0.623261542426719
6873174 0.623434384559877
6873174 0.62344658680953
6881493 0.623458725321032
6873174 0.623462959398042
6114964 0.62352093671509
6139921 0.623539311562542
6881493 0.623568987261256
6873174 0.623599984497319
6881493 0.623671993940872
6881493 0.623719272827726
6881493 0.623745600214084
6114964 0.623751318479095
6881493 0.623763356817767
6873174 0.623868553203995
6881493 0.624094362462469
6114964 0.624201506763434
6881493 0.624289155887021
6873174 0.624476966901011
6881493 0.624505057196032
6139921 0.624531662343789
6873174 0.624535129440247
6873174 0.624693586230539
6881493 0.624819766771671
6873174 0.62524316442302
6114964 0.62533027799363
6139921 0.625357204384302
6139921 0.625365095370961
6114964 0.625427896081755
6139921 0.625499226527712
6139921 0.625566752718179
6114964 0.625567495463298
6881493 0.625628759637367
6881493 0.625713229540373
6881493 0.625742457754869
6873174 0.625787114445289
6873174 0.625944957488796
6139921 0.626079829223084
6114964 0.626176279379871
6114964 0.626804158597391
6139921 0.626881920572603
6139921 0.626936708906149
6114964 0.626970179547079
6114964 0.626970285485446
6881493 0.627005114190653
6881493 0.627096654643888
6873174 0.627121597069735
6114964 0.627332757830574
6881493 0.627385482864736
6873174 0.627386918121631
6873174 0.627463304333536
6114964 0.627636216361936
6139921 0.627705579426952
6139921 0.627769501996644
6881493 0.627804489918001
6139921 0.627830542511385
6114964 0.628252327037311
6139921 0.628464645105233
6139921 0.628507633771615
6114964 0.628581735583887
6139921 0.628588188128673
6881493 0.628862476587987
6881493 0.628881924628035
6873174 0.628921670872306
6881493 0.628928339291442
6114964 0.629385426874469
6873174 0.629611483336231
6114964 0.629628473969204
6139921 0.629683844013797
6881493 0.629720855612892
6114964 0.629737764912539
6139921 0.629794937056237
6139921 0.6298079097264
6139921 0.629912808115956
6114964 0.629912915702385
6114964 0.629983637823608
6139921 0.629999282135587
6873174 0.630045326893045
6881493 0.630076938255676
6139921 0.630111864268674
6873174 0.630118079895485
6114964 0.630139049115748
6873174 0.63029922561862
6114964 0.630311736487515
6139921 0.630323549311148
6114964 0.630378546173117
6873174 0.630407301887105
6139921 0.630661633033931
6881493 0.630736884246036
6873174 0.630769669446172
6114964 0.630774122571399
6114964 0.630830962609748
6873174 0.63089863987578
6881493 0.630971022257139
6881493 0.630972379218435
6873174 0.631222713409304
6139921 0.631281859233986
6114964 0.631332589273839
6873174 0.631376546271929
6881493 0.631522806305992
6881493 0.631582128223131
6873174 0.631803470228741
6139921 0.632106349230607
6114964 0.63231236916812
6139921 0.632326513506333
6881493 0.632533029900049
6114964 0.632787909217551
6139921 0.63285015522089
8079543 0.632925683333082
6139921 0.633401568217923
6114964 0.633775161060092
6139921 0.633775161060092
6114964 0.634054605596062
6881493 0.634082048288669
6873174 0.634098574955883
6139921 0.63410080219814
6114964 0.63418579890776
6881493 0.634317958084182
6881493 0.634326337804335
6873174 0.634451336082038
6114964 0.63449964104355
6873174 0.634664149973689
6881493 0.634671434693911
6114964 0.634757056089619
6139921 0.634768642926056
6139921 0.634926762180882
6873174 0.635320049941685
6114964 0.635393902945766
6114964 0.635799563756005
6114964 0.635841195938909
6139921 0.635860592812371
6881493 0.63601607614733
6873174 0.636110483634514
6881493 0.636356321837476
6881493 0.636368821344964
6881493 0.636429644882303
6873174 0.636476407743606
6139921 0.636546847733201
6139921 0.636556942362629
6873174 0.636559520965307
6873174 0.636862782672702
6139921 0.636878803839643
6873174 0.636962571277751
6139921 0.637127789209158
6139921 0.637343713864669
6114964 0.637361745264764
6881493 0.63742729520955
6114964 0.637458114755958
6881493 0.637836747048569
6114964 0.637984758090786
6139921 0.638027057456398
6873174 0.638163510439508
6873174 0.638349406997854
6873174 0.638351906618005
6881493 0.638836840908469
6873174 0.639360391034234
6881493 0.639474123402985
6881493 0.639522415697104
6139921 0.639648959779833
6114964 0.63968305728009
6881493 0.63980051669149
6139921 0.639893576855029
6881493 0.639970120364606
6114964 0.639981104411788
6873174 0.639981797267443
6873174 0.639998611398949
6873174 0.640058109279404
6114964 0.640142568174223
6881493 0.640164439124846
6873174 0.640329099494217
6114964 0.640453191807998
6139921 0.640490318029521
6881493 0.640552158061183
6114964 0.640677256091039
6139921 0.640681191925639
6873174 0.640681487625245
6139921 0.641092567348276
6139921 0.641144326290941
6873174 0.641463452643544
6114964 0.641589151058742
6114964 0.641714251244022
6881493 0.642109891301108
6114964 0.642111090060663
6139921 0.642143709931639
6881493 0.642146168855353
6881493 0.64221541449869
6881493 0.642334647618539
6114964 0.642421961711259
6139921 0.642840237870468
6881493 0.642872974562708
6873174 0.642887949356184
6873174 0.642890327231042
6114964 0.643027503311178
6139921 0.643067475702682
6114964 0.643222985709893
6114964 0.643317015932734
6873174 0.643427578506889
6139921 0.64371730222228
6139921 0.643750771525291
6881493 0.643760277140098
6873174 0.643775514815243
6114964 0.643821891237015
6139921 0.643827863876802
6114964 0.643844506103351
6139921 0.643857718055905
6873174 0.643897278666187
6114964 0.643987834674381
6139921 0.644038129708832
6873174 0.644085566635403
6881493 0.644153322105004
6881493 0.644800397345432
6881493 0.644878669835587
6881493 0.645039407503888
6873174 0.645197860635548
6873174 0.645985522182394
6881493 0.646123279959247
6139921 0.646208299972005
6873174 0.64624218970704
6873174 0.646243533600952
6114964 0.646348378120725
6114964 0.646415657993638
6139921 0.646429939851857
6881493 0.646861407470354
6873174 0.646938967529652
6139921 0.647097078361041
6114964 0.647197220730286
6873174 0.64739039428134
6139921 0.648492111249095
6873174 0.648633320253996
6139921 0.648860574115315
6114964 0.649108506107707
6114964 0.649177112074465
6881493 0.649271012968981
6881493 0.649544341168975
6114964 0.649584244801309
6139921 0.649951207590529
6873174 0.649972214193583
6881493 0.650025921310279
6114964 0.650031952670959
6139921 0.650185337140352
6114964 0.650290779008798
6139921 0.650739664778224
6139921 0.651090355665399
6873174 0.651229184712091
6881493 0.651736473124221
6873174 0.652002169963476
6139921 0.652132279029225
6114964 0.652175287609496
6114964 0.652412634732779
6114964 0.652623714782895
6139921 0.6526654395143
6114964 0.652677337412559
6139921 0.652901711782796
6114964 0.653025491792837
6139921 0.653028597538134
6114964 0.653054398310881
6881493 0.653092889434235
6139921 0.65315850626768
6114964 0.653162160488436
6873174 0.653175022848152
6881493 0.653479209825581
6881493 0.653494423603296
6139921 0.653573979658477
6873174 0.653877301936976
6114964 0.654725783620782
6139921 0.654771808324238
6873174 0.654814692766498
6114964 0.654970280084493
6139921 0.655296055267051
6139921 0.655354460264953
6114964 0.655365711809137
6114964 0.655399374108526
6881493 0.655632448346443
6881493 0.656048684547727
6881493 0.656067735214619
6873174 0.65607481219259
6873174 0.656106369757289
6114964 0.656116912468846
6139921 0.656208356380383
6139921 0.656247692348569
6881493 0.656689915218604
6873174 0.656785189686612
6139921 0.657480107908843
6873174 0.657482950964168
6881493 0.657540800787035
6114964 0.65779737126103
6139921 0.657810125023995
6114964 0.657872862608659
6139921 0.658226541319617
6114964 0.658310896689718
6881493 0.658422294630207
6139921 0.65855445883039
6114964 0.658623551201519
6881493 0.658946568722156
6873174 0.658997997042993
6873174 0.659224929236965
6139921 0.66041567480941
6114964 0.660504916846395
6114964 0.66170904189701
6139921 0.661727630270008
6139921 0.66203092071536
6114964 0.662064033517233
6139921 0.662629388407538
6114964 0.66267920670884
6139921 0.663540607656911
6114964 0.663620990157749
6139921 0.665135879112714
6881493 0.665282893722318
6873174 0.665510812321088
6114964 0.66593814260243
6881493 0.666390231987147
6873174 0.666669205128296
6873174 0.673395672513833
6881493 0.673401454557398
6139921 0.673412591418954
6114964 0.673557168324455
6114964 0.673720888743675
6139921 0.673745219396578
6139921 0.678656802191137
6114964 0.678781875563824
6881493 0.681773305592646
6873174 0.681824352910548
6881493 0.683564521303446
6881493 0.683662064964891
6873174 0.684062391127002
6873174 0.685455638009456
6139921 0.687919738959105
6114964 0.687922446366651
6139921 0.690703493003832
6114964 0.690878682180882
6114964 0.704816415929176
6139921 0.704954213370418
