x  y
5788341 0.35252720473984
5788341 0.353121393507104
5788341 0.361771403037474
5788341 0.366781873119777
5788341 0.36966865881252
5788341 0.376440333936617
5788341 0.383002124666255
5788341 0.383883225836238
5788341 0.385737746175728
5778869 0.386940095511882
5778869 0.387341521705099
5788341 0.388462088606897
5788341 0.391662481676125
5778869 0.395060139706747
5788341 0.396681040182686
5788341 0.39799641154608
5788341 0.400875659961185
5788341 0.402396751154751
5788341 0.403099849140615
5788341 0.404475623978828
5788341 0.407267762988265
5788341 0.408518758268738
5788341 0.408814429699491
5788341 0.410854939924464
5788341 0.411170079650059
5788341 0.41335202625049
5788341 0.414363720257985
5788341 0.41473842243508
5788341 0.414887841898384
5788341 0.417724182608211
5788341 0.418151337058695
5788341 0.419577054204908
5788341 0.421318807640075
5788341 0.422019049405286
5788341 0.423082127233075
5788341 0.424455246955405
5788341 0.424478624886419
5778869 0.425698125094598
5788341 0.425994263685958
5788341 0.426158781250325
5788341 0.427564113503088
5778869 0.428015485026459
5788341 0.428749205208126
5788341 0.429936087299014
5778869 0.430257055960502
5788341 0.430699003331849
5788341 0.430855557849578
5778869 0.431768069354329
5778869 0.434095825563316
5788341 0.435452544426525
5788341 0.435941897292353
5788341 0.436190934425239
5788341 0.436468678539313
5788341 0.437699010798864
5788341 0.438260139846566
5778869 0.438451936259546
5788341 0.43871492447854
5788341 0.43879754418096
5788341 0.43888033115901
5778869 0.439755458514285
5788341 0.439942333647515
5788341 0.440514423398788
5788341 0.44113556684213
5788341 0.441639281275722
5788341 0.442139764543529
5788341 0.443990414059953
5788341 0.446524794060906
5788341 0.446550699373375
5788341 0.447106548705939
5788341 0.447188211593443
5788341 0.447254095224327
5788341 0.448861728171349
5788341 0.451142925518682
5788341 0.452376611030632
5788341 0.452919359862841
5788341 0.454758408357776
5778869 0.455503868208257
5788341 0.45569157587084
5788341 0.456189716469984
5788341 0.456432027256228
5788341 0.456438428371941
5788341 0.456439904882723
5778869 0.456491758330737
5788341 0.457428220515278
5788341 0.458431077521184
5788341 0.460421379063916
5788341 0.461098166535118
5788341 0.461377878946156
5788341 0.461382492054483
5778869 0.461452684564021
5778869 0.461695427222361
5788341 0.461803654030102
5788341 0.461979586537022
5788341 0.462044079604249
5788341 0.465799722312571
5788341 0.46631490620493
5778869 0.466989221660263
5788341 0.467336706948019
5788341 0.468953112917324
5788341 0.471185691287826
5788341 0.471400792824341
5788341 0.471867530617689
5788341 0.472035598943834
5788341 0.472147206895021
5788341 0.47318665314888
5788341 0.47371056255511
5788341 0.474487046190798
5788341 0.479058863770734
5788341 0.479220994081217
5788341 0.481762682900427
5788341 0.482490623713771
5788341 0.483390892801044
5788341 0.485952829670087
5788341 0.487196348089512
5788341 0.487766797846586
5788341 0.488326800938207
5788341 0.488397933798714
5788341 0.488956677730038
5788341 0.490168629117556
5897205 0.490850470104965
5788341 0.497766531449065
5788341 0.501039580099012
5788341 0.501432702691294
5788341 0.502864901742339
5788341 0.503379737250501
5788341 0.503383524250265
5788341 0.506022565561794
5788341 0.506501544577047
5788341 0.506782053297245
5788341 0.507796685770242
5788341 0.512458801444967
5897205 0.512656619695158
5788341 0.513600671093724
5788341 0.515922222425609
5778869 0.518401751162674
5788341 0.522322011595778
5788341 0.522393330602305
5788341 0.525830225259865
5788341 0.528870204689894
5778869 0.529401670045872
5897205 0.536610119688136
5897205 0.5380881451908
5788341 0.540156551695958
5788341 0.540207963470425
5897205 0.540276155483357
5897205 0.541678684501269
5897205 0.547408586174226
5788341 0.555252771551464
5897205 0.558113985046745
5897205 0.565816566172701
5897205 0.566837267910035
5897205 0.570608775565585
5897205 0.571061908214505
5897205 0.572600485195776
5897205 0.575554203146047
5887733 0.579446582218709
5897205 0.580361319114843
5897205 0.582129235601167
5897205 0.582769939988612
5897205 0.583070695919845
5897205 0.588715220290284
5897205 0.589912417132337
5897205 0.593444887733513
5897205 0.595300664186005
5887733 0.596348306366042
5897205 0.596975421516375
5897205 0.598876783920795
5897205 0.598922646730565
5897205 0.601203528758954
5887733 0.603088873063417
5897205 0.605192067901464
5897205 0.606503081711836
5887733 0.606668272739003
5897205 0.608935507742936
5897205 0.611010417463503
5897205 0.6113568301608
5897205 0.61143623166494
5897205 0.612758889384968
5897205 0.613398232277412
5897205 0.614179612606695
5897205 0.614997357333646
5897205 0.615446657881994
5897205 0.615737815907755
5897205 0.615840039699992
5897205 0.615878560359026
5897205 0.617065748163259
5887733 0.617717027876165
5897205 0.617764349927236
5897205 0.618010071707492
5897205 0.619409787670577
5897205 0.620763708478625
5897205 0.621635435937382
5897205 0.622034332591208
5897205 0.623099261868742
5897205 0.623218107007489
5897205 0.623979293602554
5897205 0.62422233264723
5897205 0.62465262448774
5897205 0.625867152528643
5897205 0.627484634712263
5897205 0.628039523317042
5897205 0.628089564833421
5897205 0.628117845305524
5897205 0.628185391305194
5897205 0.628662448796652
5897205 0.629313470563017
5887733 0.62967536061585
5897205 0.630968317090959
5897205 0.631061988664557
5897205 0.631497125571266
5897205 0.632054415456462
5897205 0.632389393939294
5887733 0.632995572015886
5887733 0.6332730386993
5887733 0.633562752340037
5897205 0.633688558393391
5897205 0.634143273429031
5897205 0.63432400699311
5897205 0.634367249190568
5897205 0.636116685971009
5897205 0.636557501098548
5897205 0.636663129770847
5897205 0.636900634265173
5897205 0.637619405525587
5897205 0.638091421514474
5897205 0.638447946880611
5897205 0.639318157838369
5897205 0.639519632059454
5897205 0.63964725643842
5897205 0.639856909230992
5887733 0.640282246134615
5897205 0.642332933212482
5897205 0.642488799751886
5897205 0.64260858761822
5897205 0.642637036457812
5897205 0.64289245132895
5897205 0.644348651110051
5897205 0.644606347046268
5897205 0.644895203806805
5897205 0.644909813999957
5897205 0.644954710575113
5887733 0.645048866754649
5887733 0.645192132563142
5897205 0.645425169090947
5897205 0.64629689872769
5897205 0.64637857872358
5897205 0.646639266433929
5897205 0.646860681986854
5887733 0.646996810014304
5897205 0.647318934302296
5897205 0.647320420013534
5897205 0.647599247184977
5887733 0.647831364842776
5897205 0.64824376513224
5897205 0.648270927319223
5897205 0.648328097412284
5897205 0.648538295018876
5897205 0.648853445768952
5897205 0.648856278116789
5897205 0.649291935291034
5887733 0.649536144355912
5897205 0.649583379642196
5897205 0.6496660552473
5897205 0.649748343368691
5897205 0.650046445697489
5897205 0.650108116391012
5897205 0.650267672670614
5897205 0.650396961579811
5897205 0.650447849928019
5897205 0.650520992997357
5897205 0.651426161207154
5897205 0.651641169908438
5897205 0.651668832632994
5897205 0.651800587723705
5897205 0.65214495425452
5897205 0.652306428973117
5897205 0.652971180411885
5897205 0.653077912581062
5897205 0.653210757482682
5897205 0.653289441360499
5897205 0.653331691372657
5897205 0.653465544499631
5887733 0.653546514119578
5897205 0.654177367860623
5897205 0.654499752078561
5897205 0.654512343643761
5897205 0.654544681312976
5897205 0.654621451303433
5897205 0.654694192403901
5897205 0.654876164888646
5897205 0.655718130971334
5897205 0.655910026522766
5887733 0.655932331406124
5887733 0.656149827212449
5897205 0.656157136396936
5897205 0.65634809396355
5887733 0.656439609725323
5897205 0.656533214236556
5897205 0.657317572802951
5897205 0.657973899658246
5897205 0.658034467251636
5897205 0.658358813057974
5887733 0.659526322380516
5897205 0.660032061948116
5897205 0.660080785219161
5897205 0.660334087397602
5897205 0.660427116466244
5897205 0.660548645657983
5887733 0.660603422716875
5897205 0.660619712433913
5897205 0.660668539936393
5897205 0.660798202308527
5897205 0.660828050620742
5897205 0.660986655330397
5897205 0.661098704493816
5897205 0.661562936227875
5897205 0.661599029562605
5897205 0.662208621024945
5897205 0.662230797367487
5897205 0.662412148338277
5887733 0.662495118449988
5897205 0.662535081070518
5897205 0.662863057472162
5897205 0.66288508240439
5897205 0.663020390499504
5897205 0.663078544944935
5897205 0.663099912126974
5887733 0.663152863976025
5897205 0.663318495200106
5897205 0.663743442414915
5897205 0.663796772813033
5897205 0.664450585472683
5897205 0.664754637204575
5897205 0.665227565843284
5897205 0.665227696322344
5897205 0.66558337413397
5897205 0.665969517791751
5887733 0.666889320205837
5897205 0.666948300422087
5897205 0.667066484157566
5897205 0.667172996502856
5897205 0.667314040823818
5897205 0.667409096901619
5897205 0.667544182007902
5897205 0.667589690652052
5897205 0.667653910311785
5897205 0.667696798853307
5897205 0.66822425314217
5897205 0.668258775824019
5897205 0.66852552843542
5897205 0.668791657200743
5897205 0.668849580227716
5897205 0.669647576533378
5897205 0.66973695515056
5887733 0.669773986636117
5897205 0.670054377517262
5897205 0.670102255742228
5897205 0.670228719363756
5897205 0.670247814482091
5897205 0.670601947486168
5897205 0.671149790545053
5897205 0.671389048314455
5897205 0.671946342985572
5897205 0.672058568207556
5897205 0.672709571804534
5897205 0.672849615381029
5897205 0.6729712910399
5897205 0.673008162488657
5887733 0.673103568656257
5897205 0.673107630830445
5897205 0.673119961823125
5897205 0.673320138458998
5887733 0.673920678399238
5897205 0.67447685242705
5887733 0.674727170865651
5897205 0.675289442792227
5897205 0.675351715750185
5897205 0.675484892713673
5897205 0.676401378859463
5897205 0.676490475024876
5887733 0.677022870900746
5897205 0.677237355224421
5897205 0.677745576895888
5887733 0.677873047284053
5897205 0.678729469971964
5897205 0.678794473342485
5897205 0.679103717254077
5897205 0.679177081990475
5897205 0.679361354641589
5897205 0.679582620324563
5897205 0.67969832598544
5887733 0.679821125836875
5887733 0.68018721889026
5897205 0.680375486520234
5897205 0.680675888107712
5897205 0.680992112414391
5897205 0.681060222322418
5887733 0.681179447893069
5897205 0.681442471095212
5897205 0.681596619391726
5887733 0.682001420367284
5897205 0.682224666015229
5897205 0.682394104254471
5897205 0.682992726784669
5887733 0.683316059376615
5887733 0.683500966026924
5897205 0.684619133049532
5897205 0.68489860749745
5897205 0.685651611476378
5897205 0.685820802596283
5897205 0.686110715246956
5897205 0.686278837905683
5897205 0.686894809752459
5887733 0.686932886585424
5897205 0.687031213651457
5897205 0.687952200685582
5897205 0.688051777772783
5897205 0.688105982836187
5897205 0.688200154512719
5897205 0.688274081325265
5897205 0.688469091673401
5897205 0.689045555915615
5887733 0.689757636350049
5887733 0.689907764632053
5897205 0.690623199568658
5897205 0.691199245840198
5897205 0.691569356732164
5897205 0.692122505086863
5897205 0.692218233660293
5897205 0.693521230612418
5897205 0.693753092826449
5887733 0.694801704657252
5897205 0.697784037381901
5897205 0.699020997378269
5897205 0.700735811095477
5897205 0.707230858881489
5897205 0.707744040216454
5897205 0.708581845271549
5897205 0.710126654159418
5897205 0.713748651573029
5897205 0.715818816863081
5897205 0.717069129799208
5897205 0.720042803660085
