x  y
17366358 1.35416949214728e-35
17378645 1.35416949214728e-35
17393075 1.35416949214728e-35
17596182 1.35416949214728e-35
17608469 1.35416949214728e-35
17622899 1.35416949214728e-35
17366358 1.4294011305999e-35
17378645 1.4294011305999e-35
17393075 1.4294011305999e-35
17596182 1.4294011305999e-35
17608469 1.4294011305999e-35
17622899 1.4294011305999e-35
17380693 0.211397548234592
17368406 0.212642948639704
17368406 0.213056736320888
17395123 0.213504371964233
17380693 0.215300018221108
17395123 0.218621472495708
17395123 0.224054028352887
17380693 0.229552824600308
17368406 0.230833073959435
17368406 0.250374732353272
17395123 0.251373769076355
17380693 0.252044076837389
17598230 0.282414194492554
17610517 0.282625737492905
17624947 0.283961628191699
17610517 0.294023944966049
17598230 0.294499616850511
17624947 0.296186083460088
17624947 0.299293042167699
17610517 0.308216660401921
17598230 0.30858781684532
17624947 0.309121050173003
17598230 0.313779571314958
17610517 0.314405894741294
