x  y
423.573760986328 0.490844334819257
799.126403808594 0.501391248801486
1156.64697265625 0.508649041026546
664.11669921875 0.512684455705332
635.822265625 0.51352017118837
1015.28533935547 0.516367889476433
632.459899902344 0.516723927671921
775.986022949219 0.520458408985022
688.117919921875 0.524066824946847
664.382446289062 0.525309728276211
1309.51818847656 0.531114970469197
1054.82861328125 0.532685775455179
885.58203125 0.533348447782494
929.692077636719 0.535676386781437
998.728393554688 0.535863027955943
1023.13958740234 0.536043216316756
534.230590820312 0.538373193621992
717.332885742188 0.538620560076811
822.439453125 0.540695837077096
988.895263671875 0.545379116525766
1286.3447265625 0.545386458019749
670.409057617188 0.547328665018462
698.959045410156 0.547849227827242
1013.12908935547 0.548338209842786
1123.22644042969 0.549684879313111
711.5576171875 0.552328151983845
508.400512695312 0.552924729011476
1199.27209472656 0.555144786140669
694.340942382812 0.557182211289306
757.550354003906 0.558187825556832
789.812072753906 0.561607253533013
768.284912109375 0.562869706874132
1078.72692871094 0.564557590770319
719.679077148438 0.564848763969892
670.620300292969 0.566239431974423
789.374389648438 0.566922127233121
824.287536621094 0.56699275236626
631.536010742188 0.567600499160799
1045.64416503906 0.567923324151749
867.423583984375 0.568427660707189
1379.77026367188 0.568959837523877
947.660827636719 0.569365900491289
902.049194335938 0.569645908872066
780.584106445312 0.571003611077674
933.990234375 0.571246908586558
896.858276367188 0.571335147848224
998.319702148438 0.571745286009123
862.566650390625 0.571851829723333
1058.65551757812 0.572193623061264
1146.29064941406 0.572448732023099
946.339233398438 0.572596087096912
929.085754394531 0.574884104711919
826.096557617188 0.574967901502311
1309.13330078125 0.574981248877254
809.667602539062 0.575759931064625
1128.40905761719 0.576090393217234
1324.0107421875 0.578935991814721
1144.32299804688 0.579480033547252
1010.54772949219 0.579947628095354
1151.2763671875 0.580311267720912
868.0439453125 0.580575918487008
1034.64978027344 0.580833531158227
653.184509277344 0.581311566453468
849.54833984375 0.581674267332649
1013.09832763672 0.582364884263969
1190.9716796875 0.582545357360388
895.441955566406 0.582690678398455
944.023742675781 0.583354229391328
837.437683105469 0.584338114448514
944.856750488281 0.584547736042138
842.427673339844 0.584553127902302
978.013122558594 0.584789016094035
1032.53015136719 0.586061870866934
1113.45764160156 0.586631023749484
754.080688476562 0.586880347656421
901.1513671875 0.587147263761778
1185.91064453125 0.587785445840922
834.162475585938 0.587897856076729
999.690307617188 0.588009900829515
717.541198730469 0.588681105225299
876.950256347656 0.588829599288646
1011.28326416016 0.588864487645439
994.02099609375 0.589693325813961
989.668151855469 0.590535805985083
1132.85144042969 0.590553047187341
1015.74401855469 0.591707386448402
692.736267089844 0.594081560547267
823.487548828125 0.594199134700327
1033.95812988281 0.594345901039861
921.662841796875 0.596333065279974
743.150207519531 0.596963399979991
844.037719726562 0.598379528509322
789.895385742188 0.59921812955613
756.908325195312 0.600501604042491
808.073547363281 0.600796694543295
962.050598144531 0.601059588587421
802.551940917969 0.601189105230317
1307.19091796875 0.601516448815701
827.481323242188 0.601654485172752
762.1416015625 0.601949637992486
1238.61853027344 0.602290134807328
909.114440917969 0.60247387743317
746.181213378906 0.602609126439088
836.23193359375 0.602708223650657
943.667907714844 0.603578226720441
1036.5908203125 0.603783436035835
1325.45178222656 0.604256031707884
1158.96472167969 0.605584237729302
790.617858886719 0.607309919510779
1313.74987792969 0.607775545236488
1041.38159179688 0.608442093952849
732.597717285156 0.610348641746631
778.038757324219 0.611587916791346
921.109680175781 0.611786342764489
851.547546386719 0.612408307722462
1094.02453613281 0.61304669686216
902.391662597656 0.613269908532364
995.630432128906 0.613392305670108
1173.03930664062 0.613847024785267
1312.75207519531 0.613850053648524
739.782836914062 0.614093417265865
1238.41845703125 0.616649180100765
1141.14099121094 0.61682215380451
969.119445800781 0.617270804804757
1204.93627929688 0.619764880102821
1204.76977539062 0.620035020685399
1015.23065185547 0.620098256831535
1072.62829589844 0.620678259032685
1001.75494384766 0.624209988703714
992.588134765625 0.624766217925439
1197.55383300781 0.624994766910379
972.980773925781 0.62628630274356
1264.21850585938 0.626939366858039
1183.13342285156 0.627235609177702
1132.14562988281 0.628121270422779
990.126647949219 0.630085691264422
1352.28332519531 0.630713134675085
841.021484375 0.631229922060544
1005.05419921875 0.631584055172883
1086.77685546875 0.633743728117317
1003.10723876953 0.634122094441868
1149.85754394531 0.634550833136828
1573.05444335938 0.634714903095389
1341.61096191406 0.635886204589865
1056.7431640625 0.636677420507279
1118.57971191406 0.638139443445453
1738.55517578125 0.638905929472309
1370.80102539062 0.639539847944931
1192.71008300781 0.643965200205501
1459.11962890625 0.662012406672758
1594.28149414062 0.662685733180548
