x  y
17366358 8.39173750143524e-36
17366358 9.85300171323342e-36
17366358 9.88334822301524e-36
17366358 9.88818944472972e-36
17366358 9.91084643865458e-36
17366358 1.0591515405144e-35
17366358 1.05957965844962e-35
17366358 1.06006041789286e-35
17366358 1.06129771627645e-35
17366358 1.06436167770732e-35
17366358 1.06605664151998e-35
17366358 1.06839029996673e-35
17366358 1.06846700282709e-35
17366358 1.13206885034407e-35
17366358 1.13207054354139e-35
17366358 1.13207159888934e-35
17366358 1.13222739135225e-35
17366358 1.13928309865336e-35
17366358 1.13992976023912e-35
17366358 1.14144757082013e-35
17366358 1.14415972207425e-35
17366358 1.16457325391975e-35
17366358 1.20600741451992e-35
17366358 1.20664572172762e-35
17366358 1.20665160938431e-35
17366358 1.20689729926271e-35
17366358 1.20751925443608e-35
17366358 1.20906700640484e-35
17366358 1.21111633961583e-35
17366358 1.21552210037132e-35
17366358 1.22493531955703e-35
17366358 1.28026408837376e-35
17366358 1.28051833398394e-35
17366358 1.28067271813284e-35
17366358 1.28067356718213e-35
17366358 1.28067465064549e-35
17366358 1.28067732380139e-35
17366358 1.28067784408484e-35
17366358 1.28069401637469e-35
17366358 1.28070899438518e-35
17366358 1.28075330599992e-35
17366358 1.28100409553246e-35
17366358 1.28104211756618e-35
17366358 1.28108992296647e-35
17366358 1.28120885741542e-35
17366358 1.28123432710705e-35
17366358 1.28133437138521e-35
17366358 1.2815674253213e-35
17366358 1.28160661839435e-35
17366358 1.28170258656778e-35
17366358 1.28176276311739e-35
17366358 1.28181535811506e-35
17366358 1.28227330828632e-35
17366358 1.28233546360241e-35
17366358 1.28260379517431e-35
17366358 1.28268752819614e-35
17366358 1.28288978433717e-35
17366358 1.28320906379777e-35
17366358 1.28385601897013e-35
17366358 1.28601379424743e-35
17366358 1.28899505753414e-35
17366358 1.35535173558379e-35
17366358 1.35535238521404e-35
17366358 1.35535242661241e-35
17366358 1.35535387000152e-35
17366358 1.3553584820927e-35
17366358 1.35536357996799e-35
17366358 1.35536978706304e-35
17366358 1.35537087660703e-35
17366358 1.3554646966634e-35
17366358 1.35557600447586e-35
17366358 1.35557680389229e-35
17366358 1.35559336864473e-35
17366358 1.35569181367996e-35
17366358 1.35581528667457e-35
17366358 1.35586089355354e-35
17366358 1.3558624225764e-35
17366358 1.35593604384701e-35
17366358 1.35599829086376e-35
17366358 1.35600794800428e-35
17366358 1.35625048744721e-35
17366358 1.35626505174718e-35
17366358 1.35636397796111e-35
17366358 1.35645438991798e-35
17366358 1.3574604523183e-35
17366358 1.35767533456821e-35
17366358 1.35776273714218e-35
17366358 1.41597163754871e-35
17366358 1.43018344568462e-35
17366358 1.43018402987431e-35
17366358 1.43020032912242e-35
17366358 1.4302775409569e-35
17366358 1.43027940759498e-35
17366358 1.43030270349838e-35
17366358 1.4303131183295e-35
17366358 1.43032346258637e-35
17366358 1.43037344494113e-35
17366358 1.43038078227137e-35
17366358 1.4304359773976e-35
17366358 1.43046775307995e-35
17366358 1.43047725603997e-35
17366358 1.43052455102271e-35
17366358 1.43054104584625e-35
17366358 1.430551926031e-35
17366358 1.4305859919655e-35
17366358 1.43064375390339e-35
17366358 1.43064907176388e-35
17366358 1.43065338601053e-35
17366358 1.43067095708567e-35
17366358 1.43070078574735e-35
17366358 1.43072294527441e-35
17366358 1.43073669617712e-35
17366358 1.43079618881212e-35
17366358 1.43081557734114e-35
17366358 1.43097011604852e-35
17366358 1.43101073581536e-35
17366358 1.43132621735695e-35
17366358 1.43137477341636e-35
17366358 1.43172803170447e-35
17366358 1.43219004495373e-35
17366358 1.43322434502106e-35
17366358 1.43851741212296e-35
17366358 1.50516371160307e-35
17366358 1.50526960498932e-35
17366358 1.50536750061703e-35
17366358 1.50537703055065e-35
17366358 1.50540414492182e-35
17366358 1.50543820041374e-35
17366358 1.50546921195276e-35
17366358 1.50547057576336e-35
17366358 1.50555774063648e-35
17366358 1.50561580186621e-35
17366358 1.50563647429917e-35
17366358 1.50563754852202e-35
17366358 1.50575120135455e-35
17366358 1.50576589542052e-35
17366358 1.50587055629206e-35
17366358 1.50595966892079e-35
17366358 1.50598119297793e-35
17366358 1.50605190354425e-35
17366358 1.50617539373187e-35
17366358 1.50622029337808e-35
17366358 1.50636850486426e-35
17366358 1.58055356943616e-35
17366358 1.58059418882803e-35
17366358 1.58072070892891e-35
17366358 1.58074279882725e-35
17366358 1.58099985325623e-35
17366358 1.65553575706978e-35
17366358 1.65661814466604e-35
17368406 0.0639438806787296
17368406 0.0720302453580115
17368406 0.0768590283279277
17368406 0.0853968311147058
17368406 0.0976552345358738
17368406 0.0984341751958682
17368406 0.101422029925094
17368406 0.12237251971677
17368406 0.123548576167832
17380693 0.125525652690126
17368406 0.137814375864723
17380693 0.139590917724587
17395123 0.142776043199326
17368406 0.144492955715986
17368406 0.151624921879899
17368406 0.152194307406701
17368406 0.154794654730214
17368406 0.15493554390294
17395123 0.157666398604305
17368406 0.16690659839593
17368406 0.167669907061561
17368406 0.168331164010513
17368406 0.168501484225137
17368406 0.168822063215131
17380693 0.17004723070233
17368406 0.170116918656607
17368406 0.171743040997035
17368406 0.17232571637177
17395123 0.172845201095125
17395123 0.173060761595606
17598230 0.173521796882101
17598230 0.174149906412774
17368406 0.175755522843174
17368406 0.179300884887656
17368406 0.179471676967696
17380693 0.180800864579085
17368406 0.18131139899792
17368406 0.182565147878145
17368406 0.18266038904914
17368406 0.183008477074136
17368406 0.184428710955879
17368406 0.188285774705103
17368406 0.188370460666417
17368406 0.18975048169297
17368406 0.189976453875177
17368406 0.194077257916909
17368406 0.194863979012278
17368406 0.195274431683773
17368406 0.195605721855836
17395123 0.196976289665738
17368406 0.197095170322926
17380693 0.197430420657526
17368406 0.197723718761509
17368406 0.19816982012368
17368406 0.198308105535271
17368406 0.19968366004581
17368406 0.200589344584901
17368406 0.201827453986419
17368406 0.205737714928105
17368406 0.205978293649232
17368406 0.207583571121612
17368406 0.208493755345609
17380693 0.209107841400452
17368406 0.209716200915074
17368406 0.209822496717047
17368406 0.209943598124025
17380693 0.211219113701587
17368406 0.212085450838821
17368406 0.212209430186503
17368406 0.212841632267666
17368406 0.213159568611532
17368406 0.213183159375302
17368406 0.213345987708572
17368406 0.21335667068294
17368406 0.215261542961278
17368406 0.216403809361466
17368406 0.216435350282925
17368406 0.216487949707886
17368406 0.217864876908254
17368406 0.218982601466586
17368406 0.219155784850671
17368406 0.219828465062327
17380693 0.220878099764094
17368406 0.220902189197693
17368406 0.221029459150823
17368406 0.221567209157299
17380693 0.222261369741525
17368406 0.222964557572757
17368406 0.223405269611297
17368406 0.223463420274608
17368406 0.223472898730692
17368406 0.223993878767231
17380693 0.224242919951331
17380693 0.224477581414442
17368406 0.224613132420893
17380693 0.225391717301865
17368406 0.225605773475575
17368406 0.225783469173272
17395123 0.226878090164142
17368406 0.227911812679513
17368406 0.227924514965751
17368406 0.228054673515787
17368406 0.228399509515118
17368406 0.228728368483494
17368406 0.228807024704119
17380693 0.229942043808508
17368406 0.231146458967199
17368406 0.231297444859137
17368406 0.231416775598492
17380693 0.231698025292678
17368406 0.231930785198166
17368406 0.231968447181239
17368406 0.231972799008905
17368406 0.232450138529635
17395123 0.232656687423036
17368406 0.232866164062902
17368406 0.23403577963291
17368406 0.234136390949125
17368406 0.234421200576778
17368406 0.234443992287872
17380693 0.234679666060394
17380693 0.23470044083099
17368406 0.236264184177208
17368406 0.236270435744515
17368406 0.236323337529792
17380693 0.237231402449572
17368406 0.237244863876673
17395123 0.237773473418635
17368406 0.238474514381921
17368406 0.238553786980545
17368406 0.238758354072931
17368406 0.238890973679392
17368406 0.239080948868228
17368406 0.239179027908079
17368406 0.239179511792318
17380693 0.239870589343946
17380693 0.24081461252417
17368406 0.240940071005493
17380693 0.24095027930507
17368406 0.24129030363124
17368406 0.241363371830201
17368406 0.241684631971141
17368406 0.241791681004615
17368406 0.242301602503878
17368406 0.242488504134102
17380693 0.242494205605581
17368406 0.243018313531836
17368406 0.243266418231615
17395123 0.24379486150722
17368406 0.244371520261879
17368406 0.245225461169163
17368406 0.246086849772236
17368406 0.24619163580334
17368406 0.246616566585249
17368406 0.247458228396985
17380693 0.247836225147575
17368406 0.248333971230078
17380693 0.248452645612667
17368406 0.248647580935461
17368406 0.249315884634854
17598230 0.250151660827586
17395123 0.250243627747121
17368406 0.250263719626411
17368406 0.250517792337586
17368406 0.250608670795587
17368406 0.250611559032232
17368406 0.250613809708632
17368406 0.250998144713118
17380693 0.251355704811572
17368406 0.252017372121437
17368406 0.25216198286958
17368406 0.2522606264073
17380693 0.252279575037131
17368406 0.252905233725676
17368406 0.252982893644341
17368406 0.253350400405847
17380693 0.253351163674861
17380693 0.25338071494477
17368406 0.253754553280396
17368406 0.253816265017062
17380693 0.253951677076893
17368406 0.254063738082191
17368406 0.254774557405001
17368406 0.255356110015508
17368406 0.255541354015605
17368406 0.255658510302549
17598230 0.255663598726865
17368406 0.255667430210322
17598230 0.256115191258342
17368406 0.256169510381823
17368406 0.256223196605804
17368406 0.256759557038364
17368406 0.256800663175221
17380693 0.256805522878698
17368406 0.258708517450592
17368406 0.258708865677732
17368406 0.259030306905763
17368406 0.259121380150965
17380693 0.259395931484554
17598230 0.259702063433435
17395123 0.259757025273483
17368406 0.259935183780433
17368406 0.260004839035473
17368406 0.260437481456823
17368406 0.260611093071994
17380693 0.261311645989786
17368406 0.261428831609299
17368406 0.261445108344376
17368406 0.261531699701279
17368406 0.262142461767582
17368406 0.262331346632991
17380693 0.262473163039085
17368406 0.263087859138438
17380693 0.26311628209968
17380693 0.26356975224115
17598230 0.263795435161699
17380693 0.263986784139592
17368406 0.264354246750191
17610517 0.264354966016021
17380693 0.264381019741609
17368406 0.264695422478687
17368406 0.264971695421939
17368406 0.265005300447276
17380693 0.265757674291656
17368406 0.266562188349342
17368406 0.266963421160867
17368406 0.267230838327972
17368406 0.267631891446233
17598230 0.26824128464659
17598230 0.268440243507682
17598230 0.268456415759393
17598230 0.268647162007113
17610517 0.268796219592697
17598230 0.268804386857489
17368406 0.268842847420138
17368406 0.269096541294234
17598230 0.269205776455841
17610517 0.26988127875465
17598230 0.26993784647952
17368406 0.270339828690531
17598230 0.270612738799157
17380693 0.270957138424154
17598230 0.271463869542355
17368406 0.271679071639664
17598230 0.271987047961354
17610517 0.272142985378663
17598230 0.272161260336749
17368406 0.272212973436451
17368406 0.272228531693965
17624947 0.272353665640154
17368406 0.27247678926536
17598230 0.272963873331567
17368406 0.273108496731395
17598230 0.273451317223634
17368406 0.274336436703852
17368406 0.274363798378325
17368406 0.274698298884114
17598230 0.274700599220367
17610517 0.274988813230259
17368406 0.275011539375095
17598230 0.275033462070485
17624947 0.275149953924179
17598230 0.275684726401495
17368406 0.2758222022987
17610517 0.275846639533761
17598230 0.275898001694576
17368406 0.277013255283743
17368406 0.277290496510312
17368406 0.277379187843267
17368406 0.277526462671046
17380693 0.277893606919043
17368406 0.277973875601197
17380693 0.278472431643465
17368406 0.278731104616041
17368406 0.278754950958459
17368406 0.278792036949198
17368406 0.279013916773331
17368406 0.279033370420548
17368406 0.279258124677433
17598230 0.279689771071795
17368406 0.27997901237109
17368406 0.280385958818623
17598230 0.280460460814122
17368406 0.280574091226229
17598230 0.280646958749995
17380693 0.280667025852853
17368406 0.280682515403839
17380693 0.280706768323213
17395123 0.280922281197107
17368406 0.281027622380949
17368406 0.281065340062669
17598230 0.281829100001476
17598230 0.281901593564407
17368406 0.281980184674162
17610517 0.28198814440999
17368406 0.282020425951838
17368406 0.282189061078206
17380693 0.282364720468812
17598230 0.282678069110118
17368406 0.282719984116034
17368406 0.28272598620441
17380693 0.282761388087846
17368406 0.283015214314368
17395123 0.283465850311619
17380693 0.283499364570016
17368406 0.283904976582594
17598230 0.284018448754902
17368406 0.284197013801108
17598230 0.284226973714128
17624947 0.284351764253517
17368406 0.28474463266975
17380693 0.284935487770789
17598230 0.285086775891445
17368406 0.28518263929276
17598230 0.285203341292184
17598230 0.285374204652801
17368406 0.285501385386131
17598230 0.285577165631006
17380693 0.285711904080919
17380693 0.285800120929044
17598230 0.286005296156416
17610517 0.286010597871677
17368406 0.286013885108611
17598230 0.286194270633245
17380693 0.286219011644265
17368406 0.286338939503766
17380693 0.286548989602945
17368406 0.286549070004685
17610517 0.286760503846388
17598230 0.286801995772149
17368406 0.286829070642233
17598230 0.287027083340596
17598230 0.287290510411932
17610517 0.287294527643544
17368406 0.287295275350682
17368406 0.287533080573833
17368406 0.28766528347909
17380693 0.287827671638841
17380693 0.28786881886004
17610517 0.288120111324408
17598230 0.288240845624177
17380693 0.288676277901087
17368406 0.288909372003036
17368406 0.288955710195025
17368406 0.289000120500423
17598230 0.289309065809435
17368406 0.289338193037842
17395123 0.289725388673495
17368406 0.289770403229619
17598230 0.289902500525272
17598230 0.290117543192413
17368406 0.290234877458946
17368406 0.290457851368586
17610517 0.290464822202158
17598230 0.290975516150112
17380693 0.291044104749509
17598230 0.291120011304423
17598230 0.291146368085617
17598230 0.291483818894391
17368406 0.29208907657663
17368406 0.2922955500677
17610517 0.29232064094294
17368406 0.292630067522052
17598230 0.292678849446386
17368406 0.292694276257787
17380693 0.293094650622501
17368406 0.293175344673861
17380693 0.2934111582052
17598230 0.293643603086428
17368406 0.293901945602366
17598230 0.294090132829193
17610517 0.294293005701648
17598230 0.29447444777642
17598230 0.294502551815409
17610517 0.294521734762888
17368406 0.294726419856287
17598230 0.294774783521608
17368406 0.294794731506924
17395123 0.294855181994512
17598230 0.294925004545495
17598230 0.294929247724343
17368406 0.295151338242129
17610517 0.295419255919158
17368406 0.295787167958509
17610517 0.295934704762903
17368406 0.296101678134035
17368406 0.296118405056465
17598230 0.296194970709559
17395123 0.296280213097708
17380693 0.296451966122144
17395123 0.296840875817352
17598230 0.296959624107222
17598230 0.297249249585449
17598230 0.297655375016832
17598230 0.297874086051221
17368406 0.298201816542007
17598230 0.298287747263321
17598230 0.298395032697492
17598230 0.298545642289337
17598230 0.298727474434269
17368406 0.298734504815573
17368406 0.29884625956373
17598230 0.298867836414665
17368406 0.298877576724153
17610517 0.298987664731796
17598230 0.299008120835665
17598230 0.299159044469544
17380693 0.299205258021033
17598230 0.299314912945737
17598230 0.299517117898775
17368406 0.29953718864792
17368406 0.299651620105223
17395123 0.299661114323427
17380693 0.299884338676784
17380693 0.299935411870938
17380693 0.300003862847721
17368406 0.300178850858409
17598230 0.300247592880082
17598230 0.300292926261632
17368406 0.300392705615508
17368406 0.300444466363413
17598230 0.300692779390276
17598230 0.3007471393645
17598230 0.301627135954055
17610517 0.301700704072879
17598230 0.301749259135052
17598230 0.301820057502768
17368406 0.302031628164518
17610517 0.302086272754025
17598230 0.302086930664904
17598230 0.302148141552383
17598230 0.302151504924736
17598230 0.30239160914123
17368406 0.302718024968862
17598230 0.302874218018767
17598230 0.302890602965873
17380693 0.303307769926703
17368406 0.303323236902709
17380693 0.303834854599311
17610517 0.304016587805815
17598230 0.304263820694157
17368406 0.30435558763165
17368406 0.304438679759937
17598230 0.30462114507442
17598230 0.304794204975929
17598230 0.304867235354524
17368406 0.305020383499069
17368406 0.30514182094595
17598230 0.305149466531142
17598230 0.305325550273699
17610517 0.305508498152596
17598230 0.305572565031585
17598230 0.305849072797219
17368406 0.305913912945165
17368406 0.305985759755618
17610517 0.306277995763943
17368406 0.306408569229345
17610517 0.30643291380636
17380693 0.306601223062478
17368406 0.306619311400267
17610517 0.307082604976276
17598230 0.307111448164408
17598230 0.307181306849225
17598230 0.307279497186406
17368406 0.307400828687142
17598230 0.307536531260187
17598230 0.307564754659012
17380693 0.307592771533952
17598230 0.30760902694813
17610517 0.307696044755918
17368406 0.307810151679525
17380693 0.30812567849355
17598230 0.3081716190595
17368406 0.308778821143934
17598230 0.308973050368069
17598230 0.309006763722036
17368406 0.309138723523232
17598230 0.30954684165061
17598230 0.309603199299111
17368406 0.309832915499062
17380693 0.309888982537993
17368406 0.310104473085952
17598230 0.310108192707338
17368406 0.310226671681258
17598230 0.310524542269074
17368406 0.310870698912799
17368406 0.311322318469469
17368406 0.311828569274609
17598230 0.311928199961655
17368406 0.311932686461198
17598230 0.312064051346167
17598230 0.312208451339694
17380693 0.312511975849305
17368406 0.312755255298715
17598230 0.312763296159214
17598230 0.31297662099518
17598230 0.313069889743964
17368406 0.313723692573079
17598230 0.313747394784361
17598230 0.313995827987995
17368406 0.314014464204174
17380693 0.314093652722262
17598230 0.31416838906818
17598230 0.314205566653087
17368406 0.314340798117503
17368406 0.314545210196611
17368406 0.314651412473246
17610517 0.314832740392459
17368406 0.315274539951528
17598230 0.315336583322812
17610517 0.315433860342438
17380693 0.31548729146552
17598230 0.315502281168224
17598230 0.315594684531232
17368406 0.315827970995255
17380693 0.315828925700817
17598230 0.316003318342363
17598230 0.316179601494125
17368406 0.316381802809087
17380693 0.31651320402434
17598230 0.316605604001746
17368406 0.31696878515557
17368406 0.317195016837864
17598230 0.317968692569351
17598230 0.318001369400147
17598230 0.318398585330164
17610517 0.318554849638793
17598230 0.318622027125315
17598230 0.318719752274441
17368406 0.318751020410851
17598230 0.318903385729058
17368406 0.318945308150549
17610517 0.319062280984451
17598230 0.319080309986602
17380693 0.319267768464637
17598230 0.319375374228166
17598230 0.319655222149687
17598230 0.320026730916612
17380693 0.320121642555073
17598230 0.320188950252119
17368406 0.320340793493569
17598230 0.320386589285966
17598230 0.320505474136795
17598230 0.320599854076452
17598230 0.320936464446641
17598230 0.3209533491902
17610517 0.321102441828963
17598230 0.32111313866172
17610517 0.321528269841006
17368406 0.321663593830268
17598230 0.321667046697605
17598230 0.321802524204792
17380693 0.322015459707983
17380693 0.322078487905563
17598230 0.322411794154068
17598230 0.322494729697832
17368406 0.322512396953733
17610517 0.322582189623644
17598230 0.322925863515281
17380693 0.323021888788678
17368406 0.323058105817245
17598230 0.323449632736597
17598230 0.323528846232428
17610517 0.323847466838194
17598230 0.323866153302741
17598230 0.323896476124033
17368406 0.324642949527933
17598230 0.324755093044463
17598230 0.325038474033897
17598230 0.325252737560585
17598230 0.325362702164172
17598230 0.325602035676126
17598230 0.325883506026106
17598230 0.326145651852942
17610517 0.326212303866757
17598230 0.326240098965267
17598230 0.326552608788708
17598230 0.326934882016961
17598230 0.32722499298306
17368406 0.32728327166181
17624947 0.327476174685541
17368406 0.327683259694612
17598230 0.327829518724611
17610517 0.328154288884468
17610517 0.328171839398106
17610517 0.328321157830544
17598230 0.32937323968216
17598230 0.329433505775663
17598230 0.329488532061435
17598230 0.329596837352969
17598230 0.329649481183911
17598230 0.329778622395959
17368406 0.329864273717789
17368406 0.329901574269912
17610517 0.330102755285371
17598230 0.330914153511017
17610517 0.330948062519567
17598230 0.331213725366111
17598230 0.331393305493257
17598230 0.331766634207401
17368406 0.331844971109933
17598230 0.331985485346501
17380693 0.332573073944851
17598230 0.3329320198069
17380693 0.33315810843767
17598230 0.33336002526686
17598230 0.333479695678079
17598230 0.333771965411998
17598230 0.333834403289657
17598230 0.333869950655348
17368406 0.33389443179457
17598230 0.334238593461528
17598230 0.334264346585487
17598230 0.334589528085219
17598230 0.334984226386375
17598230 0.335466389395659
17598230 0.335509203629378
17598230 0.335601607684874
17598230 0.336350435954457
17598230 0.336362163595272
17598230 0.336429960625952
17598230 0.336480604442069
17598230 0.336812163520598
17598230 0.336930790997653
17610517 0.337025110683671
17624947 0.337265530728121
17598230 0.337721624900143
17610517 0.337844183593641
17598230 0.337876756813358
17598230 0.33910942329764
17598230 0.339448303453473
17598230 0.339888492481656
17598230 0.340091393903746
17598230 0.340513734688676
17598230 0.340882095177753
17598230 0.34148983715292
17598230 0.341803507021047
17598230 0.342204314082731
17598230 0.34221314564751
17598230 0.342273802090395
17368406 0.342503235917328
17610517 0.342518788257269
17598230 0.342835216546434
17598230 0.343003777077376
17368406 0.343038304508658
17598230 0.343432942977051
17598230 0.343519330528304
17610517 0.343526363523629
17624947 0.34353636949242
17610517 0.343623167664164
17598230 0.343918944430954
17368406 0.344048340748998
17610517 0.344190240290237
17598230 0.344756011496701
17598230 0.345098244849028
17598230 0.345131266540614
17610517 0.345137619948143
17598230 0.345563217091729
17610517 0.345635677572137
17598230 0.346089754568441
17598230 0.346350207796654
17598230 0.346492019738019
17598230 0.346753179865995
17598230 0.346792816890833
17598230 0.346804374180225
17368406 0.346823046493621
17598230 0.346844006434081
17598230 0.347043590362464
17610517 0.347435035369032
17598230 0.347442030478244
17598230 0.347531778156487
17368406 0.348105678204057
17380693 0.348120344400841
17598230 0.3482705439943
17610517 0.348327692172889
17598230 0.348354049508203
17598230 0.348421328391044
17598230 0.348581610357014
17610517 0.348684775484757
17598230 0.348828020158017
17598230 0.348835750694416
17598230 0.349092115058899
17395123 0.34924466723164
17598230 0.349884902102223
17598230 0.350053561475887
17598230 0.350169314610977
17598230 0.350851000975253
17610517 0.350891293530637
17610517 0.351598936119688
17598230 0.351676015696699
17598230 0.351703485576768
17598230 0.351705272891002
17598230 0.351730145925657
17598230 0.351863328134089
17610517 0.352103826131755
17610517 0.352134032869999
17598230 0.352882739571603
17368406 0.35412274421817
17598230 0.354171662167437
17598230 0.354265129058723
17598230 0.354421479687707
17598230 0.35449751075854
17598230 0.354641806536135
17598230 0.354676993707684
17598230 0.354849229896843
17610517 0.354986880317764
17598230 0.355292285071778
17598230 0.355360348213536
17380693 0.355792455072974
17598230 0.355971491292488
17598230 0.356143309455307
17598230 0.356194108270153
17610517 0.356222784062532
17598230 0.35622906127979
17610517 0.35623261465637
17598230 0.356271256393405
17598230 0.356303274078644
17598230 0.356619412687566
17598230 0.356853698099021
17610517 0.356958853335924
17598230 0.35772954163767
17368406 0.35785810807921
17610517 0.357929189487349
17598230 0.357988806798799
17610517 0.358193137108133
17368406 0.358212508510629
17598230 0.358584739376643
17598230 0.35904187919112
17610517 0.359151904657038
17598230 0.359172966979015
17598230 0.359588813052484
17598230 0.361349710470372
17598230 0.361404009057417
17610517 0.361423943272777
17598230 0.361660536458863
17598230 0.362249439959329
17598230 0.362283670148342
17624947 0.363006849813936
17598230 0.363738391662234
17598230 0.364629964265061
17598230 0.365149576806429
17598230 0.365468556305078
17610517 0.365719047005861
17598230 0.365933853318125
17598230 0.367390432512118
17598230 0.368839402104736
17610517 0.36894422454123
17598230 0.368958873806783
17598230 0.369083010640353
17610517 0.369368280434024
17598230 0.369541016491701
17610517 0.370030769322903
17598230 0.370088514324418
17598230 0.370842599608615
17598230 0.372455299917039
17598230 0.373922568252167
17598230 0.374412187077104
17610517 0.374507169576403
17598230 0.374594066342884
17624947 0.374641737909817
17598230 0.375012077394234
17598230 0.375139481571818
17598230 0.376125607298658
17598230 0.377117052948396
17598230 0.37735757458789
17598230 0.378849870850809
17598230 0.379118982155723
17598230 0.380074387921279
17610517 0.382129999543715
17598230 0.383204733495534
17598230 0.383640726886491
17610517 0.384124519116025
17598230 0.386239057457026
17598230 0.386420970165024
17598230 0.388215320289877
17598230 0.388561269336065
17598230 0.393158481013843
17598230 0.393825104523389
17610517 0.394018503759455
17598230 0.394135901070186
17598230 0.394686709258915
17610517 0.395882523645851
17598230 0.396996355223856
17598230 0.402057547165907
17610517 0.405485455441704
