x  y
943.667907714844 2.77783013578266e-17
1238.41845703125 2.77807620559375e-17
534.230590820312 2.77810588440561e-17
694.340942382812 2.77850671653513e-17
775.986022949219 2.86393407485467e-17
1010.54772949219 2.86492493317752e-17
1370.80102539062 2.95101997573026e-17
849.54833984375 3.03749475875681e-17
694.340942382812 0.0730527359112942
694.340942382812 0.254703173212581
534.230590820312 0.258839404178933
534.230590820312 0.320281802832171
1370.80102539062 0.334165778553444
775.986022949219 0.343578867991101
775.986022949219 0.384871200224461
943.667907714844 0.386672306982036
849.54833984375 0.38886688270115
1238.41845703125 0.400480719146988
1370.80102539062 0.403565802319002
943.667907714844 0.407729209706309
849.54833984375 0.421973262624291
1010.54772949219 0.423731774248989
534.230590820312 0.470207684178841
1010.54772949219 0.473256885323303
1238.41845703125 0.481245478169035
694.340942382812 0.511430639405812
1370.80102539062 0.554546648792641
694.340942382812 0.566056316970449
534.230590820312 0.581810973226067
775.986022949219 0.587873169052528
1238.41845703125 0.592320580907877
775.986022949219 0.598568780075117
1370.80102539062 0.602322584046699
1238.41845703125 0.605749196367232
775.986022949219 0.607142477119022
849.54833984375 0.609750343825835
849.54833984375 0.609769074925571
694.340942382812 0.620312611271142
943.667907714844 0.622030429752115
775.986022949219 0.627686744015587
849.54833984375 0.629620707232173
1010.54772949219 0.633985671572127
694.340942382812 0.635065456397634
534.230590820312 0.635725816571979
1238.41845703125 0.64227468677697
849.54833984375 0.642469209286082
534.230590820312 0.642922648645508
1010.54772949219 0.643491598629075
1238.41845703125 0.646011403114467
943.667907714844 0.64865262855041
943.667907714844 0.648750769811752
943.667907714844 0.654079773377878
1010.54772949219 0.66226287591723
1010.54772949219 0.670962591757099
1370.80102539062 0.67193584456849
1370.80102539062 0.674237120746495
775.986022949219 0.680385433486182
849.54833984375 0.687654888888758
775.986022949219 0.689217919664092
1238.41845703125 0.694632250060952
534.230590820312 0.704384719743381
849.54833984375 0.70512588178855
1238.41845703125 0.70729443858772
694.340942382812 0.712576055553477
943.667907714844 0.712716757595851
1010.54772949219 0.712841462627447
943.667907714844 0.714421613830574
534.230590820312 0.715189039526634
1010.54772949219 0.718743155188612
694.340942382812 0.722699777144005
1370.80102539062 0.728012523557791
1370.80102539062 0.740578995810576
