x  y
820.676940917969 0.746339444965067
758.091735839844 0.747853885657679
880.627380371094 0.749286413657979
848.925598144531 0.753046299805939
968.455627441406 0.75356970145965
706.846130371094 0.753661693455976
670.700988769531 0.756523180428787
624.348388671875 0.758400941700682
507.924163818359 0.762470912646324
645.2158203125 0.763853307450936
500.315216064453 0.76396595803216
798.834838867188 0.765186278530436
840.268981933594 0.765464172566224
683.076538085938 0.766124282928668
788.125854492188 0.766588211334102
817.456237792969 0.766786136970409
609.963073730469 0.767520695824605
635.417602539062 0.768601617646985
841.111206054688 0.768898219254763
797.518798828125 0.768940521053529
656.03515625 0.769128124237915
707.709228515625 0.769488494560793
427.858673095703 0.769611136197186
495.771331787109 0.770031654017397
580.921447753906 0.771271277806026
1015.96990966797 0.771671962706904
591.153625488281 0.772084641713994
849.867370605469 0.772137742446729
691.6943359375 0.772292851434275
578.269897460938 0.772439237816848
788.391418457031 0.772507692570532
624.928344726562 0.772680696891556
607.193176269531 0.774116960127609
659.057189941406 0.774275009432069
865.005004882812 0.774719117513802
740.953857421875 0.77488819334457
1049.48400878906 0.775566103862453
793.82421875 0.77557821172432
804.919799804688 0.776239703077424
666.758850097656 0.776399055934826
852.911560058594 0.777063968320358
765.064086914062 0.777195126261407
706.286437988281 0.777484059417912
588.077880859375 0.778006328349326
1227.38037109375 0.778195409424618
599.314514160156 0.778249975058607
842.584777832031 0.778251199714454
685.239562988281 0.778613946192071
654.900817871094 0.778805039996371
510.591949462891 0.778983568642223
901.663269042969 0.779775266532447
718.560363769531 0.779873397354473
823.84521484375 0.779955796507707
687.632446289062 0.780133540886503
855.866333007812 0.780366656195729
1072.41003417969 0.780418958645521
541.571655273438 0.780655690271262
651.793701171875 0.780974485420473
758.067749023438 0.781886908173875
821.7548828125 0.781948359020485
593.399475097656 0.782380527525677
731.791748046875 0.782490547454293
886.612060546875 0.783165165025318
604.767150878906 0.784194917950938
1098.56262207031 0.784703323916756
772.222961425781 0.785015906020551
624.365173339844 0.785305682703294
794.956787109375 0.785338109744661
881.016296386719 0.785382289410133
501.890594482422 0.785436470508637
909.859130859375 0.785540135853058
649.861999511719 0.78560463560552
947.114685058594 0.785685741348683
635.485900878906 0.785954022142624
621.945251464844 0.786047578979427
340.266052246094 0.786282744317752
623.252014160156 0.786389545472199
939.0107421875 0.786781704484653
725.955993652344 0.786812582606024
671.908508300781 0.786825774321602
814.844421386719 0.787060266717758
846.903564453125 0.787094043000411
1029.96362304688 0.788067890621326
644.958251953125 0.788178493464804
787.042114257812 0.788178755822999
1016.87316894531 0.788880670880503
395.7822265625 0.78914775362246
628.251037597656 0.789600427537603
655.2294921875 0.789897743383091
1020.60034179688 0.790218214060164
769.818298339844 0.790753797269326
929.651489257812 0.790763223739531
539.236633300781 0.791299822998716
926.837463378906 0.791319863725921
651.391052246094 0.791330797449219
895.789855957031 0.791561181616463
298.839538574219 0.791588986039321
989.760559082031 0.791695550403971
593.185241699219 0.791754028800456
777.238342285156 0.792049186361206
913.038696289062 0.792067963091324
1116.94775390625 0.792137505247753
833.551330566406 0.792270045102588
672.934509277344 0.792386837478628
643.858032226562 0.792419153448286
741.219177246094 0.792476875148045
775.961547851562 0.792767637732045
730.762573242188 0.792912158912055
889.050598144531 0.793229230983599
580.756958007812 0.793642153324669
769.082458496094 0.793654813726666
615.846923828125 0.793969494003604
540.419677734375 0.794463284825953
627.73876953125 0.794580682860601
621.757568359375 0.794760433439481
733.858764648438 0.794905346362405
821.582275390625 0.794969760952413
903.719909667969 0.795208077327689
737.871948242188 0.795371532895304
571.065856933594 0.79540471269122
694.798767089844 0.795930691367
523.162902832031 0.795940582333949
632.734252929688 0.796362062864629
775.291381835938 0.796881183342624
540.933288574219 0.798867629059056
615.5673828125 0.799018064988533
505.50537109375 0.799356125661369
601.246948242188 0.799533627952821
984.461608886719 0.799915809044102
682.791076660156 0.800043781490342
1044.12683105469 0.800104290321127
709.88134765625 0.800445360331054
1098.71044921875 0.800451728286087
879.910766601562 0.800670095717909
700.000366210938 0.800819667436154
865.486572265625 0.801548069387211
779.267822265625 0.801632987935885
848.954284667969 0.801682052626213
779.96923828125 0.8016975297089
742.414916992188 0.802192019822715
683.62060546875 0.802279923712188
810.296936035156 0.802581257395024
745.39501953125 0.803400394915961
534.456176757812 0.803727495178077
909.333679199219 0.804174699104526
591.896118164062 0.804668457035433
528.621948242188 0.805516066588718
323.907806396484 0.807304487527762
647.919189453125 0.810512331305423
786.562316894531 0.811563711088626
822.045349121094 0.812298317823153
