x  y
820.676940917969 0.746578601381667
758.091735839844 0.748021502860153
880.627380371094 0.749064379360622
968.455627441406 0.751817621240832
848.925598144531 0.753097006873663
706.846130371094 0.75418946666484
670.700988769531 0.75609317305596
624.348388671875 0.757855538024328
840.268981933594 0.758977898330628
507.924163818359 0.762477478911565
683.076538085938 0.764875782049428
500.315216064453 0.765420977938793
788.125854492188 0.76666990615018
609.963073730469 0.767450001875648
817.456237792969 0.767745523768764
656.03515625 0.76778270525757
841.111206054688 0.768148454034766
797.518798828125 0.768454481840875
798.834838867188 0.768627191136316
635.417602539062 0.768700778537307
645.2158203125 0.769051079503841
427.858673095703 0.769360539644488
707.709228515625 0.770168036519699
591.153625488281 0.77024948212273
495.771331787109 0.770490674874794
578.269897460938 0.770525621383879
691.6943359375 0.771306128172659
1015.96990966797 0.771715169225969
580.921447753906 0.771810662698912
788.391418457031 0.771891023129351
607.193176269531 0.773029696473946
659.057189941406 0.773877971978741
624.928344726562 0.773996596740562
740.953857421875 0.774001194537793
804.919799804688 0.774154299977812
865.005004882812 0.774496730564046
793.82421875 0.775817480453758
1049.48400878906 0.775973585763739
849.867370605469 0.776026203448799
852.911560058594 0.776109019917501
765.064086914062 0.776577481595565
842.584777832031 0.776655029680704
685.239562988281 0.776718422581024
588.077880859375 0.777353391020615
666.758850097656 0.77749303972255
654.900817871094 0.777554127634248
706.286437988281 0.778288474793608
599.314514160156 0.778397788769626
1227.38037109375 0.778819494451282
510.591949462891 0.779195479078963
758.067749023438 0.779348840007787
718.560363769531 0.779551396002386
687.632446289062 0.779708812556529
901.663269042969 0.779826870902252
651.793701171875 0.780061566179161
541.571655273438 0.780074738407904
1072.41003417969 0.780150269631288
823.84521484375 0.780371198499783
855.866333007812 0.780622968778973
624.365173339844 0.781289822308081
731.791748046875 0.781476667343332
593.399475097656 0.782094720194759
1029.96362304688 0.783205055271871
886.612060546875 0.783482466032798
821.7548828125 0.783945887902573
881.016296386719 0.784084207962945
772.222961425781 0.784195461514187
909.859130859375 0.784199377043287
794.956787109375 0.784272249787624
913.038696289062 0.78519791321824
501.890594482422 0.785257808809604
1098.56262207031 0.785281664204331
635.485900878906 0.785371226662324
947.114685058594 0.785740372198649
623.252014160156 0.78587152867466
604.767150878906 0.786093468801115
644.958251953125 0.786540923136142
340.266052246094 0.786704993452595
725.955993652344 0.786710285093537
846.903564453125 0.786734285156282
814.844421386719 0.786765195858605
649.861999511719 0.787192745070247
671.908508300781 0.787315647973621
939.0107421875 0.787384569984096
621.945251464844 0.7874366849703
769.082458496094 0.787634516281502
1016.87316894531 0.788131730255527
787.042114257812 0.788204702841958
395.7822265625 0.78825838422821
628.251037597656 0.788978969583
651.391052246094 0.789697942362899
655.2294921875 0.789916746040155
1020.60034179688 0.789941485405946
929.651489257812 0.79093407930856
769.818298339844 0.791037376751628
895.789855957031 0.791312618814213
539.236633300781 0.791399894229292
926.837463378906 0.791935085775253
593.185241699219 0.7921172899057
580.756958007812 0.792167901491323
298.839538574219 0.792169151597613
1116.94775390625 0.792261198743419
777.238342285156 0.792299597363697
833.551330566406 0.792381244482338
989.760559082031 0.792431692147347
730.762573242188 0.792552200846178
775.961547851562 0.792613995241421
643.858032226562 0.792785235019541
741.219177246094 0.792919998007074
672.934509277344 0.793040369389105
889.050598144531 0.79340715507641
821.582275390625 0.793596951042142
615.846923828125 0.794353102233029
540.419677734375 0.794463190724664
733.858764648438 0.794487500147763
571.065856933594 0.794891547929419
621.757568359375 0.794929963888107
737.871948242188 0.794956971766237
627.73876953125 0.795027437338938
903.719909667969 0.79510421057143
694.798767089844 0.795845040946761
523.162902832031 0.795995272090365
775.291381835938 0.796833135551602
632.734252929688 0.7970131429408
540.933288574219 0.797558012513756
700.000366210938 0.798867517207828
601.246948242188 0.799127077537585
615.5673828125 0.799329786686045
879.910766601562 0.799520929902398
505.50537109375 0.799654311420296
984.461608886719 0.799933552982054
1098.71044921875 0.799958353755294
1044.12683105469 0.799977319016261
848.954284667969 0.800282713673689
709.88134765625 0.800487220818686
682.791076660156 0.801085721855259
779.267822265625 0.801374943635581
865.486572265625 0.802059416292368
742.414916992188 0.802222958234813
745.39501953125 0.803082245020805
810.296936035156 0.80317935639105
683.62060546875 0.803302266210017
779.96923828125 0.803340015857422
909.333679199219 0.803382656556913
534.456176757812 0.803784079378094
591.896118164062 0.804594579999439
528.621948242188 0.805432736835043
323.907806396484 0.807384438696943
647.919189453125 0.810874359010221
786.562316894531 0.811511524176528
822.045349121094 0.812566298031771
