x  y
943.667907714844 2.77783013578266e-17
1238.41845703125 2.77807620559375e-17
534.230590820312 2.77810588440561e-17
694.340942382812 2.77850671653513e-17
775.986022949219 2.86393407485467e-17
1010.54772949219 2.86492493317752e-17
1370.80102539062 2.95101997573026e-17
849.54833984375 3.03749475875681e-17
694.340942382812 0.0958971842206773
694.340942382812 0.245717234281474
534.230590820312 0.26281360515624
534.230590820312 0.314402037358922
1370.80102539062 0.326729698636384
775.986022949219 0.347761588458465
943.667907714844 0.370976433769427
775.986022949219 0.388127968601858
849.54833984375 0.396806582941521
1370.80102539062 0.400464911026936
943.667907714844 0.409564136959757
1238.41845703125 0.419915533778968
849.54833984375 0.422470376368874
1010.54772949219 0.437090055794433
1010.54772949219 0.476769201878075
1238.41845703125 0.478443082506471
534.230590820312 0.481185180065268
694.340942382812 0.527476553219514
1370.80102539062 0.559708158558665
775.986022949219 0.581027349689854
694.340942382812 0.585361178525441
1238.41845703125 0.599606865112869
534.230590820312 0.600348349685782
849.54833984375 0.605629655199059
775.986022949219 0.609119821229668
1238.41845703125 0.610064475943902
849.54833984375 0.610585029663673
775.986022949219 0.611298419798867
943.667907714844 0.624376244072091
1370.80102539062 0.625227369023233
775.986022949219 0.631808337607106
849.54833984375 0.63233515574847
694.340942382812 0.633120010648267
1010.54772949219 0.634724433788613
1238.41845703125 0.64556161322283
849.54833984375 0.647707930197469
1238.41845703125 0.648518845473903
694.340942382812 0.649136096303301
534.230590820312 0.651904005832827
534.230590820312 0.652476142953913
943.667907714844 0.65452894071611
943.667907714844 0.65700468381159
1010.54772949219 0.657108506923644
943.667907714844 0.662115678534056
1010.54772949219 0.669232718743347
1370.80102539062 0.669325898194204
1370.80102539062 0.677064003036526
1010.54772949219 0.678612251931754
775.986022949219 0.686573506366839
849.54833984375 0.69453821034079
775.986022949219 0.698956366363541
534.230590820312 0.6998729939933
1238.41845703125 0.706400454520393
849.54833984375 0.71016839741684
1010.54772949219 0.716255353048137
943.667907714844 0.716682302128936
1238.41845703125 0.717365320798915
943.667907714844 0.720105666389205
534.230590820312 0.723696131733048
1010.54772949219 0.723911708475797
694.340942382812 0.732514603667211
1370.80102539062 0.733498423213255
694.340942382812 0.736258325832147
1370.80102539062 0.743260593394834
