0.99608646333217620849609375
0.99698581486940385243400442050187848508358001708984375
0.99534430086612701860104834850062616169452667236328125
0.99557933360338213280016361750313080847263336181640625
0.9925230506062507895848057160037569701671600341796875
0.99663154065608983156465683350688777863979339599609375
0.99378682076931001976305424250313080847263336181640625
0.995517542064189964179377057007513940334320068359375
0.99581830590963360538836468549561686813831329345703125
0.99686236768960956311502741300500929355621337890625
0.982170561850070900078435442992486059665679931640625
0.99111040204763412031496727649937383830547332763671875
0.997074849903583526611328125
0.9767470538616180864011084850062616169452667236328125
0.9946006292104720980518095529987476766109466552734375
0.98542404234409330943122995449812151491641998291015625
0.992736268341541272519634730997495353221893310546875
0.99658905684947962644315566649311222136020660400390625
0.99744402468204496070569575749686919152736663818359375
0.99794223755598066016858638249686919152736663818359375
0.99839186400175095048581397350062616169452667236328125
0.9943596634268760947605869660037569701671600341796875
0.99125485777854915880880071199499070644378662109375
0.991002256572246498222966692992486059665679931640625
0.99633341670036312809344281049561686813831329345703125
0.9955109685659409013425147350062616169452667236328125
0.9946522161364554914797508899937383830547332763671875
0.9979825189709663479931123220012523233890533447265625
0.99530137687921527156476031450438313186168670654296875
0.9952384445071220664402744660037569701671600341796875
0.9934979400038719266063935720012523233890533447265625
0.99434788525104522705078125
0.9940344563126564114696748220012523233890533447265625
0.99623624086380002662366450749686919152736663818359375
0.99705879032611843815203656049561686813831329345703125
0.98417459428310394287109375
0.9832629922032356528660557160037569701671600341796875
0.99506617695093158015851031450438313186168670654296875
0.9974386712908744900829560720012523233890533447265625
0.99614416003227235218986379550187848508358001708984375
0.9974713802337646928464209850062616169452667236328125
0.99121048986911775013908254550187848508358001708984375
0.9920760712027549832470185720012523233890533447265625
0.99602556496858596357668602649937383830547332763671875
0.99293646395206447419212736349436454474925994873046875
0.9935655093193054288036591970012523233890533447265625
0.99497242838144306364966951150563545525074005126953125
0.99508174449205399891837942050187848508358001708984375
0.99555820286273954966560495449812151491641998291015625
0.99658971846103672209693513650563545525074005126953125
0.9966813868284225552685029470012523233890533447265625
0.9923975107073783608058192839962430298328399658203125
0.99661888092756267809591008699499070644378662109375
0.99231277018785479793194781450438313186168670654296875
0.985031726360320991631169817992486059665679931640625
0.994815458059310930849505894002504646778106689453125
0.995887609720230049248357317992486059665679931640625
0.99582933783531191185289799250313080847263336181640625
0.99366728186607355954862441649311222136020660400390625
0.9969530946016311734325654470012523233890533447265625
0.99272704839706416013456191649311222136020660400390625
0.9961637875437736600048310720012523233890533447265625
0.99772107243537899723406781049561686813831329345703125
0.99465915381908420744849763650563545525074005126953125
0.99388188898563389894746933350688777863979339599609375
0.99573767095804210924825383699499070644378662109375
0.99548999905586244008048879550187848508358001708984375
0.99560987979173665163301620850688777863979339599609375
0.98883058130741119384765625
0.992774044573307090644220807007513940334320068359375
0.99661250442266469118379745850688777863979339599609375
0.99678464800119404021216951150563545525074005126953125
0.99049746721982956376706397350062616169452667236328125
0.99630934387445446720477093549561686813831329345703125
0.99638997286558150801027977649937383830547332763671875
0.99723212510347369885721491300500929355621337890625
0.9965044993162155417820713410037569701671600341796875
0.9973892059922218056300380339962430298328399658203125
0.995701182186603528379009730997495353221893310546875
0.992874969244003313662005894002504646778106689453125
0.9841523778438567848780849089962430298328399658203125
0.9957477098703384488231904470012523233890533447265625
0.9957402509450912209132411589962430298328399658203125
0.98375633627176284345949852649937383830547332763671875
0.99645464152097706911348495850688777863979339599609375
0.99482462495565415760978567050187848508358001708984375
0.9958122715353965315188133899937383830547332763671875
0.9956570693850517184131376779987476766109466552734375
0.99336466223001484987520370850688777863979339599609375
0.99493088185787204036358843950438313186168670654296875
0.995648865997791343573908307007513940334320068359375
0.996803055107593483086247942992486059665679931640625
0.995381412506103568915705182007513940334320068359375
0.99609572499990461924568307949812151491641998291015625
0.99238164454698563066159522350062616169452667236328125
0.997765903770923667792658307007513940334320068359375
0.99653561472892759898201120449812151491641998291015625
0.98781208127737041291283048849436454474925994873046875
0.9935953149199485689990751779987476766109466552734375
0.98699272900819778886472022350062616169452667236328125
0.99396651923656464955314504550187848508358001708984375
0.99573002278804778608645165149937383830547332763671875
0.99802671223878858253186763249686919152736663818359375
0.994509254992008262519220807007513940334320068359375
0.9944160443544387550929286589962430298328399658203125
0.99011363238096239403063236750313080847263336181640625
0.99583424657583241579317245850688777863979339599609375
0.99572773098945621672584138650563545525074005126953125
0.995043034255504554863591692992486059665679931640625
0.99455536901950836181640625
0.9973529034852981478564970529987476766109466552734375
0.98335186958312992278052888650563545525074005126953125
0.99459310531616207384786321199499070644378662109375
0.996353410184383392333984375
0.99625725269317622068143691649311222136020660400390625
0.99417136758565904930406986750313080847263336181640625
0.98061821639537816164278183350688777863979339599609375
0.99530529499053954634035790149937383830547332763671875
0.995409566462039929746197230997495353221893310546875
0.99683076709508899870826326150563545525074005126953125
0.9976549383997916908839442839962430298328399658203125
0.99534084290266033878680218549561686813831329345703125
0.991872194707393628476665980997495353221893310546875
0.99708986848592762175513826150563545525074005126953125
0.993773843646049481748150355997495353221893310546875
0.98535100102424622026120459850062616169452667236328125
0.9950401365756988969479834850062616169452667236328125
0.99652697622776031938229834850062616169452667236328125
0.99763333857059477427497995449812151491641998291015625
0.98973073959350588157946049250313080847263336181640625
0.99572328209877014604245459850062616169452667236328125
0.995584722161293012021587855997495353221893310546875
0.99348750442266464677487647350062616169452667236328125
0.995939407944679278017474644002504646778106689453125
0.9963997647166251692141258899937383830547332763671875
0.99673782855272297087623201150563545525074005126953125
0.99412850558757781538332665149937383830547332763671875
0.99591195404529575530006013650563545525074005126953125
0.99485559761524200439453125
0.99594787150621411075945843549561686813831329345703125
0.996261139810085349921564557007513940334320068359375
0.99533786356449127641354834850062616169452667236328125
0.99619744718074798583984375
0.99525392025709147336698379149311222136020660400390625
0.99330419987440110585197317050187848508358001708984375
0.99484929919242859330807959850062616169452667236328125
0.99251070678234099009529245449812151491641998291015625
0.99446764528751374623283254550187848508358001708984375
0.9965408390760421841747529470012523233890533447265625
0.996103840470313972588201067992486059665679931640625
0.99499279081821445647193513650563545525074005126953125
