0.76514769904315471649169921875
0.793142974376678466796875
0.78295403532683849334716796875
0.78059909678995609283447265625
0.772333054803311824798583984375
0.778129256330430507659912109375
0.785011890344321727752685546875
0.77765250019729137420654296875
0.757069944404065608978271484375
0.7553586252033710479736328125
0.7840712852776050567626953125
0.762943611480295658111572265625
0.7786504328250885009765625
0.75175472535192966461181640625
0.74656276591122150421142578125
0.762393628247082233428955078125
0.786596332676708698272705078125
0.78332614339888095855712890625
0.796198395080864429473876953125
0.743344620801508426666259765625
0.78180014528334140777587890625
0.780988536775112152099609375
0.75805421173572540283203125
0.76069855503737926483154296875
0.78993200697004795074462890625
0.747268128208816051483154296875
0.7537921182811260223388671875
0.74999421276152133941650390625
0.732919528149068355560302734375
0.732958949171006679534912109375
0.7755226232111454010009765625
0.7484030239284038543701171875
0.759389127604663372039794921875
0.775375582277774810791015625
0.768261923454701900482177734375
0.782979811541736125946044921875
0.795597537420690059661865234375
0.78724846430122852325439453125
0.792433005757629871368408203125
0.77621344663202762603759765625
0.75507423467934131622314453125
0.76989484019577503204345703125
0.760397858917713165283203125
0.76947769708931446075439453125
0.77110342681407928466796875
0.793074076063930988311767578125
0.763799837790429592132568359375
0.7666718475520610809326171875
0.789944813586771488189697265625
0.7729027755558490753173828125
0.7623873017728328704833984375
0.79675230942666530609130859375
0.768542320467531681060791015625
0.791497983969748020172119140625
0.74433175660669803619384765625
0.770474591292440891265869140625
0.773582451045513153076171875
0.762731261551380157470703125
0.76913099922239780426025390625
0.7758689410984516143798828125
0.77158685587346553802490234375
0.765508742071688175201416015625
0.75107767246663570404052734375
0.769324815832078456878662109375
0.776716045103967189788818359375
0.767072255723178386688232421875
0.802543013356626033782958984375
0.78573201596736907958984375
0.751748555339872837066650390625
0.7642617709934711456298828125
0.75726159103214740753173828125
0.7985062301158905029296875
0.789818926714360713958740234375
0.761377756483852863311767578125
0.77941369079053401947021484375
0.782230184413492679595947265625
0.784026534296572208404541015625
0.737550511024892330169677734375
0.7822526358067989349365234375
0.7846436165273189544677734375
0.7765029631555080413818359375
0.778832546435296535491943359375
0.78684641420841217041015625
0.75707079283893108367919921875
0.7815181054174900054931640625
0.787501166574656963348388671875
0.7571867518126964569091796875
0.766838734038174152374267578125
0.795494698919355869293212890625
0.772149932570755481719970703125
0.801230345852673053741455078125
0.7730216421186923980712890625
0.768504356034100055694580078125
0.776674752123653888702392578125
0.786295908503234386444091796875
0.77960127033293247222900390625
0.7853939794003963470458984375
0.742095514200627803802490234375
0.785431093536317348480224609375
0.77649683691561222076416015625
0.73322765529155731201171875
0.763550155796110630035400390625
0.780575991608202457427978515625
0.78099217824637889862060546875
0.79346086084842681884765625
0.76245124079287052154541015625
0.777164119295775890350341796875
0.78234517015516757965087890625
0.75571820698678493499755859375
0.7842306159436702728271484375
0.77414384670555591583251953125
0.757877659983932971954345703125
0.785779583267867565155029296875
0.783476817421615123748779296875
0.779113666154444217681884765625
0.765478906221687793731689453125
0.7770984359085559844970703125
0.768967221491038799285888671875
0.74456246383488178253173828125
0.790183730423450469970703125
0.76419576071202754974365234375
0.76537069864571094512939453125
0.79347907565534114837646484375
0.741739288903772830963134765625
0.786552523262798786163330078125
0.76375757344067096710205078125
0.74594055116176605224609375
0.7552278004586696624755859375
0.775602835230529308319091796875
0.760082890279591083526611328125
0.7761212028563022613525390625
0.784337949939072132110595703125
0.766612759791314601898193359375
0.720392868854105472564697265625
0.7512789629399776458740234375
0.784631137736141681671142578125
0.781859436072409152984619140625
0.78882350027561187744140625
0.802060711197555065155029296875
0.78152727894484996795654296875
0.755562718026340007781982421875
0.771516348235309123992919921875
0.740133352577686309814453125
0.773944199085235595703125
0.747803050093352794647216796875
0.756299913860857486724853515625
0.7784951888024806976318359375
0.791044495999813079833984375
0.781672162003815174102783203125
0.774919438175857067108154296875
0.766055687330663204193115234375
