132879712059045328
140244292916061035
150362835499438384
167952303564503725
134337908423351669
162302296001534911
153874002302755876
178897077151215746
119870341256542913
146705333213216284
130778640154798820
173301787409250996
187741862819093185
166961533079757994
130616612205754914
120019624624107923
131228096591065754
176358046618111457
182830167195202101
157097446824392830
173412836784350696
155122040633706117
172052837283647902
169953517167590184
144286379829805405
129831589726156889
149213290592811985
161513910529446713
170113284074651916
91486337024126104
174457212814892192
146284873626004645
127777621501326281
148800500460500385
150390894308557700
139746695578142872
142044928914022327
133604988203699371
158558474145784181
167774501511588767
160045897205780502
158921371069072960
130682823597480549
110758797083179724
153397831303392398
147657187010995792
168151244953586431
146968349601773787
165891242140940344
156254288174024384
138729629328939139
148334788335145921
165257625614985359
121967940523533685
151483338797908806
177355638489160501
146947402531952191
193267767713276634
151471152439621859
184048233136988679
168747152866859689
131554270899039514
151787741591955306
176165721732154740
146978153165266658
214240375836189658
155707194039360523
148698774049389451
147787560970513200
129316834220069152
175483886364468384
137722016548156868
148868494392574093
139730302100453794
137164673787196326
140418876466562139
138534851183162971
172303155475930945
151424106044045600
157518947702060788
181021885110404804
136082825714847276
157165731306858442
153066008735076223
147870491328348640
145677343236053674
176018260569250665
142364563204391438
176622174302421460
154055634976828858
142589229991787448
148146319466861349
165172872601982470
152442421362725857
188705668698309832
146554527541215407
128479020312464362
152806248377286640
155031574501949084
149984264783360460
157557874927284766
197712361628765046
168696033648546089
131286930492213889
145617003650534862
136226632796928949
163112685987125972
147747040249492732
175071169991921962
143771800651953359
143726887409875420
136560681620875006
166625421120138899
165631549733220500
144195047731293047
156319547492093278
141134321146102699
175913800046840658
149211553119688056
150845832170860361
169202732196118543
145805526799351348
164768923541461303
166334269061571768
153384938374638189
203035328668450892
160590880606793313
154219202704373119
156813435857058816
137779083891076628
181808418688087584
143159923585960930
139912679256396610
139104028535427151
142690233171167478
146394008552792642
149374458018969628
161640162372033117
153130335850006006
164583253813786732
147474998902480942
150176457573967962
156881995532437026
142890832703519552
169758590709970581
199983014983878129
151101760313308182
149430385426998137
142505168008491336
170584968875868989
161211305631098828
