4.949631214141845703125
6.511635303497314453125
5.784763336181640625
4.89191722869873046875
5.046405792236328125
4.255006313323974609375
4.704568386077880859375
5.5295848846435546875
5.06823635101318359375
5.384001255035400390625
4.229379177093505859375
4.904627323150634765625
4.8210124969482421875
4.448286533355712890625
5.174413204193115234375
6.697203159332275390625
4.9671878814697265625
4.968189716339111328125
4.856746673583984375
4.6886157989501953125
4.97322940826416015625
5.592357635498046875
4.80327606201171875
5.09890079498291015625
4.36620330810546875
6.401139736175537109375
7.015990734100341796875
5.0376796722412109375
4.704993724822998046875
4.7672023773193359375
4.44124507904052734375
4.99584102630615234375
5.07760143280029296875
4.849444866180419921875
5.387989521026611328125
4.465120792388916015625
4.71437835693359375
4.646143436431884765625
4.010895252227783203125
5.27559375762939453125
5.042829990386962890625
6.421046733856201171875
4.560857295989990234375
5.7145709991455078125
4.837228298187255859375
5.141898632049560546875
4.868503093719482421875
5.35233783721923828125
4.9369964599609375
4.6110439300537109375
4.305945873260498046875
4.943287372589111328125
5.736971378326416015625
5.19516658782958984375
4.48127651214599609375
4.16656208038330078125
5.26296901702880859375
5.741033077239990234375
5.742035388946533203125
5.451244354248046875
4.9767360687255859375
5.37230396270751953125
5.0981540679931640625
4.65520763397216796875
5.719707489013671875
4.4388599395751953125
4.543915271759033203125
5.002868175506591796875
5.40674877166748046875
5.65885448455810546875
5.548043727874755859375
5.093978404998779296875
4.99253559112548828125
4.95476531982421875
4.669408321380615234375
5.137061595916748046875
5.0693874359130859375
5.322219371795654296875
4.351011753082275390625
4.808341503143310546875
4.71475982666015625
4.305395603179931640625
5.133218288421630859375
5.687911510467529296875
5.01206302642822265625
5.3766422271728515625
4.720919132232666015625
5.909737110137939453125
5.208663463592529296875
4.54992008209228515625
4.924082279205322265625
4.70034313201904296875
5.37408542633056640625
5.602590084075927734375
5.23622226715087890625
4.634919643402099609375
4.92510509490966796875
4.651725292205810546875
4.50473785400390625
4.64820194244384765625
6.013374805450439453125
4.89947032928466796875
4.7698497772216796875
6.20211887359619140625
5.535197734832763671875
5.319072246551513671875
5.256563663482666015625
5.64266490936279296875
4.823505401611328125
4.84217166900634765625
4.7986392974853515625
4.69916534423828125
4.482784271240234375
4.409421443939208984375
5.8915462493896484375
5.1862354278564453125
6.127562999725341796875
5.929684162139892578125
5.24500274658203125
5.25181674957275390625
5.5685482025146484375
4.7306232452392578125
5.12093448638916015625
5.777874469757080078125
5.1151580810546875
4.65515804290771484375
5.168441295623779296875
5.1116809844970703125
4.067304134368896484375
5.485301971435546875
5.511939525604248046875
4.494598388671875
4.692279815673828125
4.5426464080810546875
5.1013965606689453125
4.843681812286376953125
4.7042083740234375
5.919802188873291015625
5.2513294219970703125
5.394939422607421875
5.37502002716064453125
5.010610103607177734375
5.563213348388671875
4.74307346343994140625
4.98382091522216796875
5.01331806182861328125
5.204291820526123046875
4.703312397003173828125
5.20891857147216796875
3.8679935932159423828125
4.933059215545654296875
