4.677944183349609375
4.6602394580841064453125
4.6774158477783203125
4.6603076457977294921875
4.703206539154052734375
4.6384909152984619140625
4.698068141937255859375
4.6510608196258544921875
4.6296367645263671875
4.6283977031707763671875
4.6592586040496826171875
4.614002704620361328125
4.6356017589569091796875
4.6309125423431396484375
4.5267779827117919921875
4.538389682769775390625
4.5168783664703369140625
4.5589601993560791015625
4.6408431529998779296875
4.5660407543182373046875
4.5732276439666748046875
4.531989574432373046875
4.5280067920684814453125
4.5510151386260986328125
4.6075794696807861328125
4.57676601409912109375
4.5745422840118408203125
4.5851535797119140625
4.581216335296630859375
4.5633866786956787109375
4.62513637542724609375
4.5538289546966552734375
4.633220195770263671875
4.62303638458251953125
4.655346393585205078125
4.65937137603759765625
4.5767939090728759765625
4.589185237884521484375
4.5544197559356689453125
4.5620009899139404296875
4.58312225341796875
4.608616352081298828125
4.65576648712158203125
4.61276531219482421875
4.626634120941162109375
4.609365940093994140625
4.6400873661041259765625
4.59052276611328125
4.541648387908935546875
4.5262062549591064453125
4.540445804595947265625
4.5297222137451171875
4.5771076679229736328125
4.54924297332763671875
4.51964855194091796875
4.5062713623046875
4.6024053096771240234375
4.5879347324371337890625
4.5951297283172607421875
4.5812053680419921875
4.5961954593658447265625
4.59052181243896484375
4.59879302978515625
4.6068742275238037109375
4.6398570537567138671875
4.6074416637420654296875
4.6189205646514892578125
4.59420871734619140625
4.60456562042236328125
4.5982782840728759765625
4.5676043033599853515625
4.64221096038818359375
4.5136573314666748046875
4.546255588531494140625
4.5400445461273193359375
4.50696659088134765625
4.5225887298583984375
4.462815761566162109375
4.5057852268218994140625
4.5749542713165283203125
4.523264408111572265625
4.5222189426422119140625
4.5123164653778076171875
4.5142004489898681640625
4.5175836086273193359375
4.484753131866455078125
4.5260746479034423828125
4.4950182437896728515625
4.665707111358642578125
4.7047092914581298828125
4.6970589160919189453125
4.6619045734405517578125
4.69284892082214444286591970012523233890533447265625
4.633436679840087890625
4.6326458454132080078125
4.586696624755859375
4.606069087982177734375
4.6101315021514892578125
4.6235496997833251953125
4.6048004627227783203125
4.586609363555908203125
4.5812675952911376953125
4.64293384552001953125
4.6029336452484130859375
4.6092951297760009765625
4.62583160400390625
4.661062717437744140625
4.5862181186676025390625
4.555509090423583984375
4.531210422515869140625
4.52584075927734375
4.5772552490234375
4.5907647609710693359375
4.5224788188934326171875
4.5240936279296875
4.5407826900482177734375
4.4845192432403564453125
4.51604557037353515625
4.5059497356414794921875
4.5166800022125244140625
4.5172917842864990234375
4.4690873622894287109375
4.4795424938201904296875
4.6012704372406005859375
4.6571714878082275390625
4.6351401805877685546875
4.63012599945068359375
4.6444423198699951171875
4.5980675220489501953125
4.6384398937225341796875
4.46107578277587890625
4.5176656246185302734375
4.4992840290069580078125
4.4956786632537841796875
4.5169312953948974609375
4.4973623752593994140625
4.4888207912445068359375
4.5576078891754150390625
4.532616138458251953125
4.5249330997467041015625
4.548109531402587890625
4.6021976470947265625
4.532251834869384765625
4.572432041168212890625
4.57275676727294921875
4.5606606006622314453125
4.555599212646484375
4.5387427806854248046875
4.578870296478271484375
4.564465045928955078125
4.5381448268890380859375
