0.4098160285592638008012045247596688568592071533203125
0.3794102622348187736633917666040360927581787109375
0.33218504898716461060104165881057269871234893798828125
0.351538641154759634588344852090813219547271728515625
0.365266496115340177919250663762795738875865936279296875
0.40836043997882143230526708066463470458984375
0.3808022925401381986176829741452820599079132080078125
0.34162763450772193341009597133961506187915802001953125
0.36798333222453372126636850225622765719890594482421875
0.362937804070290248592556281437282450497150421142578125
0.42540866638005903066499513442977331578731536865234375
0.310871034917933386498845038659055717289447784423828125
0.390054287385714903990674429223872721195220947265625
0.403530884905581588295575556912808679044246673583984375
0.366104191728130745620006791796186007559299468994140625
0.325064134779419811049905320032848976552486419677734375
0.377918423246115964264646436276962049305438995361328125
0.358183495783594041395048179765581153333187103271484375
0.33744108674380945966930767099256627261638641357421875
0.4363387874343007677424566281842999160289764404296875
0.3899057094365729891904948090086691081523895263671875
0.340131761188686543295744968418148346245288848876953125
0.327201475236154892822781903305440209805965423583984375
0.38007002061905037493261261261068284511566162109375
0.385833514845840053197889574221335351467132568359375
0.404644750727673419010699262798880226910114288330078125
0.41627913822776252406043795417645014822483062744140625
0.3829315833474111752110502493451349437236785888671875
0.346774367141472639186616788720129989087581634521484375
0.4311020932493765389637019325164146721363067626953125
0.36839153121940160229286220783251337707042694091796875
0.384764362972338014312612131107016466557979583740234375
0.389547269568373100145919352144119329750537872314453125
0.376296891692440793608653848423273302614688873291015625
0.3886807086404588940098392413347028195858001708984375
0.42161620863225202082702480765874497592449188232421875
0.406763945439193530528854125805082730948925018310546875
0.344621910696251199102135842622374184429645538330078125
0.419157712250310898749461330226040445268154144287109375
0.350515888652284612891918413879466243088245391845703125
0.3762286690529610400091087285545654594898223876953125
0.4040663306548226696435222038417123258113861083984375
0.36548415026656655424375230722944252192974090576171875
0.4366191052404129191444326352211646735668182373046875
0.357966017721719376165623316410346888005733489990234375
0.42111542493278186771732407578383572399616241455078125
0.39094086682698014900694261086755432188510894775390625
0.407850587068451286842929448539507575333118438720703125
0.4060120361988168724565184675157070159912109375
0.416280884677243612213004553268547169864177703857421875
0.375163460534032877635723934872657991945743560791015625
0.299411104634884406294759173761121928691864013671875
0.3620579034325357437040793229243718087673187255859375
0.3751142181754840709828613398713059723377227783203125
0.413261641579833138848698581568896770477294921875
0.320552769119939406916586221996112726628780364990234375
0.38543050287205904425036351312883198261260986328125
0.325228663396786077388611602145829237997531890869140625
0.393938957484155360955213609486236236989498138427734375
0.328284763871687201852722637340775690972805023193359375
0.38117727390730304914967518925550393760204315185546875
0.38793659679751490987342776861623860895633697509765625
0.391668661740937118498351310336147435009479522705078125
0.3984124501852137623103544683544896543025970458984375
0.373305871016897883318819140185951255261898040771484375
0.317782185732997268790001044180826283991336822509765625
0.359428206730900201559819606700330041348934173583984375
0.3575298338784715923566182027570903301239013671875
0.409579357434858959408074952079914510250091552734375
0.3930971155483808932018519044504500925540924072265625
0.35923042261938586960923203150741755962371826171875
0.417394825443383965524191125950892455875873565673828125
0.3901970612111422820333928029867820441722869873046875
0.399602733632805406926991054206155240535736083984375
0.3656232725079007206403503005276434123516082763671875
0.4480682223266894137481131110689602792263031005859375
0.42102639344985226532713795677409507334232330322265625
0.3835591742264552461705306996009312570095062255859375
0.388739397522154916941872215829789638519287109375
0.368217478519566820960307040877523832023143768310546875
0.33570673384795046700901366421021521091461181640625
0.439331370659115705290531650462071411311626434326171875
0.3911386279217854422540767700411379337310791015625
0.336599042118330193940067829316831193864345550537109375
0.38786539714933898626014752153423614799976348876953125
0.363314384399369638689591965885483659803867340087890625
0.360135228802290707772471023417892865836620330810546875
0.3831898007378262693833903540507890284061431884765625
0.348361956145175233334754238967434503138065338134765625
0.3554823904181276805758216141839511692523956298828125
0.3992639981297452234088041223003529012203216552734375
0.402532598335423152935419466302846558392047882080078125
0.30782691038498699587222517948248423635959625244140625
0.34382777288420995898121645950595848262310028076171875
0.3455873464088707880392803417635150253772735595703125
0.404055248696512270267788835553801618516445159912109375
0.356666351445559914878913332358933985233306884765625
0.332355850875907410379994644245016388595104217529296875
0.389793651138288066437809220587951131165027618408203125
0.41965398106227358443476305183139629662036895751953125
0.367646829612097658657177134955418296158313751220703125
0.33236942614503972581729840385378338396549224853515625
0.400137216027186326527953497134149074554443359375
0.409412627248100735588565157740958966314792633056640625
0.356352617720604725182198535549105145037174224853515625
0.41552355972288645968859555068775080144405364990234375
0.2748293931534468992339270698721520602703094482421875
0.381825731033696380567477035583578981459140777587890625
0.36819656423256474919725178551743738353252410888671875
0.416238324972633633169749600710929371416568756103515625
0.3914199524720822775947226546122692525386810302734375
0.388496241044705481471055463771335780620574951171875
0.37923557785855965818200274952687323093414306640625
0.35659951845213555543523398227989673614501953125
0.385026148239016763330511139429290778934955596923828125
0.320656007529265707489685155451297760009765625
0.3878541642491459828789857056108303368091583251953125
0.377514435558534422465726265727425925433635711669921875
0.378098966842560668677464263964793644845485687255859375
0.3790358079134905633367225163965485990047454833984375
0.382310435256864256103881416493095457553863525390625
0.3526671525545024277192851513973437249660491943359375
0.333697484361007157271927781039266847074031829833984375
0.365724004286495929516576097739744000136852264404296875
0.35431340299610980526523462685872800648212432861328125
0.360500926118174469525712311224197037518024444580078125
0.383923977336511346170055958282318897545337677001953125
0.3919453334374480846236110664904117584228515625
0.4230133982362958011691489446093328297138214111328125
0.394605292122202744309333866112865507602691650390625
0.313715730000494963380930357743636704981327056884765625
0.42497677178349746451857527063111774623394012451171875
0.394367596387504348864894154758076183497905731201171875
0.41895912915381183783125607078545726835727691650390625
0.381993709836088657372243915233411826193332672119140625
0.4347575224345587852070593726239167153835296630859375
0.38043707872784360279894144696299917995929718017578125
0.38201207180186169676261442873510532081127166748046875
0.2739919014463449986607201935839839279651641845703125
0.373928570445069663463755205157212913036346435546875
0.2618482558948611593763189375749789178371429443359375
0.36236900134884908464272257333504967391490936279296875
0.416535437889722415238935582237900234758853912353515625
0.38132268912678080052813811562373302876949310302734375
0.367739794281345122595183738667401485145092010498046875
0.3462134624935941928924876265227794647216796875
0.391304643824155251596863536178716458380222320556640625
0.37578300774770934111757014761678874492645263671875
0.417406401019255912654415396900731138885021209716796875
0.330029056188850533626322203417657874524593353271484375
0.368517654110166514858093478324008174240589141845703125
