0.999598681926727294921875
0.999776661396026611328125
0.99899768829345703125
0.999795496463775634765625
0.999546051025390625
0.99957573413848876953125
0.999701321125030517578125
0.99969828128814697265625
0.999713480472564697265625
0.99968039989471435546875
0.994932353496551513671875
0.998324334621429443359375
0.9997355937957763671875
0.993859946727752685546875
0.999381482601165771484375
0.994358241558074951171875
0.9979007244110107421875
0.999719083309173583984375
0.99971449375152587890625
0.999624311923980712890625
0.999822676181793212890625
0.9989926815032958984375
0.9990251064300537109375
0.99849796295166015625
0.99930322170257568359375
0.99877226352691650390625
0.9992325305938720703125
0.999768316745758056640625
0.99963092803955078125
0.999662935733795166015625
0.99878871440887451171875
0.999721944332122802734375
0.9994184970855712890625
0.99975836277008056640625
0.999693334102630615234375
0.9976928234100341796875
0.994293689727783203125
0.999683439731597900390625
0.999497711658477783203125
0.9994628429412841796875
0.999731123447418212890625
0.99932384490966796875
0.999099552631378173828125
0.99963283538818359375
0.99945032596588134765625
0.999568164348602294921875
0.999631822109222412109375
0.9992101192474365234375
0.99948179721832275390625
0.999664008617401123046875
0.999721109867095947265625
0.999018251895904541015625
0.99944436550140380859375
0.998465120792388916015625
0.98933756351470947265625
0.999646008014678955078125
0.999337732791900634765625
0.999594509601593017578125
0.998504579067230224609375
0.999716460704803466796875
0.998139083385467529296875
0.99923217296600341796875
0.99970805644989013671875
0.99945068359375
0.998889446258544921875
0.999443948268890380859375
0.999835968017578125
0.99979126453399658203125
0.995264351367950439453125
0.9991455078125
0.9994351863861083984375
0.999563753604888916015625
0.999099671840667724609375
0.999657690525054931640625
0.99967801570892333984375
0.999653995037078857421875
0.99926102161407470703125
0.999745070934295654296875
0.99966084957122802734375
0.999648869037628173828125
0.99431860446929931640625
0.99961340427398681640625
0.999548614025115966796875
0.990748584270477294921875
0.999554097652435302734375
0.999538123607635498046875
0.9994008541107177734375
0.999531269073486328125
0.999524891376495361328125
0.99954164028167724609375
0.999571740627288818359375
0.99956166744232177734375
0.9997088909149169921875
0.999371826648712158203125
0.9989168643951416015625
0.99981629848480224609375
0.999597370624542236328125
0.999276697635650634765625
0.999607622623443603515625
0.994916021823883056640625
0.998932898044586181640625
0.9993736743927001953125
0.99986469745635986328125
0.9998052120208740234375
0.998655736446380615234375
0.998075306415557861328125
0.999494016170501708984375
0.99968850612640380859375
0.99964654445648193359375
0.99928987026214599609375
0.9996192455291748046875
0.99692976474761962890625
0.998788416385650634765625
0.99970543384552001953125
0.999585688114166259765625
0.99916160106658935546875
0.99385964870452880859375
0.9989349842071533203125
0.999828517436981201171875
0.999587833881378173828125
0.999597847461700439453125
0.999041974544525146484375
0.996990501880645751953125
0.999731838703155517578125
0.999608695507049560546875
0.992099285125732421875
0.99982154369354248046875
0.999693572521209716796875
0.999719798564910888671875
0.9986722469329833984375
0.99882805347442626953125
0.99964153766632080078125
0.999633014202117919921875
0.99947273731231689453125
0.99957406520843505859375
0.999732494354248046875
0.99927771091461181640625
0.999803006649017333984375
0.999822795391082763671875
0.999584376811981201171875
0.999584019184112548828125
0.99976599216461181640625
0.999314248561859130859375
0.999639451503753662109375
0.9994175434112548828125
0.999589383602142333984375
0.9983470439910888671875
0.9994823932647705078125
0.99971675872802734375
0.999472916126251220703125
0.999513804912567138671875
