1.5960192680358888939196049250313080847263336181640625
1.579405307769775390625
1.5934526920318603515625
1.6669676303863523170178950749686919152736663818359375
1.677157878875732421875
1.6650383472442626953125
1.66488742828369140625
1.6770446300506591796875
1.5703127384185791015625
1.6003839969635009765625
1.712445735931396484375
1.69151782989501953125
1.694521427154541015625
1.6894016265869140625
1.6957962512969970703125
1.7069442272186279296875
1.603522777557373046875
1.610774517059326171875
1.651849269866943359375
1.6753029823303224876696049250313080847263336181640625
1.6584408283233644798571049250313080847263336181640625
1.652877330780029296875
1.6573817729949951171875
1.6408030986785888671875
1.5559673309326171875
1.590753078460693359375
1.6731989383697509765625
1.66339015960693359375
1.663429737091064453125
1.66635036468505859375
1.6593756675720217064196049250313080847263336181640625
1.6499462127685549095446049250313080847263336181640625
1.5898857116699220970446049250313080847263336181640625
1.6092088222503662109375
1.6644723415374755859375
1.6934821605682373046875
1.6982932090759275123303950749686919152736663818359375
1.678310394287109375
1.66283702850341796875
1.6596086025238037109375
1.590603351593017578125
1.5934658050537109375
1.6748156547546388939196049250313080847263336181640625
1.6763007640838623046875
1.6618230342864990234375
1.66706943511962890625
1.6693155765533447265625
1.6683850288391111060803950749686919152736663818359375
1.6492092609405517578125
1.5887961387634275123303950749686919152736663818359375
1.73131084442138671875
1.7255959510803224876696049250313080847263336181640625
1.7281529903411863013928950749686919152736663818359375
1.7490227222442626953125
1.7244231700897216796875
1.716769695281982421875
1.6350958347320556640625
1.617826938629150390625
1.6296274662017822265625
1.644538402557373046875
1.64989471435546875
1.6534087657928469017321049250313080847263336181640625
1.6405131816864013671875
1.6372509002685549095446049250313080847263336181640625
1.6576044559478759765625
1.6627607345581056907946049250313080847263336181640625
1.6577441692352294921875
1.655672550201416015625
1.664047718048095703125
1.65426349639892578125
1.6466243267059326171875
1.64118671417236328125
1.57905673980712890625
1.5716998577117919921875
1.6663968563079833984375
1.6661036014556884765625
1.64334201812744140625
1.6713409423828125
1.653903484344482421875
1.6734831333160400390625
1.6055257320404052734375
1.583307743072509765625
1.73138713836669921875
1.7100467681884765625
1.7039587497711181640625
1.7110176086425779029553950749686919152736663818359375
1.7035040855407717064196049250313080847263336181640625
1.70103549957275390625
1.575340747833251953125
1.579161167144775390625
1.6977558135986328125
1.69813632965087890625
1.690389156341552734375
1.6889851093292236328125
1.6904609203338623046875
1.6068305969238279029553950749686919152736663818359375
1.630004405975341796875
1.6570875644683837890625
1.65497303009033203125
1.6533296108245849609375
1.6516258716583251953125
1.6509807109832763671875
1.5713136196136476829821049250313080847263336181640625
1.5647013187408447265625
1.6820695400238037109375
1.682941913604736328125
1.6764626502990724876696049250313080847263336181640625
1.6754753589630126953125
1.6711084842681884765625
1.6171257495880126953125
1.6069982051849363013928950749686919152736663818359375
1.7049081325531005859375
1.7176494598388671875
1.709938526153564453125
1.7040159702301023170178950749686919152736663818359375
1.701675891876220703125
1.5636208057403564453125
1.5998942852020263671875
1.7201106548309326171875
1.712365627288818359375
1.7055380344390869140625
1.7006754875183103248303950749686919152736663818359375
1.694474697113037109375
1.6079041957855224609375
1.6186773777008056640625
1.6742274761199951171875
1.6902024745941162109375
1.6716053485870359107678950749686919152736663818359375
1.6756217479705810546875
1.6563127040863037109375
1.58857822418212890625
1.5943138599395751953125
1.7212793827056884765625
1.7178013324737548828125
1.726009845733642578125
1.7064189910888671875
1.7286908626556396484375
1.6005613803863523170178950749686919152736663818359375
1.59860515594482421875
1.691864490509033203125
1.6847453117370603248303950749686919152736663818359375
1.6851193904876708984375
1.6846334934234619140625
1.6850011348724363013928950749686919152736663818359375
1.5915164947509765625
1.55991077423095703125
1.682637691497802734375
1.7137434482574462890625
1.705947399139404296875
1.713475704193115234375
1.699985504150390625
