0.002330099
0.023606265
0.02190561
0.0016537588
0.09222
0.0019145181
0.002912596
0.004138193
0.01455859
0.01446205
0.58393323
5.318909e-05
0.0056973645
0.0015606997
0.0012848196
0.00012514094
0.49638906
0.0012122332
0.0037398234
0.012759327
0.0016225888
0.006761621
0.0012980817
0.15495844
0.016694235
0.04796694
0.0032000972
0.002598957
0.0005966718
0.0005029742
0.16355659
0.019438926
0.0006989506
0.00019505291
0.00473304
0.8840507
0.11899954
0.00057765626
0.0014142802
0.00010910401
0.0035430975
0.00037953054
0.0072488817
0.001206259
0.0024325217
0.004373262
0.0029762757
0.35752803
6.165675e-05
0.007065211
7.7326076e-05
0.012775631
0.0006945075
0.005629639
0.10721237
0.0027852997
0.0016936532
0.0016426946
0.22070739
0.00044904716
0.009716984
0.009336125
0.0033095982
0.0010984825
0.00062585576
0.0073727695
0.0067844866
0.054577444
0.18362196
0.00042917926
0.00797242
0.0024992968
0.08743965
0.00049681665
0.12647937
0.00071538606
0.0676127
1.2145923e-05
0.0029063576
0.03333585
0.81732744
0.6354499
0.0011159247
0.0017955527
0.0015862149
0.0071282433
0.0004698695
0.0026149983
0.014035347
0.0018300224
0.003995663
4.113467e-05
0.0047589014
0.0009803962
0.008236374
0.1193752
0.009616505
0.5862333
0.0009421707
0.47317252
0.012924842
0.05165888
0.0012941686
0.002654885
0.001743344
0.0010780244
0.013679436
0.0014474948
0.015933873
0.00072659674
0.0010903657
0.017876532
0.018415153
0.00030734466
0.0024401925
0.0012054796
0.018787373
0.026359383
0.06358078
0.0049653
0.00897787
0.015883004
0.00307479
0.00047651594
0.0013513506
0.0762347
0.003847804
0.0032215065
6.220877e-05
0.030303681
0.00027862727
0.00075464154
0.001968003
0.0072504804
0.004913035
0.0006799882
0.010660716
0.004029639
0.001187074
0.0024033978
0.21748675
0.0014379985
0.0045806756
0.002157857
0.05478728
0.0025190492
0.0006873553
0.003649341
0.0029359586
0.0059929295
0.003803448
