0.42760383815934932538738166840630583465099334716796875
0.3868815108727641227659432843211106956005096435546875
0.37612395919331509386296374941593967378139495849609375
0.371184454980598210749320742252166382968425750732421875
0.406421618602605005943217975072911940515041351318359375
0.421895822380230101078524285185267217457294464111328125
0.394548220967371909839727095459238626062870025634765625
0.33769886617355349134328434956842102110385894775390625
0.426055737930541023050778903780155815184116363525390625
0.39101633836581861647374580570613034069538116455078125
0.42423524911078669408226460291189141571521759033203125
0.3423446917788712795527317211963236331939697265625
0.36604303781416691609962299480685032904148101806640625
0.353463158286620393599974931930773891508579254150390625
0.402744223802469603068487913333228789269924163818359375
0.3457032486441840024582461410318501293659210205078125
0.39144031333075168799240373118664138019084930419921875
0.344242554785279375462181405964656732976436614990234375
0.38023396033848089192730412833043374121189117431640625
0.422423976364126818605626567659783177077770233154296875
0.369754550816706883953344231485971249639987945556640625
0.349085465506895176179824602513690479099750518798828125
0.3466490752423430077300281482166610658168792724609375
0.403707031533183380300755516145727597177028656005859375
0.405717413797894776994468202246935106813907623291015625
0.408633331185367987270495859775110147893428802490234375
0.409801768109083475177811806133831851184368133544921875
0.395319668245972699605061961847241036593914031982421875
0.37771969161327867414712500249152071774005889892578125
0.419655004548919574602905413485132157802581787109375
0.3860366262606194087680933080264367163181304931640625
0.42014203464057597869896198972128331661224365234375
0.41294679279334189914152375422418117523193359375
0.392442589011929687803359456665930338203907012939453125
0.386002462120364098208114000954083167016506195068359375
0.398531657119839011205186807274003513157367706298828125
0.413516679128379804897264193641603924334049224853515625
0.363136645105052002779899567030952312052249908447265625
0.408285066200210600140252381606842391192913055419921875
0.372095766882399703323613948668935336172580718994140625
0.40002178858099968206119001479237340390682220458984375
0.408743946980703209970187117505702190101146697998046875
0.421228749703071780885466068866662681102752685546875
0.43880239092773509756995053976424969732761383056640625
0.376354520957846883089104039754602126777172088623046875
0.418997715965937711501965168281458318233489990234375
0.385840363856361279193407654020120389759540557861328125
0.396566446813587714093074509946745820343494415283203125
0.40583506672992408770284100683056749403476715087890625
0.42522681084303781684496925663552246987819671630859375
0.361722368663938309563121720202616415917873382568359375
0.340557412309163975994152906423551030457019805908203125
0.37778067494651168534147700484027154743671417236328125
0.413105893307141480708111203057342208921909332275390625
0.37846516223957238356234711318393237888813018798828125
0.345500870676051896612790415019844658672809600830078125
0.423547516456477313173678567181923426687717437744140625
0.3405042208261674918645667275995947420597076416015625
0.4111253753886388029314957748283632099628448486328125
0.31599931314036411311718666183878667652606964111328125
0.408629421035496875891368517841328866779804229736328125
0.31180447490518370390333302566432394087314605712890625
0.4206143594330151724847155492170713841915130615234375
0.39122870116184371713785594693035818636417388916015625
0.360468900534668124091552954268991015851497650146484375
0.3238750156585776807105503394268453121185302734375
0.393399881209070600984745169625966809689998626708984375
0.373293953184012206047981408119085244834423065185546875
0.4031826564812373003832135509583167731761932373046875
0.389817092427253208963833230882300995290279388427734375
0.38406488329620902533179105375893414020538330078125
0.4238550641205041102921313722617924213409423828125
0.40718506187875080915006265058764256536960601806640625
0.42773716734715361287300083859008736908435821533203125
0.391442316519919508710501077075605280697345733642578125
0.4261338804549266168208987437537871301174163818359375
0.43342620402058640305398284908733330667018890380859375
0.38760726400281131365233022734173573553562164306640625
0.41595322077917840086769274421385489404201507568359375
0.384523288376288074896791613355162553489208221435546875
0.35964000241901039611747137314523570239543914794921875
0.4497810352505478004303540728869847953319549560546875
0.3864331670821681274929915161919780075550079345703125
0.38789467489859197346646624282584525644779205322265625
0.38080817603666738957457482683821581304073333740234375
0.38367225906947688418568986890022642910480499267578125
0.328370349497513924763580916987848468124866485595703125
0.396403035483416099626907680431031621992588043212890625
0.341428617262729827697143036857596598565578460693359375
0.38387613286896338227194291903288103640079498291015625
0.424635683002153374587805956252850592136383056640625
0.404930609298940813456368914557970128953456878662109375
0.368916759303735519726075153812416829168796539306640625
0.359150929565075605065516128888702951371669769287109375
0.35484025985210110309964193220366723835468292236328125
0.399821893295069397122887266959878616034984588623046875
0.32323352848362019162919978043646551668643951416015625
0.381809854225552525175402251988998614251613616943359375
0.3867950210148574097246410019579343497753143310546875
0.45271580726374238690112861149827949702739715576171875
0.372962569285968881249715423109591938555240631103515625
0.345596941801385393322476602406823076307773590087890625
0.401471669749717319231052670147619210183620452880859375
0.420299392150290718195293493408826179802417755126953125
0.376252247072920209536306401787442155182361602783203125
0.418126717974152517509622839497751556336879730224609375
0.381645430457043077776546624590991996228694915771484375
0.42241130802112458741959244434838183224201202392578125
0.36051301698476667656478866774705238640308380126953125
0.412888872056890121609029620231012813746929168701171875
0.395604961309284519632711862868745811283588409423828125
0.399702274275853197682550899116904474794864654541015625
0.37080035387281251590962938280426897108554840087890625
0.394768768016537874299132226951769553124904632568359375
0.40784254749102777370950434487895108759403228759765625
0.373681158687498904402701782601070590317249298095703125
0.40757683854756898700344436292652972042560577392578125
0.3786350757331768956959194838418625295162200927734375
0.41318286320676678169405704466043971478939056396484375
0.391759621368755805992378782320884056389331817626953125
0.37738603849249319210912290145643055438995361328125
0.37227123376123161246908921384601853787899017333984375
0.35308543601387498700461264888872392475605010986328125
0.375134304436815002592453538454719819128513336181640625
0.3912449837496871918318674943293444812297821044921875
0.36389957777978698683085667653358541429042816162109375
0.382947622029969403367744007482542656362056732177734375
0.413168343222751699439498906940571032464504241943359375
0.41429371404794801403426163233234547078609466552734375
0.358880101528539607880219364233198575675487518310546875
0.34769863623142038822066979264491237699985504150390625
0.410893168195893887517655684860073961317539215087890625
0.42858439080017129985122892321669496595859527587890625
0.402439087474813994571576358794118277728557586669921875
0.388477879774899503839691305984160862863063812255859375
0.398235649430445926011401525101973675191402435302734375
0.410264218408941727656014109015814028680324554443359375
0.35872533364827730029134045253158546984195709228515625
0.35732454855361350798403918815893121063709259033203125
0.367023234060641190268370337435044348239898681640625
0.314699457183663600101652946250396780669689178466796875
0.341924519463219611647986084790318273007869720458984375
0.4101879756587341052664896778878755867481231689453125
0.38169561219617909042511882944381795823574066162109375
0.401687392957822686501145881265983916819095611572265625
0.348213754540250608471296800416894257068634033203125
0.398223236608767405808606554273865185678005218505859375
0.381238801761698109515918986289761960506439208984375
0.420804652193727590780980563067714683711528778076171875
0.308994857156737412484659444089629687368869781494140625
0.338834252132494906373239018648746423423290252685546875
