46.3604131493710127642771112732589244842529296875
42.35006565612605555770642240531742572784423828125
55.48196389050637122863918193615972995758056640625
39.28224707151168360041992855258285999298095703125
49.0872743401292979115169146098196506500244140625
36.20040644509071370293895597569644451141357421875
38.88476725743736750473544816486537456512451171875
41.899516057253322287579067051410675048828125
49.05009331046630904893390834331512451171875
46.92525971835983256141844321973621845245361328125
35.1622498191064778438885696232318878173828125
46.88675221573405593744610087014734745025634765625
55.85238235183997090871343971230089664459228515625
44.85939775713340083029834204353392124176025390625
39.6697569955887274772976525127887725830078125
42.2409631724193559421109966933727264404296875
37.28988060873536625194901716895401477813720703125
37.69275066962446629759142524562776088714599609375
49.1901548712953768927036435343325138092041015625
41.68091402331470618491948698647320270538330078125
39.97184448299193348930202773772180080413818359375
51.31520233504352290765382349491119384765625
36.0722761193159158210619352757930755615234375
41.121390067898943243562825955450534820556640625
42.10845861955541380439171916805207729339599609375
48.1340146071544410233400412835180759429931640625
54.15289918830405468952449155040085315704345703125
38.404377101531935068123857490718364715576171875
44.27444046576453473562651197426021099090576171875
42.85341791283473611429144511930644512176513671875
45.4530473557507974646796355955302715301513671875
44.93429106123524974236715934239327907562255859375
45.9562622964758844545940519310534000396728515625
44.72348655891852331478730775415897369384765625
58.263153726479430360996047966182231903076171875
35.32647311285519009516065125353634357452392578125
47.74156316837087388194049708545207977294921875
49.35844646354853892944447579793632030487060546875
44.59472751817094149373588152229785919189453125
41.665050593882284601932042278349399566650390625
49.28774732935880820150487124919891357421875
43.28805561734407092444598674774169921875
42.2190568524207066047893022187054157257080078125
39.6266731844095971837305114604532718658447265625
41.1778658978033007542762788943946361541748046875
54.3541888365885057510240585543215274810791015625
44.83144325349501713162680971436202526092529296875
39.90600050717358726615202613174915313720703125
42.1650175671482685402224888093769550323486328125
45.03725362678346044731370056979358196258544921875
47.398078585818637975535239093005657196044921875
39.20174443539553266191433067433536052703857421875
45.31575405810644241455520386807620525360107421875
50.632278761152747392770834267139434814453125
39.15089607807016847118575242348015308380126953125
38.009324160577847351305535994470119476318359375
49.2538451081141630538695608265697956085205078125
44.58136656633001848604180850088596343994140625
53.4342270819924038960380130447447299957275390625
41.83925540221304117949330247938632965087890625
41.9937818098439521463660639710724353790283203125
42.73166809651304021144824218936264514923095703125
50.87954930795120134234821307472884654998779296875
46.49353101168717472546632052399218082427978515625
38.3608755311409908017594716511666774749755859375
46.16173011743190812694592750631272792816162109375
43.936105590962569067414733581244945526123046875
49.61063813799645316748865297995507717132568359375
41.6479759760285475067576044239103794097900390625
40.2215941318684286898132995702326297760009765625
44.12111666344525673366661067120730876922607421875
46.09573210514707852780702523887157440185546875
43.42868305009972829111575265415012836456298828125
43.53468842309524688971578143537044525146484375
42.03335299161579285964762675575911998748779296875
47.437563329161122283039730973541736602783203125
40.5400301404852143605239689350128173828125
42.6369056581537648753510438837110996246337890625
43.46664640182239480736825498752295970916748046875
41.02166801621155656221162644214928150177001953125
42.12599301854893241170429973863065242767333984375
41.0650116717050792658483260311186313629150390625
42.73662276309278951202941243536770343780517578125
42.46711188386189661514436011202633380889892578125
48.9850538716299439556678407825529575347900390625
41.0235355593700745657770312391221523284912109375
43.9295490954484790790957049466669559478759765625
41.9069157241525402923798537813127040863037109375
45.48820250447113977543267537839710712432861328125
42.94555273455555521877613500691950321197509765625
37.26685886660113311563691240735352039337158203125
38.745544913935958675210713408887386322021484375
52.57051154428955186403982224874198436737060546875
41.21186906522907378302988945506513118743896484375
45.12319757216102544816749286837875843048095703125
40.14076989853992216694678063504397869110107421875
41.0920436350855169393980759195983409881591796875
47.16301442762739526415316504426300525665283203125
42.48681903544429161456719157285988330841064453125
34.780979235463433951736078597605228424072265625
47.66996839851787370889724115841090679168701171875
41.8872519754699368377259816043078899383544921875
51.18320176901188034435108420439064502716064453125
53.8227030060398448085834388621151447296142578125
47.9667974723844992013255250640213489532470703125
45.18260528095101591361526516266167163848876953125
41.63203429468196503648869111202657222747802734375
45.58434439252092573724439716897904872894287109375
40.84202041182243902994741802103817462921142578125
42.76842381848366159147190046496689319610595703125
40.65198121974021461255688336677849292755126953125
51.7950608242688730342706548981368541717529296875
46.03003243030878621766532887704670429229736328125
47.9681690873616162207326851785182952880859375
42.260527327715095680105150677263736724853515625
40.8256772337141029538543079979717731475830078125
47.96410390239606869045019266195595264434814453125
46.7532356802346242830026312731206417083740234375
39.37530371802868245367790223099291324615478515625
44.3064847954012890340891317464411258697509765625
52.245813032337224512957618571817874908447265625
46.5459261430313659957391791976988315582275390625
39.3663704379802226185347535647451877593994140625
51.447078244817248560138978064060211181640625
47.42702859173261487057970953173935413360595703125
40.239010622397785255088820122182369232177734375
43.78584195792694799820310436189174652099609375
40.25614644126852681438322179019451141357421875
40.20800226509306440902946633286774158477783203125
47.4251417450535512898568413220345973968505859375
44.21059745257996809186806785874068737030029296875
39.95226348979397101857102825306355953216552734375
40.32832127282182455019210465252399444580078125
36.378947674706552106727031059563159942626953125
46.07633331658701791866405983455479145050048828125
45.69701991080000880174338817596435546875
50.2868410127916121155067230574786663055419921875
46.91105205215662721229818998835980892181396484375
38.71462953259214856416292604990303516387939453125
43.3919962865019357423079782165586948394775390625
42.92307849599139757401644601486623287200927734375
44.53267237562285885132951079867780208587646484375
39.28019124413679463714288431219756603240966796875
39.49264143834383133935261867009103298187255859375
40.7335452545580238847833243198692798614501953125
44.72647151915426633195238537155091762542724609375
45.44141456841557413781629293225705623626708984375
47.1501086303998846460672211833298206329345703125
45.60976809896968831026242696680128574371337890625
43.98841053501005404768875450827181339263916015625
38.28153749332161481788716628216207027435302734375
