0.334165778553443981735426859813742339611053466796875
0.386672306982035696165667104651220142841339111328125
0.25883940417893291918716158761526457965373992919921875
0.388866882701149829681952496684971265494823455810546875
0.0730527359112941587770961859860108233988285064697265625
0.423731774248989057074510355960228480398654937744140625
0.4004807191469883509427063472685404121875762939453125
0.343578867991101433165823664239724166691303253173828125
0.0919124654971369137168579754870734177529811859130859375
0.13181178394072634585398873241501860320568084716796875
0.30496017742892755908457047553383745253086090087890625
0.1570276231178721892955962857740814797580242156982421875
0.379576373446352144380711024496122263371944427490234375
0.333786782782562407856374875336769036948680877685546875
0.231174923972602586186297912718146108090877532958984375
0.312676085211063325974834015141823329031467437744140625
0.307258196102657088477627667089109309017658233642578125
0.2337815651650070325473507182323373854160308837890625
0.2334797106970157021255118934277561493217945098876953125
0.388301189123244017142866368885734118521213531494140625
0.448903075283691055386015023032086901366710662841796875
0.306761359517750353820275677207973785698413848876953125
0.38531428759884234214183607036829926073551177978515625
0.426898733546180964015803738220711238682270050048828125
0.3763420430468589206185470175114460289478302001953125
0.406305546137292805664031902779242955148220062255859375
0.50799879337761610909041110062389634549617767333984375
0.33284795466603800395688494973001070320606231689453125
0.382794804656440057488708816890721209347248077392578125
0.31079971102646541947223113311338238418102264404296875
0.39023958894031818278591572379809804260730743408203125
0.29982887644042122143872575179557316005229949951171875
0.2078921358191016810490481248052674345672130584716796875
0.237622972925036257674236139791901223361492156982421875
0.354833089003563195706902888559852726757526397705078125
0.3478899460573463553458850583410821855068206787109375
0.2437440451370627425564663326440495438873767852783203125
0.2437960833372927182960410164014319889247417449951171875
0.37790351264034949263503904148819856345653533935546875
0.26894783679251943464549867712776176631450653076171875
0.3411514650042632990079027877072803676128387451171875
0.3391065032247038146806517033837735652923583984375
0.268077972245522155869679181705578230321407318115234375
0.3672383991394776447947378983371891081333160400390625
0.411265947698651601616148809625883586704730987548828125
0.50413638728589937887392125048791058361530303955078125
0.477948481250181356205786187274497933685779571533203125
0.358143086312487202160781407656031660735607147216796875
0.51246783750567914683671233433415181934833526611328125
0.3818147836561414099065814298228360712528228759765625
0.2965889657593177020089569850824773311614990234375
0.134391826112644052759748092285008169710636138916015625
0.421988474218267739512810976520995609462261199951171875
0.2066014231606453643852461254937225021421909332275390625
0.4082117985205986343544282135553658008575439453125
0.354202089341308867798119308645254932343959808349609375
0.340730597721269956590361971393576823174953460693359375
0.306620905827614531613534154530498199164867401123046875
0.41698174842713420229500798086519353091716766357421875
0.38406686824355762421845383869367651641368865966796875
0.3400951437793915399510069619282148778438568115234375
0.371009425393942604554098352309665642678737640380859375
0.395776621328293887192018019050010479986667633056640625
0.458123532478777184540064126849756576120853424072265625
0.381985880769536711998313194271759130060672760009765625
0.378325813501416419182277195432106964290142059326171875
0.286069334326716495642273230259888805449008941650390625
0.349682781168076439737291138953878544270992279052734375
0.4503210621240720801239376669400371611118316650390625
0.260740610826016128154236639602459035813808441162109375
0.28291165268399953713895911278086714446544647216796875
0.3118000253567478896599141080514527857303619384765625
0.31145610646932786469420761932269670069217681884765625
0.331075754095351226791166254770359955728054046630859375
0.3467155994198700685871017412864603102207183837890625
0.490439692556047746041514301396091468632221221923828125
0.360424861966073872832083679895731620490550994873046875
0.43691464856035777675202780301333405077457427978515625
0.32871247841405948353354915525414980947971343994140625
0.360367695936135545853318262743414379656314849853515625
0.19478906190912403939563546373392455279827117919921875
0.481143186443854398159913898780359886586666107177734375
0.466604527391335788255588568063103593885898590087890625
0.25430409309185819655141358452965505421161651611328125
0.34067153716595921508769606589339673519134521484375
0.27729628095833713796736219592276029288768768310546875
0.344621119348822391170727996723144315183162689208984375
0.336931031550766035831401268296758644282817840576171875
0.326766185815828169580754547496326267719268798828125
0.344762590748066199974886103518656454980373382568359375
0.348209002073997353488010730870882980525493621826171875
0.426147536931051007513815420679748058319091796875
0.2420705713387670543479401885633706115186214447021484375
0.3411567190808117988609637905028648674488067626953125
0.44241169736009255952779994913726113736629486083984375
0.399647036574307390477400758754811249673366546630859375
0.2430938299491065823776381193965789861977100372314453125
0.213947313731753407939351063760113902390003204345703125
0.372734356888477835756390277310856617987155914306640625
0.428894432206530284990009249668219126760959625244140625
0.44187456171523586956340068354620598256587982177734375
0.30747668775308845123817036437685601413249969482421875
0.40899638076978461764809935630182735621929168701171875
0.353242530522232811573957178552518598735332489013671875
0.27329908530856472648196131558506749570369720458984375
0.3638003146137231968992864494794048368930816650390625
0.10374339766079899993744817265906021930277347564697265625
0.335338178783961715634376332673127762973308563232421875
0.31930565196967097829627846294897608458995819091796875
0.43697069001296762191799416541471146047115325927734375
0.34948165723736768217833059679833240807056427001953125
0.338085112963763589899457429055473767220973968505859375
0.343547520423275187795297824777662754058837890625
0.315833117794089346386243732922594062983989715576171875
0.280390132524652557766131621974636800587177276611328125
0.256371147965495260745427685833419673144817352294921875
0.298378089056468731588012133215670473873615264892578125
0.4565865779454434392192752056871540844440460205078125
0.40598410974605070311582721842569299042224884033203125
0.407135491022286022388954052075860090553760528564453125
0.41666532404350065110776313304086215794086456298828125
0.300021937218807155378641482457169331610202789306640625
0.3144363213360843456456450439873151481151580810546875
0.31245064371666597669019438399118371307849884033203125
0.395326115677116896041098925707046873867511749267578125
0.308423636515671895086398990315501578152179718017578125
0.4145002642242372470349209834239445626735687255859375
0.33894945078558291751136266611865721642971038818359375
0.404894596141422369317552920620073564350605010986328125
0.368935631564773824919711842085234820842742919921875
0.256127995249392004240007736370898783206939697265625
0.440023461866678011755737998100812546908855438232421875
0.373653745739411513593353220130666159093379974365234375
0.396230671100263498463078803979442454874515533447265625
0.23416819286079892936669466507737524807453155517578125
0.440759636322344050540777971036732196807861328125
0.372587191975906562024789536735625006258487701416015625
0.373106456923903928579733246806426905095577239990234375
0.075498646101383570794496336020529270172119140625
0.410771843599215535913771191189880482852458953857421875
0.0655612863786075028560418331835535354912281036376953125
0.36028669483228703551702665208722464740276336669921875
0.454871671101813868087759828995331190526485443115234375
0.297465297636952008542010617020423524081707000732421875
0.353969587863535217753252481998060829937458038330078125
0.389712823011358289182481939860736019909381866455078125
0.4686104852276102850083816520054824650287628173828125
0.493667125601873479912029551996965892612934112548828125
0.374367587139258883865977622917853295803070068359375
0.301880861755504381616077580474666319787502288818359375
0.39630060293530622317348388605751097202301025390625
