4065
3747
16816
3324
6809
6062
5011
4491
4807
5333
60529
10680
4366
101625
8639
83467
28277
3431
4497
4239
2975
11743
9135
23179
11690
18304
12041
3558
4727
3476
16148
3910
8031
3972
5072
27506
95435
2566
5959
7288
4459
7744
9998
6160
7738
6846
3995
13252
8002
4551
4361
16471
7888
25405
8660
5909
9748
4045
23577
4694
26307
12165
3978
8486
11266
8876
1486
3433
72544
6154
7167
6917
12282
4878
4590
5456
11991
4277
4144
5891
95318
6486
7573
139706
6635
5127
8408
7300
5367
5588
7185
6114
4884
9234
10262
2928
6309
10028
6190
75547
15370
10508
2206
3043
20719
32291
6148
5226
3586
5553
4874
48538
20327
4583
4365
12872
75699
9136
2877
6485
6222
15786
39399
3972
6565
121007
2708
3925
3820
18227
19662
5449
4866
8846
5843
4366
12118
2923
2800
5762
6903
2947
11097
4859
9675
5824
20071
7595
4752
7205
6798
