9.3817596435546875
9.2255232334136962890625
9.4578249454498273252056605997495353221893310546875
9.8285958766937255859375
9.3407652378082275390625
9.3076546192169207216693394002504646778106689453125
9.4185066223144513486431605997495353221893310546875
9.3471906185150164247943394002504646778106689453125
9.427448749542236328125
9.291724681854248046875
9.3427698612213117002056605997495353221893310546875
9.3691399097442644716693394002504646778106689453125
9.49005031585693359375
9.359016895294189453125
9.5093796253204363466693394002504646778106689453125
9.56665897369384765625
9.727232456207275390625
9.1117036342620831845806605997495353221893310546875
9.39330196380615234375
9.47819805145263671875
9.3376626968383806826068394002504646778106689453125
9.3099389076232927919818394002504646778106689453125
9.0754725933074951171875
9.2348821163177472470806605997495353221893310546875
9.44575405120849609375
8.993893146514892578125
9.700755596160888671875
9.398044586181640625
9.2281076908111554502056605997495353221893310546875
9.432439327239990234375
9.4248106479644775390625
9.2603015899658203125
9.3752593994140625
9.334111690521240234375
9.2649486064910888671875
9.5428459644317644716693394002504646778106689453125
9.3764083385467511533306605997495353221893310546875
9.7475450038909912109375
8.9773104190826416015625
9.586905956268310546875
9.3209068775177001953125
8.9883248805999755859375
9.3099813461303728701068394002504646778106689453125
9.6058468818664568544818394002504646778106689453125
9.5921952724456804872943394002504646778106689453125
9.3718345165252685546875
9.1971642971038818359375
9.4757053852081298828125
9.5356240272521954892681605997495353221893310546875
9.6147649288177472470806605997495353221893310546875
9.257432460784912109375
9.6056077480316162109375
9.37545490264892578125
9.4549438953399658203125
9.49815082550048828125
9.2457203865051287294818394002504646778106689453125
9.7253863811492919921875
9.362323284149169921875
9.466335773468017578125
9.5308711528778076171875
9.2420670986175537109375
9.623276233673095703125
9.1487872600555419921875
9.548499584197998046875
9.0407876968383806826068394002504646778106689453125
9.1140363216400164247943394002504646778106689453125
9.4890964031219482421875
9.1595985889434796689556605997495353221893310546875
9.4492967128753662109375
9.525459766387939453125
9.3882758617401123046875
9.2517771720886248232318394002504646778106689453125
9.159345149993896484375
9.601906299591064453125
9.5728814601898193359375
9.4749791622161882997943394002504646778106689453125
9.3408048152923583984375
9.4143707752227783203125
9.3343994617462158203125
9.4823119640350341796875
9.5726549625396728515625
9.479156970977783203125
9.58826541900634765625
9.6034777164459246279193394002504646778106689453125
9.66385746002197265625
9.4746303558349591611431605997495353221893310546875
9.36358356475830078125
9.395349025726318359375
9.4707362651824951171875
9.185265064239501953125
9.33054828643798828125
9.1514894962310808779193394002504646778106689453125
9.405108928680419921875
9.5741379261016845703125
9.3401429653167724609375
9.6427066326141357421875
9.2460858821868896484375
9.61358356475830078125
9.3925273418426513671875
9.345035552978515625
9.6073768138885498046875
9.2573745250701904296875
9.7450387477874755859375
9.2619316577911376953125
9.40510463714599609375
9.103748321533203125
9.4337866306304913877056605997495353221893310546875
9.6832993030548095703125
9.5115182399749755859375
9.6471309661865234375
9.2892186641693115234375
9.4227790832519513486431605997495353221893310546875
9.3462193012237566591693394002504646778106689453125
9.3522853851318359375
9.5423982143402099609375
9.179540157318115234375
9.46677875518798828125
9.580338001251220703125
9.534768581390380859375
9.4765746593475341796875
9.5760564804077166201068394002504646778106689453125
9.1780869960784912109375
9.454322338104248046875
9.610347747802734375
9.588641643524169921875
9.2882378101348876953125
9.4459040164947527529193394002504646778106689453125
9.257385730743408203125
9.2140343189239501953125
9.383038043975830078125
9.4567191600799560546875
9.4056642055511474609375
9.3305957317352294921875
9.50439453125
9.3412363529205322265625
9.453499317169189453125
9.2502210140228271484375
9.65485668182373046875
9.2596268653869646669818394002504646778106689453125
9.501395702362060546875
9.4436595439910888671875
9.549571990966796875
9.3678224086761474609375
9.3192288875579833984375
9.5930626392364501953125
9.3435904979705792783306605997495353221893310546875
9.3900005817413312314556605997495353221893310546875
9.4830915927886962890625
9.1497871875762939453125
9.339215755462646484375
9.3503153324127197265625
