9.68439960479736328125
13.65121936798095703125
10.80454349517822265625
9.61889171600341796875
7.61631107330322265625
7.105334758758544921875
8.180042266845703125
11.16073513031005859375
9.70941257476806640625
11.0756683349609375
7.48895740509033203125
9.174900054931640625
9.4906902313232421875
9.69604206085205078125
10.189823150634765625
17.033031463623046875
10.7640590667724609375
10.56869029998779296875
9.50348758697509765625
11.187252044677734375
12.23153018951416015625
9.84242725372314453125
9.50031566619873046875
12.63420772552490234375
6.58472537994384765625
12.0269641876220703125
18.5705108642578125
12.0609226226806640625
8.051052093505859375
11.6972808837890625
11.84433078765869140625
11.039249420166015625
9.05076694488525390625
8.6549816131591796875
13.8883380889892578125
8.50866603851318359375
7.98628139495849609375
11.967525482177734375
10.508403778076171875
10.7587871551513671875
11.00604534149169921875
15.51749420166015625
10.17926025390625
11.30736827850341796875
9.8643703460693359375
12.02062225341796875
8.44155025482177734375
11.386627197265625
9.71304607391357421875
9.40827846527099609375
9.340831756591796875
10.17864990234375
11.1754856109619140625
9.5815143585205078125
8.66337490081787109375
7.17410755157470703125
9.8864841461181640625
8.73656558990478515625
10.03409862518310546875
13.20824527740478515625
11.5714874267578125
10.65435791015625
13.751445770263671875
11.66951847076416015625
11.82125377655029296875
7.364098072052001953125
9.62105464935302734375
9.956745147705078125
12.58580112457275390625
11.02869892120361328125
11.7911357879638671875
12.4528980255126953125
12.55945491790771484375
10.03668689727783203125
8.981616973876953125
10.52372646331787109375
10.5239734649658203125
11.48217868804931640625
10.1155376434326171875
11.7185459136962890625
9.45888996124267578125
7.426285266876220703125
11.43156528472900390625
13.2774982452392578125
11.832363128662109375
9.5602054595947265625
9.388195037841796875
12.24996185302734375
12.3993434906005859375
7.54567432403564453125
9.2289791107177734375
9.03165721893310546875
13.071559906005859375
14.174289703369140625
10.1672210693359375
10.83641338348388671875
12.07062530517578125
10.0251312255859375
8.23822689056396484375
10.72943878173828125
9.53224277496337890625
9.85219478607177734375
11.694103240966796875
11.55253887176513671875
12.92613983154296875
15.75544643402099609375
9.079982757568359375
10.1516208648681640625
10.65451717376708984375
11.8899078369140625
8.9815235137939453125
10.8091106414794921875
10.58322811126708984375
8.2494716644287109375
13.069988250732421875
9.66741466522216796875
13.77746868133544921875
10.9359283447265625
10.2531452178955078125
10.4581317901611328125
11.60913562774658203125
10.3044528961181640625
9.97014522552490234375
11.25339508056640625
10.39142704010009765625
9.76061534881591796875
9.99335956573486328125
9.20265674591064453125
7.2817020416259765625
11.54555797576904296875
10.24795246124267578125
9.1677227020263671875
9.4067707061767578125
10.27000522613525390625
10.93470287322998046875
8.02721309661865234375
8.62970447540283203125
11.7301959991455078125
8.236053466796875
9.48859119415283203125
9.99540615081787109375
9.51747608184814453125
10.28432178497314453125
7.82870769500732421875
9.9349727630615234375
10.76389312744140625
12.43806362152099609375
7.481984615325927734375
9.03627681732177734375
8.95435428619384765625
8.99719524383544921875
