0.326509363343526481937573180402978323400020599365234375
0.37067293375743248784459638045518659055233001708984375
0.262572529422894274109268053507548756897449493408203125
0.396580755412370200563287880868301726877689361572265625
0.0957953972946334053606420866344706155359745025634765625
0.43668862454337598055786884287954308092594146728515625
0.41953483228831378593071121940738521516323089599609375
0.347562405428141818486409420074778608977794647216796875
0.09154729983537179816011075672577135264873504638671875
0.11684494184169129382677709827476064674556255340576171875
0.312664359257480095610759462942951358854770660400390625
0.155314477885938495571593875865801237523555755615234375
0.3864398907502504254551922713289968669414520263671875
0.33337445263604481571206861190148629248142242431640625
0.2050128406684453008512747373970341868698596954345703125
0.312804838901047099763985670506372116506099700927734375
0.306807993635353992711856108144274912774562835693359375
0.242859867730794987128462025793851353228092193603515625
0.2203853652938702889496624948151293210685253143310546875
0.388803831533281185617312303293147124350070953369140625
0.45965570417533430092049684390076436102390289306640625
0.30284096900179380273954166113981045782566070556640625
0.390295596081883411354596091769053600728511810302734375
0.43632296206168119656609860612661577761173248291015625
0.3767475999486948889938275897293351590633392333984375
0.40514131618993898253933139130822382867336273193359375
0.514487687721681741237489404738880693912506103515625
0.32190985735829380498529417309327982366085052490234375
0.387373015477815607621181470676674507558345794677734375
0.30155304099613389201550717189093120396137237548828125
0.377782422504554293851697366335429251194000244140625
0.31893163535181290324516112377750687301158905029296875
0.21427635258966670761537898215465247631072998046875
0.231524705634957694844189290961367078125476837158203125
0.36532583715197419760301045243977569043636322021484375
0.35232053212244507367501000771881081163883209228515625
0.23392246566697150189639842210453934967517852783203125
0.242331848827769091858641559156239964067935943603515625
0.391322003123413975078648263661307282745838165283203125
0.2741803040539216862470084379310719668865203857421875
0.349757879482855693620280135291977785527706146240234375
0.356328515904486609056078805224387906491756439208984375
0.27228029267418918379917158745229244232177734375
0.374070814810392227034441248179064132273197174072265625
0.399136737522258311372524985927157104015350341796875
0.499280808248758589673599317393382079899311065673828125
0.479142536285039610799429965481976978480815887451171875
0.373603335825939797398831387909012846648693084716796875
0.52005472181756962068988059399998746812343597412109375
0.38771920711382257263011297254706732928752899169921875
0.2986170795893026141953896512859500944614410400390625
0.132130552977077986298581890878267586231231689453125
0.42718952479450689185824785454315133392810821533203125
0.2012857898019599911521027024718932807445526123046875
0.4125792491407900275390829847310669720172882080078125
0.35899130774832210821756461882614530622959136962890625
0.325934089580111996387046247036778368055820465087890625
0.311971270624290308859372089500539004802703857421875
0.4185920527063202722928281218628399074077606201171875
0.376315046685792686798066597475553862750530242919921875
0.3331522699932258912980387322022579610347747802734375
0.36767514266023149094309019346837885677814483642578125
0.405480590499121273939664433783036656677722930908203125
0.46499165581142498648858918386395089328289031982421875
0.380838900363686783112626699221436865627765655517578125
0.36882428532995981118602912829373963177204132080078125
0.295923988142145988344822171711712144315242767333984375
0.353216743063129390289844877770519815385341644287109375
0.458896259812471674077727357143885456025600433349609375
0.28295711580987659150565605159499682486057281494140625
0.278505551320064326237258001128793694078922271728515625
0.324878674681423174064320846810005605220794677734375
0.31896520070586031891934908344410359859466552734375
0.33763743860493200532602031671558506786823272705078125
0.350275227797339494539841098230681382119655609130859375
0.50513410713509099281282033189199864864349365234375
0.374218884077200220072967340456671081483364105224609375
0.45341832627511091668992548875394277274608612060546875
0.33408274863979270374869656734517775475978851318359375
0.348564913192820402532134949069586582481861114501953125
0.1984088440346065962405219806896639056503772735595703125
0.481454452959067580319896251239697448909282684326171875
0.488299931031896783384382842996274121105670928955078125
0.260495081275053885772052808533771894872188568115234375
0.35328897035465589571145983427413739264011383056640625
0.2778631588263082985434948568581603467464447021484375
0.348974483772697297023768214785377494990825653076171875
0.33502843656173608710702183088869787752628326416015625
0.318947754663050309087424238896346651017665863037109375
0.343884626805733895071881534022395499050617218017578125
0.3310498173671849730936855848995037376880645751953125
0.440360147337124419042453382644453085958957672119140625
0.2453528056349509878231174297980032861232757568359375
0.340902140110925178095868659511324949562549591064453125
0.451553494824407708474467426640330813825130462646484375
0.403738550472995172402335128936101682484149932861328125
0.2445325907495737027819160402941633947193622589111328125
0.22508625232981749331173659811611287295818328857421875
0.38210498503487422272684170820866711437702178955078125
0.422997280853275314793648931299685500562191009521484375
0.45047064973707862112206612437148578464984893798828125
0.312716484440158704050105598071240819990634918212890625
0.40711696564489729954772201381274498999118804931640625
0.359205749175160293784614395917742513120174407958984375
0.28187514547159409072918379024486057460308074951171875
0.363425978893484880050124274930567480623722076416015625
0.1025438780774833025244419104637927375733852386474609375
0.34412636536529550568275226396508514881134033203125
0.3170332165688309888906815103837288916110992431640625
0.44035162604581812306747679031104780733585357666015625
0.33786606239499328285802448590402491390705108642578125
0.337872684328896777383732796806725673377513885498046875
0.35592778106542477534190993537777103483676910400390625
0.323721849433861008638046996566117741167545318603515625
0.27414386939195078962683282952639274299144744873046875
0.265766207537397491922348535808851011097431182861328125
0.29707124429298492618300997492042370140552520751953125
0.452309799823486013981010955831152386963367462158203125
0.41305864716276319281718087950139306485652923583984375
0.402095181207431817682618202525191009044647216796875
0.420700184386416486947979365140781737864017486572265625
0.28782191167621451466374082883703522384166717529296875
0.315565993248200893361854468821547925472259521484375
0.319814402733677394241595948187750764191150665283203125
0.40151205763773079038259083972661755979061126708984375
0.302557128632494787279227921317215077579021453857421875
0.42130940599348509767452242158469744026660919189453125
0.330645210074808681977032165377750061452388763427734375
0.401082703546374375047633975555072538554668426513671875
0.35361497157029930793470384742249734699726104736328125
0.2664113262172786988912775996141135692596435546875
0.44488035396616198990926704937010072171688079833984375
0.367919894277224102108192482774029485881328582763671875
0.38926829668272677764662148547358810901641845703125
0.2365259673870795109618114793192944489419460296630859375
0.426277936626613118686890402386779896914958953857421875
0.369731762239976280426390076172538101673126220703125
0.3783450840525774960809712865739129483699798583984375
0.08298438789349109334647636160298134200274944305419921875
0.403260560527170908162730711410404182970523834228515625
0.058551209084404899629650032011340954340994358062744140625
0.37059161015206909528529877206892706453800201416015625
0.45133732059245879053577255035634152591228485107421875
0.299756829736594287982853757057455368340015411376953125
0.35511033636551780912071762941195629537105560302734375
0.385910970279885301437161615467630326747894287109375
0.46230273622089679275148910164716653525829315185546875
0.495137702603195506423361393899540416896343231201171875
0.3684568019540244154796937436913140118122100830078125
0.29159547871143587371989269740879535675048828125
0.40341923260707390763712965053855441510677337646484375
