0.27726945
0.32555252
0.49521577
0.28904653
0.2630535
0.25902674
0.23106767
0.24502249
0.22873761
0.27912238
0.23684703
0.21169023
0.2647156
0.34153357
0.24963461
0.30102137
0.2699371
0.20763545
0.33304077
0.23988627
0.30577058
0.29938772
0.26258463
0.2530379
0.2825973
0.3019097
0.31023115
0.27152547
0.257633
0.2579864
0.25564754
0.23668909
0.23350912
0.25148818
0.26684633
0.24172617
0.21631487
0.27136245
0.2396078
0.2237861
0.25389844
0.32497507
0.27068993
0.29832903
0.26104662
0.47635967
0.23230913
0.2515577
0.2557787
0.22781105
0.23075521
0.25036475
0.30128393
0.26337153
0.23628497
0.27513608
0.23681863
0.22801979
0.34053424
0.25508454
0.33157733
0.3014893
0.3073976
0.23181659
0.43472552
0.21610665
0.2517165
0.27487352
0.23365395
0.21507518
0.25374487
0.2517241
0.26196146
0.2340077
0.23081742
0.25523004
0.24080975
0.25997916
0.22247244
0.26315907
0.26512265
0.25725222
0.23126043
0.30989864
0.2885721
0.3299727
0.29279518
0.25069514
0.25910917
0.22305174
0.25499564
0.24177884
0.2702457
0.2703914
0.2983054
0.3342831
0.27752486
0.26913124
0.2836388
0.22309242
0.2592184
0.28553116
0.27836007
0.2961165
0.25517714
0.33909312
0.25679138
0.28671122
0.2650323
0.25322565
0.24103186
0.29984435
0.29165018
0.2033829
0.27901423
0.27026203
0.27722913
0.31649807
0.27613392
0.33494422
0.29460147
0.22271867
0.25561056
0.27518588
0.27054104
0.21420178
0.2444662
0.3222329
0.22620049
0.32065812
0.2761126
0.19655173
0.25561926
0.22264524
0.24258216
0.28073448
0.24319543
0.3197878
0.29014152
0.2412145
0.24534151
0.24414168
0.3211646
0.22071269
0.27061442
0.28241822
0.36705062
0.30321306
0.22474566
0.19668287
0.2248264
