9.112729
10.904136
5.886187
6.721078
8.255733
9.944529
8.09872
3.9495873
7.339621
5.883201
7.4909477
8.745165
4.978065
5.176855
8.499229
5.3088064
7.118116
6.2587786
8.412673
6.7272515
5.8078303
6.4354153
5.0550942
8.434843
7.660266
7.178481
7.9177136
8.335352
5.103172
7.484188
7.1772346
6.9819326
8.516056
7.5847874
7.7698183
11.096031
7.5519953
7.8341107
9.453383
8.842625
7.728351
3.8930068
8.105885
12.871055
6.7306376
6.5342264
11.613945
6.943886
6.351426
6.6046243
7.629203
7.9769974
5.7420273
5.447269
8.140462
7.4997144
8.327748
8.142388
6.720495
8.3407955
6.407516
8.191319
4.79995
7.5804987
5.9101753
3.926077
7.056939
5.473558
6.6497884
5.885367
11.453819
8.419484
8.092557
10.714471
6.762507
5.8247323
8.024825
8.325531
7.031589
6.599789
7.858344
6.197003
4.296029
6.027717
6.2732854
4.2751284
4.2215095
4.238716
8.329693
5.4036684
7.397089
9.409537
4.733492
5.9130507
7.9175277
4.4837775
5.9016323
6.7073154
6.6259217
7.987266
62.420116
8.1463995
7.755487
6.278319
8.20961
11.293119
5.8263507
8.57271
8.219685
9.016348
5.1197376
7.305418
7.1798053
7.332551
7.4486604
4.6396275
8.551551
6.8242803
5.1469584
8.257492
4.881911
9.3324375
10.099335
8.559098
6.8754716
8.71128
7.1198206
7.2623053
8.552123
4.3942695
6.91935
12.782839
7.9045477
6.063757
4.424923
7.6843295
7.9134603
6.6634912
6.4755497
5.4564915
4.274648
5.983202
4.968578
8.609205
5.4263725
5.387445
6.9839015
7.9789014
5.841615
7.7579794
4.8051267
