4.6593410968780517578125
4.684551239013671875
4.68063831329345703125
4.666028499603271484375
4.7050588130950927734375
4.658850193023681640625
4.67828083038330078125
4.6613776683807373046875
4.54821491241455078125
4.59938144683837890625
4.637706756591796875
4.577984333038330078125
4.607161998748779296875
4.613226413726806640625
4.5912749767303466796875
4.5597684383392333984375
4.5865457057952880859375
4.5576343536376953125
4.6285521984100341796875
4.6150362491607666015625
4.591396808624267578125
4.5985658168792724609375
4.6063690185546875
4.5593378543853759765625
4.62715816497802734375
4.608175754547119140625
4.584370136260986328125
4.607347965240478515625
4.6233079433441162109375
4.573540210723876953125
4.6141293048858642578125
4.6284027099609375
4.720684528350830078125
4.7075779438018798828125
4.674141407012939453125
4.6639730930328369140625
4.6362152099609375
4.61821651458740234375
4.604064464569091796875
4.6548054218292236328125
4.67296504974365234375
4.6483137607574462890625
4.62827396392822265625
4.644432544708251953125
4.642754077911376953125
4.65691375732421875
4.6336128711700439453125
4.6179444789886474609375
4.662297725677490234375
4.5713808536529541015625
4.5582187175750732421875
4.573606014251708984375
4.5579502582550048828125
4.5488650798797607421875
4.574993610382080078125
4.5583374500274658203125
4.6365172863006591796875
4.6443417072296142578125
4.6466639041900634765625
4.6746523380279541015625
4.6513569355010986328125
4.5935380458831787109375
4.6112196445465087890625
4.6121828556060791015625
4.59578990936279296875
4.6502869129180908203125
4.6287992000579833984375
4.6714804172515869140625
4.6581671237945556640625
4.6956970691680908203125
4.6104362010955810546875
4.6186215877532958984375
4.5548572540283203125
4.5553834438323974609375
4.5181462764739990234375
4.54264736175537109375
4.5363399982452392578125
4.5065181255340576171875
4.50051021575927734375
4.500370025634765625
4.5527973175048828125
4.5175950527191162109375
4.519077301025390625
4.5361330509185791015625
4.531551837921142578125
4.519298076629638671875
4.5460503101348876953125
4.5326535701751708984375
4.6914536952972412109375
4.7159349918365478515625
4.67116641998291015625
4.678836822509765625
4.7838866710662841796875
4.6609332561492919921875
4.693109989166259765625
4.6109511852264404296875
4.621325016021728515625
4.6057560443878173828125
4.6204540729522705078125
4.6456243991851806640625
4.614440441131591796875
4.63068389892578125
4.638234615325927734375
4.6971380710601806640625
4.6522910594940185546875
4.6332309246063232421875
4.6442477703094482421875
4.5635395050048828125
4.6288797855377197265625
4.640081882476806640625
4.5517737865447998046875
4.5699331760406494140625
4.548312664031982421875
4.5881116390228271484375
4.545137882232666015625
4.60268497467041015625
4.51124858856201171875
4.4865367412567138671875
4.5196211338043212890625
4.484857082366943359375
4.4978504180908203125
4.5417139530181884765625
4.5363590717315673828125
4.6706707477569580078125
4.6530635356903076171875
4.642680644989013671875
4.6883757114410400390625
4.6570680141448974609375
4.6392600536346435546875
4.6519381999969482421875
4.508106708526611328125
4.5163457393646240234375
4.5315077304840087890625
4.5378093719482421875
4.496243000030517578125
4.503201007843017578125
4.5488359928131103515625
4.52822971343994140625
4.5497000217437744140625
4.598724365234375
4.5916883945465087890625
4.613371372222900390625
4.5544469356536865234375
4.5595433712005615234375
4.5925571918487548828125
4.61459064483642578125
4.596762180328369140625
4.5679996013641357421875
4.54882335662841796875
4.5417816638946533203125
4.598377227783203125
