101.83903
104.09562
109.34477
81.400826
108.32285
96.52601
84.68897
99.25048
104.27958
101.07842
102.26561
102.628815
93.34557
112.71316
95.91239
111.37707
81.57755
84.606155
97.1142
87.28189
66.292465
115.80898
99.19474
95.80635
85.72933
72.99045
102.219925
87.68433
107.9276
81.2243
105.2697
101.2148
76.7793
82.150345
87.40601
102.22549
126.60391
83.37858
90.607216
86.6268
96.48685
107.31524
103.48639
105.65227
98.08535
90.247765
105.776474
102.111015
72.11229
70.86982
96.47243
98.026306
84.21228
114.33984
103.020004
118.64593
100.79947
86.31853
89.71343
92.877884
86.316574
92.81217
92.41913
109.004425
120.33208
92.96041
103.01866
73.72185
90.37752
112.525215
89.1831
114.70917
118.086975
92.50485
74.50972
85.80454
93.940025
105.732315
102.15665
90.608345
92.44434
82.29143
98.134895
76.59101
104.99222
103.78609
102.354126
103.845474
88.388535
80.10777
115.399216
88.78822
102.69481
103.97536
88.87182
86.59453
80.1441
114.733246
118.1632
105.724724
114.21657
118.394585
96.78343
91.340805
81.39001
114.15311
97.83606
94.08236
104.06191
103.13681
92.726006
79.82392
90.91537
93.328094
112.06866
108.57548
132.24469
98.562065
95.06734
94.454315
99.64922
98.12835
91.75479
75.024414
98.21377
93.00124
76.70671
94.69914
89.13642
113.308716
87.32535
91.487335
113.44364
98.84495
115.447296
80.14628
119.26584
97.78499
85.86004
102.35897
104.013596
85.58814
129.91989
92.71471
122.390045
116.955925
115.84
87.76092
110.5935
99.53867
98.56762
