153086584431260.4375
143869881406698.375
161342963025384.5
153538724219463.8125
159238549606550.5625
132977667949426.0625
135648849294337.625
158922029354925.5625
150136104728645.625
151260077082609.4375
165462093531242.625
164623985832765.625
143565687216872.8125
150501030331397.0625
150360376775266.5625
166796918139689.625
148273546752610.5
150179695255950.1875
155092278674412.4375
151448233991861.8125
154558625015780.0625
142977220022449.4375
153860935345264.25
152372393158114.875
155992666782771.5625
151093315161407.75
152387261660380.75
141215447365571.6875
147733107902344.1875
150375352202186
151627647352434
163810526256805.25
142164712263784.3125
154279270857406.875
153343398689330.375
157202934837896.5
155701087988098.25
151952186667071.375
149761493326228.25
147116952896765.0625
162806865071595.125
136816193657495.625
142917049859880.8125
151461023755515.875
158292499476398.375
160447108087838.4375
147472035756274.5
150202162197762.8125
149031597249422.5625
150755974127937.3125
153241602372698.75
145626295181725.375
148196421716711.9375
158840312858884
163309663164245.125
144754432531088.1875
153738156168346
151606433289342.25
161336192998635.9375
167070570875027.5625
139669726816373.1875
146981796663691.0625
158064269499106.25
142322097150097
159667539227551
134611396246208.75
166287316494762.9375
156025138167500.625
140054039355102.75
147195435556636.3125
157105444413715.0625
140855827480261.75
151019377322673.25
162768313711024.6875
159176328303633.5
143166102306598.5625
141505132336819.25
143124112586278.8125
138768134482090.9375
167367387956543.5
152202414965893.125
160719394830915.4375
152001488821238.9375
136031394614486.4375
158634732816283.75
162052126630165.5
156820636795716
133419537668083.0625
146298375292520.875
161924101140167.625
132141671023332.9375
157639490511831.625
143330519430589.8125
158981515852514.75
165346400134473.3125
140658989814594.5625
137604787469780.75
149007095199331.375
148905752273316.6875
145099635978617.5625
143525289458736.9375
163251238375225.3125
134423549970876.375
160760627277763.5625
160098032685017.375
157856349950984.0625
146441406234011.6875
150599862458655.5625
156234535341004.8125
150628844584659.625
166505756745225
151616600860719.625
142439793575490.5625
157356599667432
159477346765286.4375
148460555285402.625
155000929250835.75
160374963746121.5
154115906923053.875
150733272418189.6875
158262139962134.375
156129012308945.25
149340376261164.0625
155030343683763.625
153209507229837.375
145479279852920.4375
151815352172369.6875
142888033568888.0625
144961718913587
140833275205539.25
152370839773742.5625
154233513507587.875
153300617144513.9375
158374975124828.125
158200930011607.25
152179758981509.6875
145712085757482.25
147861031206106.75
170281987586348.3125
149330870111650.6875
143374532026302.375
161808489200090.5625
132290999312525.125
150612724101806
162121616997800.9375
155401942980125.6875
147255363373736.4375
151345472750722.125
150851095051550.25
166973269369931.75
141441271580476.5
