84.1159369945526123046875
84.1889264583587646484375
84.259403705596923828125
84.6348164081573486328125
86.923977375030517578125
84.04181385040283203125
83.593544483184814453125
83.074196338653564453125
84.6706407070159912109375
85.252610683441162109375
82.6529941558837890625
83.200955867767333984375
83.878599643707275390625
84.9984805583953857421875
84.3883016109466552734375
85.584364414215087890625
83.5915195941925048828125
83.8750917911529541015625
83.4656238555908203125
82.9076254367828369140625
84.243376255035400390625
81.9444839954376220703125
82.2555029392242431640625
85.5967013835906982421875
84.2610466480255126953125
84.3956701755523681640625
86.4051048755645751953125
86.9701187610626220703125
87.8061902523040771484375
85.150821685791015625
85.256768703460693359375
86.3361642360687255859375
83.06618499755859375
84.0627486705780029296875
83.836374759674072265625
83.6285002231597900390625
85.55598545074462890625
86.4635832309722900390625
86.6176941394805908203125
84.4767887592315673828125
85.2810022830963134765625
85.541562557220458984375
84.0251922607421875
83.6195623874664306640625
85.2390482425689697265625
83.5428793430328369140625
84.56714153289794921875
83.3671767711639404296875
83.94295978546142578125
82.6307075023651123046875
85.76028347015380859375
86.0426132678985595703125
82.1836025714874267578125
83.560605525970458984375
83.0119163990020751953125
84.7770040035247802734375
83.1303093433380126953125
83.25607585906982421875
82.8371498584747314453125
83.2493226528167724609375
84.4884526729583740234375
84.00343799591064453125
84.670528888702392578125
84.61901378631591796875
83.2138006687164306640625
83.626879215240478515625
82.685185909271240234375
82.625464916229248046875
84.8168718814849853515625
84.2317335605621337890625
83.9971992969512939453125
84.9161474704742431640625
84.63846683502197265625
84.7143077850341796875
86.204940319061279296875
86.2536113262176513671875
85.028906345367431640625
84.2325375080108642578125
84.1535589694976806640625
83.94958209991455078125
84.3246364593505859375
84.002719879150390625
83.3804931640625
83.6917240619659423828125
408.5967235565185546875
84.84064006805419921875
84.850170135498046875
84.8137352466583251953125
83.7629642486572265625
83.80085659027099609375
84.82680034637451171875
84.49537372589111328125
82.0325314998626708984375
84.057878017425537109375
84.024199962615966796875
84.644306182861328125
85.261052608489990234375
85.3944599628448486328125
85.47569179534912109375
86.6132049560546875
83.5567018985748291015625
84.2170505523681640625
82.58211231231689453125
83.466588497161865234375
87.31646251678466796875
87.2886879444122314453125
86.638969898223876953125
84.2051632404327392578125
84.2254543304443359375
84.19289398193359375
84.8363037109375
83.72177028656005859375
84.070892810821533203125
84.78187847137451171875
83.7544078826904296875
83.4513709545135498046875
83.08281612396240234375
82.9876725673675537109375
84.6316955089569091796875
85.400652408599853515625
83.659411907196044921875
86.3382751941680908203125
86.5536477565765380859375
85.25232601165771484375
85.9791948795318603515625
83.6733872890472412109375
84.43278217315673828125
85.5373401641845703125
81.6168200969696044921875
82.164489269256591796875
84.289515018463134765625
84.0533282756805419921875
83.3691451549530029296875
83.5056030750274658203125
84.47347545623779296875
84.715529918670654296875
84.931261539459228515625
84.1552436351776123046875
82.47579860687255859375
85.9219043254852294921875
85.811060428619384765625
88.7288277149200439453125
84.6676285266876220703125
84.6938436031341552734375
84.7581441402435302734375
85.1771297454833984375
84.133501529693603515625
83.879268646240234375
84.5574223995208740234375
85.50974369049072265625
85.7543742656707763671875
