1.062841832637786865234375
1.20300018787384033203125
1.027751863002777099609375
1.0976455211639404296875
1.066262781620025634765625
1.129410922527313232421875
1.05762708187103271484375
1.1267707347869873046875
1.051092684268951416015625
1.0901954174041748046875
1.1238987445831298828125
0.8843086063861846923828125
1.03389775753021240234375
1.10574305057525634765625
1.099762856960296630859375
0.871144592761993408203125
1.199859559535980224609375
1.088894069194793701171875
1.1607573032379150390625
1.170203030109405517578125
1.030806005001068115234375
1.165199935436248779296875
1.086432516574859619140625
0.9991665184497833251953125
1.090188801288604736328125
1.03335678577423095703125
1.01831877231597900390625
1.217186510562896728515625
1.159694373607635498046875
1.13817441463470458984375
1.117922723293304443359375
0.941771030426025390625
1.013773977756500244140625
1.168467342853546142578125
1.031547367572784423828125
1.04027640819549560546875
0.8210156261920928955078125
1.125062465667724609375
0.996572196483612060546875
0.95346128940582275390625
1.04471647739410400390625
1.206340372562408447265625
1.094736158847808837890625
1.0907757282257080078125
0.8456518650054931640625
1.121295034885406494140625
1.060665071010589599609375
0.9824821949005126953125
1.048268020153045654296875
1.2108466625213623046875
1.081034004688262939453125
0.9482938349246978759765625
1.20191776752471923828125
1.0171964168548583984375
1.077706038951873779296875
0.83633553981781005859375
1.200206339359283447265625
0.997083842754364013671875
1.264936149120330810546875
1.067777812480926513671875
1.08792531490325927734375
1.122809708118438720703125
1.178964436054229736328125
1.02741563320159912109375
1.134841859340667724609375
1.047168791294097900390625
0.9493069946765899658203125
1.12994825839996337890625
1.17236423492431640625
0.9884760677814483642578125
1.01825487613677978515625
1.1203343868255615234375
1.089002430438995361328125
1.120838224887847900390625
1.118801653385162353515625
1.046911656856536865234375
1.1125900745391845703125
1.1466262340545654296875
1.018027365207672119140625
1.173772990703582763671875
0.938360631465911865234375
1.1196362972259521484375
1.131385326385498046875
1.12408339977264404296875
1.164921700954437255859375
1.04235363006591796875
1.0958173274993896484375
1.072490394115447998046875
0.8527796268463134765625
1.117602646350860595703125
1.20746648311614990234375
0.958032906055450439453125
1.22872602939605712890625
1.091534435749053955078125
1.048099040985107421875
1.202626049518585205078125
1.29806077480316162109375
0.9038275182247161865234375
1.149324953556060791015625
0.959994852542877197265625
1.04500353336334228515625
1.098533153533935546875
1.05291974544525146484375
1.104287564754486083984375
1.221286594867706298828125
1.218545258045196533203125
1.098284661769866943359375
1.096520602703094482421875
1.025314986705780029296875
1.13620030879974365234375
1.141189992427825927734375
0.999653518199920654296875
1.084945201873779296875
1.030892193317413330078125
1.0520198345184326171875
1.097303688526153564453125
1.064153254032135009765625
1.021981060504913330078125
1.1525828838348388671875
1.0431296825408935546875
1.090229034423828125
0.8488492667675018310546875
1.178036630153656005859375
0.809672534465789794921875
1.020696818828582763671875
1.204445779323577880859375
1.078092038631439208984375
1.075183331966400146484375
1.072393357753753662109375
1.107255399227142333984375
1.06149005889892578125
1.12377011775970458984375
1.195635497570037841796875
1.115623176097869873046875
1.085854589939117431640625
1.003692805767059326171875
0.921130716800689697265625
1.05929088592529296875
0.972397029399871826171875
1.09041440486907958984375
1.132722318172454833984375
0.807262241840362548828125
0.9957003295421600341796875
0.8314746916294097900390625
1.18278896808624267578125
0.969370543956756591796875
1.0816404819488525390625
1.255962312221527099609375
1.043825924396514892578125
1.05936491489410400390625
0.8822468817234039306640625
