0.04329627752304070209543596092771622352302074432373046875
0.060040652751922600482981096092771622352302074432373046875
0.07248950004577629779856096092771622352302074432373046875
0.059885859489440897152068288278314867056906223297119140625
0.0272334814071654995881743843710864894092082977294921875
0.0436227321624755026707731531132594682276248931884765625
0.047224283218383698856879249206031090579926967620849609375
0.00951611995697019923123871620873615029267966747283935546875
0.051637172698974602436106096092771622352302074432373046875
0.031985819339752197265625
0.05190181732177730211663657655662973411381244659423828125
0.054331064224243101612454864834944601170718669891357421875
0.08516931533813469623606096092771622352302074432373046875
0.044228613376617396946155480463858111761510372161865234375
0.00656580924987790019720090839427939499728381633758544921875
0.0479965806007384976350493843710864894092082977294921875
0.08666104078292839740793596092771622352302074432373046875
0.012706995010375900234667057020487845875322818756103515625
0.13590276241302490234375
0.188764154911041204254473768742172978818416595458984375
0.12103497982025139545481096092771622352302074432373046875
0.049374699592590297336780480463858111761510372161865234375
0.03411430120468129933986034529880271293222904205322265625
0.0161724090576171007638262011596452794037759304046630859375
0.0108848214149474993572841441391574335284531116485595703125
0.1088249683380126953125
0.0843176841735839011082731531132594682276248931884765625
0.1299681067466735007176481531132594682276248931884765625
0.045506119728088302578417057020487845875322818756103515625
0.060509324073791496967356096092771622352302074432373046875
0.0994728207588194968113981531132594682276248931884765625
0.002033591270446700148555319032084298669360578060150146484375
0.03432017564773549855861034529880271293222904205322265625
0.05818879604339589894923534529880271293222904205322265625
0.0278823971748352016086780480463858111761510372161865234375
0.038685441017150802578417057020487845875322818756103515625
0.0183007121086120015662768167885587899945676326751708984375
0.004878282546997000056199222939312676317058503627777099609375
0.0778006315231322964631743843710864894092082977294921875
0.0737582445144653042756743843710864894092082977294921875
0.156086981296539306640625
0.0331811308860777975926481531132594682276248931884765625
0.0079751014709471997055079128813304123468697071075439453125
0.12451469898223870014231096092771622352302074432373046875
0.0257160663604736015874774324174723005853593349456787109375
0.035806417465209898487454864834944601170718669891357421875
0.038664579391479401981879249206031090579926967620849609375
0.073593735694885198395098768742172978818416595458984375
0.037593543529510498046875
0.07119733095169060443918596092771622352302074432373046875
0.048209726810455301448943288278314867056906223297119140625
0.064079523086547796051348768742172978818416595458984375
0.029942452907562200348223768742172978818416595458984375
0.00974279642105099936977286034789358382113277912139892578125
0.01521360874176020012982224471898007323034107685089111328125
0.0259060859680174983277201050668736570514738559722900390625
0.08420461416244499897043596092771622352302074432373046875
0.0254371762275695002808451050668736570514738559722900390625
0.032866954803466796875
0.046047449111938400234667057020487845875322818756103515625
0.038447976112365701839568288278314867056906223297119140625
0.077378630638122503082598768742172978818416595458984375
0.11262291669845579666908719218554324470460414886474609375
0.035740315914153997223223768742172978818416595458984375
0.10039484500885009765625
0.0705620050430297018895231531132594682276248931884765625
0.057200789451599100277068288278314867056906223297119140625
0.073574125766754094879473768742172978818416595458984375
0.0954897999763487936863981531132594682276248931884765625
0.058970987796783398693367672649401356466114521026611328125
0.022728919982910100738848768742172978818416595458984375
0.0979433059692381979832731531132594682276248931884765625
0.05754816532135009765625
0.0288167595863342007600493843710864894092082977294921875
0.154155075550079290191973768742172978818416595458984375
0.041728854179382303402068288278314867056906223297119140625
0.08352166414260860094476157655662973411381244659423828125
0.0982064604759216031037993843710864894092082977294921875
0.01507449150085440024715577322922399616800248622894287109375
0.07149696350097649311106096092771622352302074432373046875
0.0279089808464050015412993843710864894092082977294921875
0.044153213500976500049954864834944601170718669891357421875
0.0165497064590453997479091441391574335284531116485595703125
0.07401293516159050678293596092771622352302074432373046875
0.050798118114471400852405480463858111761510372161865234375
0.04492807388305659899163657655662973411381244659423828125
0.06364762783050530170481096092771622352302074432373046875
0.018708348274230901520098768742172978818416595458984375
0.0329256057739256979832731531132594682276248931884765625
0.0334396958351134976350493843710864894092082977294921875
0.1269125938415527066194243843710864894092082977294921875
0.0984113812446593960725493843710864894092082977294921875
0.057853281497955301448943288278314867056906223297119140625
0.0326539874076842984162993843710864894092082977294921875
0.023074805736541699474617672649401356466114521026611328125
0.030612230300903299495818288278314867056906223297119140625
0.0204151272773742016586329128813304123468697071075439453125
0.032207965850830001797167057020487845875322818756103515625
0.03615820407867430252846219218554324470460414886474609375
0.104161322116851806640625
0.0711070895195007046662993843710864894092082977294921875
0.063423871994018499176348768742172978818416595458984375
0.0910425782203674038850493843710864894092082977294921875
0.0551009774208068014988981531132594682276248931884765625
0.06675624847412109375
0.073353946208953801910723768742172978818416595458984375
0.02355182170867919921875
0.014858484268188400234667057020487845875322818756103515625
0.03366714715957640213783719218554324470460414886474609375
0.044684052467346101200629249206031090579926967620849609375
0.05451422929763789781976157655662973411381244659423828125
0.03589487075805659899163657655662973411381244659423828125
0.042688548564910798466254249206031090579926967620849609375
0.0447174906730651022801481531132594682276248931884765625
0.0157031416893004989454585285102439229376614093780517578125
0.01196300983428950047426919667259426205419003963470458984375
0.01491898298263539916763686932199561852030456066131591796875
0.01214146614074699918883748495090912911109626293182373046875
0.01014816761016839978537529276536588440649211406707763671875
0.11364972591400139545481096092771622352302074432373046875
0.1609215140342712124787993843710864894092082977294921875
0.0179423093795775985548335285102439229376614093780517578125
0.06537133455276479543361034529880271293222904205322265625
0.039245724678039502208992672649401356466114521026611328125
0.013625562191009500667693288278314867056906223297119140625
0.0220724344253540004368030480463858111761510372161865234375
0.0024756193161010000593214019914967138902284204959869384765625
0.0694173574447631003270231531132594682276248931884765625
0.06740313768386839432533719218554324470460414886474609375
0.040064930915832498714568288278314867056906223297119140625
0.049877107143402099609375
0.0603983402252196988069243843710864894092082977294921875
0.011566162109375
0.0335848331451416015625
0.01856821775436399979408719218554324470460414886474609375
0.0506030321121214987645231531132594682276248931884765625
0.039817750453948898281542057020487845875322818756103515625
0.0202758312225340998902201050668736570514738559722900390625
0.01495695114135739932359481230150777264498174190521240234375
0.00973147153854369943715152402319290558807551860809326171875
0.07973045110702510485101157655662973411381244659423828125
0.0575408339500426968537993843710864894092082977294921875
0.11418449878692620014231096092771622352302074432373046875
0.04062664508819580078125
0.015910685062408398693367672649401356466114521026611328125
0.0225831270217894987395457206957871676422655582427978515625
0.057144641876220703125
0.049645900726318296924954864834944601170718669891357421875
0.053616821765899602691973768742172978818416595458984375
0.02165538072586049855861034529880271293222904205322265625
0.0345161557197569968113981531132594682276248931884765625
