1.0021814667785975405678300376166589558124542236328125
0.8052675724029541015625
0.65514436387649599424776170053519308567047119140625
0.4460719525814056396484375
3.3583694082170278960575160454027354717254638671875
1.87561190128326416015625
2.059939595926781663592919358052313327789306640625
1.91019928455352783203125
2.252256915207218934682487088139168918132781982421875
0.64231851670423145694854838438914157450199127197265625
1.9008502960205078125
1.970460329505544283534845817484892904758453369140625
2.618068079998976838140833933721296489238739013671875
1.2123876912196849264802267498453147709369659423828125
0.71380989425144558691016527518513612449169158935546875
2.4026458263397216796875
0.77938726712895756154608761789859272539615631103515625
0.94975947394578152938038329011760652065277099609375
2.1168620586395263671875
0.822328278722057603999928687699139118194580078125
3.127088069915771484375
1.5784556865692138671875
1.68189918994903564453125
0.657195150852203369140625
2.3683307170867919921875
1.6609475612640380859375
1.11461432692986495140985425678081810474395751953125
0.8047157451076027978587035249802283942699432373046875
1.60339820384979248046875
-2.2676165103912353515625
1.0189177699530826970431007794104516506195068359375
0.5939314365386962890625
1.95394074916839599609375
1.1192838849567661174688737446558661758899688720703125
0.9173999631826372791465473710559308528900146484375
2.62365627288818359375
0.77366603695512281557711276036570779979228973388671875
0.658122539520263671875
0.6543870803907381183961433634976856410503387451171875
1.0745336324480783130042027551098726689815521240234375
1.4878711700439453125
0.786933422088623046875
1.6377877115103742777790785112301819026470184326171875
1.050627665510805552884221469867043197154998779296875
2.1917603015899658203125
0.8084647255101835572332902302150614559650421142578125
0.58507931232452392578125
1.757570667932916830267231489415280520915985107421875
1.21149146556854248046875
3.715731143951416015625
1.58789825439453125
1.64839947223663330078125
0.88126909732818603515625
1.423416614532470703125
0.668877303367889641805277278763242065906524658203125
1.82968628406524658203125
1.46755488189711424951156004681251943111419677734375
0.438723932701976959691592128365300595760345458984375
3.517553600734997676369175678701139986515045166015625
0.85320973952676781859594257184653542935848236083984375
0.99661147594451904296875
0.6392256835242273727004658212536014616489410400390625
2.124820022386646467538184879231266677379608154296875
1.64133566242786788080820770119316875934600830078125
2.3852176666259765625
0.84153378009796142578125
1.98503649234771728515625
0.858347356319427490234375
0.86738574504852294921875
1.50556671619415283203125
0.5276671093528515488202401684247888624668121337890625
1.4962871074676513671875
0.6419186975004620432372348659555427730083465576171875
0.9529569617171780304687445095623843371868133544921875
1.84010054900031949642880135797895491123199462890625
1.713113926733958347625730311847291886806488037109375
0.69886648654937744140625
1.346694469451904296875
1.9698428735877995254810457481653429567813873291015625
1.58399164676666259765625
2.3860967159271240234375
2.16900006717445759107931735343299806118011474609375
1.6232383625775568258831071943859569728374481201171875
0.635172665119171142578125
3.401475344042840465164090346661396324634552001953125
1.74926936626434326171875
1.229045391082763671875
1.5489086665280418220191904765670187771320343017578125
0.4270870685577392578125
0.83463257258387069104088595850043930113315582275390625
1.15508615970611572265625
0.77745923529863691925356761203147470951080322265625
1.4866152521504769623561514890752732753753662109375
1.9767020062239470945542052504606544971466064453125
1.9210422039031982421875
0.591460287570953369140625
0.538488092543744745199774115462787449359893798828125
1.1367137432098388671875
2.701213359832763671875
0.614947497844696044921875
1.1100304126739501953125
1.51691138744354248046875
0.91167880268571910296060423206654377281665802001953125
1.10303008556365966796875
1.8763209083381051645034176544868387281894683837890625
1.2380981163976316761221596607356332242488861083984375
1.1640303134918212890625
1.3412883281707763671875
0.867557533655171742026368519873358309268951416015625
2.35694912424112690274569104076363146305084228515625
0.64630666589729146576104312771349214017391204833984375
0.655967652797698974609375
3.07610424563021123134376466623507440090179443359375
0.48338671541235089801347157845157198607921600341796875
0.7570350170135498046875
1.11333429813385009765625
0.70170494240620862047563832675223238766193389892578125
2.68228516895287949495241264230571687221527099609375
0.6339448381635921503374220264959149062633514404296875
0.7406877794582584773053213211824186146259307861328125
1.0317685240772609400750070562935434281826019287109375
1.9652738352455703108034867909736931324005126953125
0.617771446704864501953125
0.62519402851801653131502689575427211821079254150390625
2.16665045282695967188146823900751769542694091796875
0.9483082044161228463252655274118296802043914794921875
0.80916054101202139481330277703818865120410919189453125
1.5464502258282266655697867463459260761737823486328125
0.64383408586718171573437530241790227591991424560546875
1.070839270287402111847541164024733006954193115234375
0.3707588613033294677734375
0.693484246730804443359375
1.97226417064666748046875
0.70925160497687744776129648016649298369884490966796875
0.93700206279754638671875
0.8175264722619244306400787536404095590114593505859375
0.86314070224761962890625
1.21767222881317138671875
1.64181745052337646484375
1.1314373016357421875
1.03305613994598388671875
1.37539470195770263671875
0.67076425668983119532384762351284734904766082763671875
2.215258047729466994724134565331041812896728515625
1.58941113948822021484375
1.5062662009571099464011467716773040592670440673828125
1.82904636859893798828125
0.7636735439300537109375
0.94686160205854152938087509028264321386814117431640625
0.7654446790759512619928273124969564378261566162109375
1.5370595455169677734375
