0.03389459
0.039937258
0.03381855
0.03554702
0.03476896
0.043437947
0.039953895
0.04358062
0.046154123
0.035338834
0.034646902
0.038500767
0.040820193
0.04024016
0.038514584
0.03830457
0.037564244
0.0327627
0.034854643
0.03647878
0.03246558
0.040302046
0.0384882
0.033756234
0.03742491
0.0356873
0.04165248
0.0340952
0.040108986
0.046344295
0.026356187
0.037667725
0.037844315
0.034135215
0.033353545
0.04514849
0.03427271
0.064998016
0.035342775
0.030648915
0.032715615
0.035339724
0.041871637
0.036808323
0.03348797
0.035816588
0.043791264
0.028873645
0.039872833
0.032855097
0.027077142
0.0287106
0.03686139
0.032987703
0.03359414
0.03783001
0.03430618
0.030397907
0.033194233
0.042007096
0.04047268
0.039915074
0.03725971
0.03060032
0.03515947
0.03265802
0.0334026
0.037438884
0.03534295
0.041792966
0.04178224
0.032950897
0.029669061
0.034572516
0.030504059
0.03975929
0.033257857
0.038599648
0.04030667
0.044771384
0.041563276
0.037518345
0.04889321
0.03933387
0.033030767
0.03471989
0.038809873
0.037827767
0.03540843
0.032076925
0.034050014
0.036596414
0.05104763
0.04179703
0.03735446
0.029981725
0.030722661
0.031820327
0.030852506
0.029167173
0.035966266
0.032563943
0.03697375
0.03786665
0.029714793
0.03774571
0.028727707
0.04099994
0.03064077
0.04506922
0.034027163
0.032600414
0.025161494
0.033805
0.03931182
0.03330424
0.0353895
0.033386722
0.035265025
0.029742967
0.033727113
0.042610068
0.03327394
0.03675149
0.037670203
0.034110386
0.037978712
0.03676264
0.03159317
0.034507655
0.037659697
0.03611973
0.02882415
0.028384931
0.036243636
0.032842297
0.03286735
0.03777114
0.046566248
0.033205256
0.047604494
0.03471003
0.029191354
0.035555765
0.036479447
0.03066689
0.035692174
0.037278716
0.040020417
0.030731518
0.037057124
