167.050724029541015625
162.7070801258087158203125
159.2825374603271484375
175.0679476261138916015625
165.4525072574615478515625
165.46976757049560546875
165.959996700286893656084430404007434844970703125
173.6465606689453125
167.1513249874114990234375
165.324862480163545797040569595992565155029296875
169.3802280426025390625
166.170589923858642578125
166.842851638793973734209430404007434844970703125
167.8914794921875
168.5838358402252197265625
168.941359043121337890625
170.51532840728759765625
161.1300261020660400390625
168.0169818401336669921875
171.2801721096038818359375
164.7712018489837646484375
164.1455347537994384765625
160.6155664920806884765625
164.416737079620361328125
166.75485515594482421875
159.3492109775543212890625
172.5875456333160400390625
165.024028778076171875
163.7124392986297607421875
167.7649033069610595703125
167.3937890529632568359375
162.8007481098175048828125
164.791068553924560546875
165.0415580272674560546875
160.5908381938934326171875
168.599239826202392578125
165.164635181427001953125
172.784778594970703125
158.444880962371826171875
165.842347383499173929521930404007434844970703125
165.4000713825225830078125
160.2798635959625244140625
164.558441638946533203125
168.08447551727294921875
167.44702243804931640625
164.8756544589996337890625
162.670403480529813577959430404007434844970703125
167.671861171722412109375
170.9666690826416015625
171.4215748310089111328125
164.537430286407470703125
168.9918615818023681640625
169.4744231700897216796875
167.4573619365692138671875
166.2261264324188232421875
164.519478321075439453125
172.634767055511474609375
167.2143833637237548828125
172.1755254268646240234375
168.719264507293701171875
165.186421871185302734375
167.447139739990234375
160.7896864414215087890625
169.7724373340606689453125
158.4052622318267822265625
159.089324474334716796875
168.816201686859130859375
161.606805324554443359375
166.67712879180908203125
168.2249171733856201171875
164.60436248779296875
164.426753997802705953290569595992565155029296875
161.7365391254425048828125
169.5290620326995849609375
170.4838340282440185546875
166.7082674503326416015625
169.98737621307373046875
166.2521178722381591796875
166.3755590915679931640625
166.3371231555938720703125
170.2401206493377685546875
168.1639883518218994140625
166.2005298137664794921875
167.4992635250091552734375
171.076505184173583984375
169.1139638423919677734375
165.938235759735107421875
166.4592435359954833984375
167.12618160247802734375
162.5718944072723388671875
166.956551074981689453125
163.32856082916259765625
166.2417271137237548828125
166.100877285003662109375
167.5841391086578369140625
171.223671436309786031415569595992565155029296875
162.6983249187469482421875
171.3834502696990966796875
166.140617847442626953125
167.6930911540985107421875
170.2927696704864501953125
162.0900170803070068359375
172.0171375274658203125
162.8716418743133544921875
165.7034943103790283203125
160.3374345302581787109375
168.479784488677978515625
170.1481163501739501953125
166.6707875728607177734375
171.237547397613525390625
164.5651180744171142578125
166.4190959930419921875
166.1736204624176025390625
170.66922760009765625
168.512506008148193359375
162.387016773223876953125
172.137004375457763671875
171.09261989593505859375
165.1436309814453125
166.64221668243408203125
167.5956380367279052734375
161.95767974853515625
167.5590927600860595703125
169.8940279483795166015625
169.3808243274688720703125
165.39798641204833984375
165.9032933712005615234375
163.916698455810546875
163.557103633880615234375
164.22142124176025390625
166.0075843334197998046875
166.420352458953857421875
166.0293767452239990234375
166.57801914215087890625
165.0053408145904541015625
167.6410534381866455078125
165.5696308612823486328125
171.4940242767333984375
164.2746732234954833984375
167.355898380279541015625
167.3275110721588134765625
169.5076770782470703125
169.97820281982421875
164.1071841716766357421875
170.3601963520050048828125
164.455768108367919921875
167.2303011417388916015625
169.4168908596038818359375
171.77489757537841796875
167.43678569793701171875
163.117727518081693460771930404007434844970703125
