0.46153357901612312996775244755554012954235076904296875
0.4961384115136919792377057092380709946155548095703125
0.4790326236727053821340405193041078746318817138671875
0.52166458684321470595790515289991162717342376708984375
0.475020997472598349720129817796987481415271759033203125
0.469046272181686429991742670608800835907459259033203125
0.52889043452526574018435212565236724913120269775390625
0.50648731979295524840978259817347861826419830322265625
0.5125500535600213680709202890284359455108642578125
0.477185804219813436422015229254611767828464508056640625
0.4730626913833118063479332704446278512477874755859375
0.46129964148149504854501401496236212551593780517578125
0.495837994113329738610218555550090968608856201171875
0.51664061651225690052768868554267100989818572998046875
0.48614331534753707497742425402975641191005706787109375
0.44952724201352978194989873372833244502544403076171875
0.4684334477607079438854498221189714968204498291015625
0.50110015895697068710745725184096954762935638427734375
0.460754951017512237587681056538713164627552032470703125
0.479742527747986924335776848238310776650905609130859375
0.427298497259670340131521015791804529726505279541015625
0.49156520823161276023682830782490782439708709716796875
0.445270498478086640403716955916024744510650634765625
0.440711026608418487970908472561859525740146636962890625
0.4355438627971908172042958540259860455989837646484375
0.481501123651859097574146062470390461385250091552734375
0.475640156772470013013531797696487046778202056884765625
0.55181870550445655254634402808733284473419189453125
0.491373326858227432722969751921482384204864501953125
0.5050716497526750448088250777800567448139190673828125
0.454081487177461384785459586055367253720760345458984375
0.4264638335428305726537701048073358833789825439453125
0.476915759579745301977027338580228388309478759765625
0.498371151991646998968832349419244565069675445556640625
0.480069927811840546638677551527507603168487548828125
0.4566428518958509652492239183629862964153289794921875
0.48229614373555218520550624816678464412689208984375
0.43286309949461865276276739677996374666690826416015625
0.4670807702975547925916544045321643352508544921875
0.448732910007954288733600378691335208714008331298828125
0.41909294689860987492835420198389329016208648681640625
0.5287617774639199463848626692197285592555999755859375
0.49424909012983986311695616677752695977687835693359375
0.5019184903790965268655099862371571362018585205078125
0.46436443484048905983030408606282435357570648193359375
0.462232052368399204400617463761591352522373199462890625
0.534718975459326006927085472852922976016998291015625
0.477089856250915322899430748293525539338588714599609375
0.505866629939707213026167664793320000171661376953125
0.425547792895041132599232014399603940546512603759765625
0.457849682813606551068374983515241183340549468994140625
0.474475390875148173019937303251936100423336029052734375
0.50159472822002892922199634995195083320140838623046875
0.45789040187203322584963416375103406608104705810546875
0.441397400607994760957097923892433755099773406982421875
0.490073389998772757092382335031288675963878631591796875
0.523497621051874251207891575177200138568878173828125
0.445484441087325266916963073526858352124691009521484375
0.407508706314779145518656378044397570192813873291015625
0.431712709289512275301348154243896715342998504638671875
0.497674772875233595303967604195349849760532379150390625
0.473579015314696871730149041468393988907337188720703125
0.42918430885337899294285080031841062009334564208984375
0.498139011655805596934243340001557953655719757080078125
0.488207789315396656348866599728353321552276611328125
0.56982655280778293782617538454360328614711761474609375
0.412069192963213370983766026256489567458629608154296875
0.442013705928089972729821965913288295269012451171875
0.5499019289614952565869998579728417098522186279296875
0.50728814493827079079579789322451688349246978759765625
0.433753848539075337331638593241223134100437164306640625
0.52869265241446417036286220536567270755767822265625
0.54815190099225696851448219604208134114742279052734375
0.440919194420309190629581053144647739827632904052734375
0.374100004338178415697058198929880745708942413330078125
0.51108047420099722568664901700685732066631317138671875
0.4197709825557771612380975057021714746952056884765625
0.52583873585257834282202793474425561726093292236328125
0.5488799414493270578674355419934727251529693603515625
0.416295528737759601423107369555509649217128753662109375
0.425929010984792577598767593372031114995479583740234375
0.41338742645854675838990033298614434897899627685546875
0.461125891316856384438693794436403550207614898681640625
0.51115257196757346580540115610347129404544830322265625
0.487108247791116166780511775868944823741912841796875
0.441530939252018639340491290568024851381778717041015625
0.50403085993113083684846742471563629806041717529296875
0.4971021867171654395889390798402018845081329345703125
0.51322706701324982692113962912117131054401397705078125
0.421817016682409062777736608040868304669857025146484375
0.52135638127584449375007125127012841403484344482421875
0.444072362926551111872441879313555546104907989501953125
0.52247494942001992956903677622904069721698760986328125
0.438790515173391237890854199577006511390209197998046875
0.4130654832373343854357017335132695734500885009765625
0.51816063441097970354576318641193211078643798828125
0.525995372849993980679528249311260879039764404296875
0.52161857858464466541903448160155676305294036865234375
0.52467375254233317161123295591096393764019012451171875
0.51666682862848090085350349909276701509952545166015625
0.480043772935603796359060879694879986345767974853515625
0.386117903500933168370323755880235694348812103271484375
0.56457906613774933024529900649213232100009918212890625
0.428602883775292375911902809093589894473552703857421875
0.43224987758080601896182315613259561359882354736328125
0.505301882353438980288728998857550323009490966796875
0.471396177528824289471032216169987805187702178955078125
0.473598709365407655180746360201737843453884124755859375
0.47329703216507279517344386476906947791576385498046875
0.47223830629921159651729567485745064914226531982421875
0.45010789199106604474565074269776232540607452392578125
0.44924693021854811281201591555145569145679473876953125
0.49929655591481303389400636660866439342498779296875
0.43226278329493295071728198308846913278102874755859375
0.4567561225889178455616956853191368281841278076171875
0.4653985787197878476462165053817443549633026123046875
0.511758270526673442191167850978672504425048828125
0.456022309123341518244387771119363605976104736328125
0.510087443874878143645901218405924737453460693359375
0.484698978320147799703221380696049891412258148193359375
0.468162656057091008943160659327986650168895721435546875
0.467968705009493834978684390080161392688751220703125
0.51239259206089216025503674245555885136127471923828125
0.401045727320283040828741150107816793024539947509765625
0.47623949910567142662642936556949280202388763427734375
0.42931311315746178980390368451480753719806671142578125
0.4828605478365390890616026808856986463069915771484375
0.484841869012419157680682246791548095643520355224609375
0.497108594891802646476008931131218560039997100830078125
0.57563913105461506081184097638470120728015899658203125
0.45573625994040167785925632415455766022205352783203125
0.475095519246403752422480692985118366777896881103515625
0.51627808463332736099715702948742546141147613525390625
0.42966330911334293940484485574415884912014007568359375
0.51153434443895362537801929647685028612613677978515625
0.43447873325574237757251694347360171377658843994140625
0.458832758377987259823527210755855776369571685791015625
0.56560649659607964423457815428264439105987548828125
0.406525922185433596922621291014365851879119873046875
0.4854741110853793006896239603520371019840240478515625
0.5420470064644529184505472585442475974559783935546875
0.428444013330359474434061439751530997455120086669921875
0.54302097206447508259685719167464412748813629150390625
0.51856539680077873288865930589963681995868682861328125
0.430051719016645794813058500949409790337085723876953125
0.435362753919980083328056252867099829018115997314453125
0.54684172898901628467882574113900773227214813232421875
0.50388609311204335394762665600865148007869720458984375
0.445010069964592525071367390410159714519977569580078125
0.426159781764498035716570711883832700550556182861328125
0.5385876912042177888650940076331607997417449951171875
