0.96373605728149402960269753748434595763683319091796875
0.99685955047607421875
0.997907459735870361328125
0.98340636491775523797542746251565404236316680908203125
0.99045318365097034796207253748434595763683319091796875
0.9923527240753173828125
0.99991303682327281610042746251565404236316680908203125
0.99033451080322276727230246251565404236316680908203125
0.9820420742034912109375
0.894651591777801513671875
0.96516376733779918328792746251565404236316680908203125
0.98834025859832763671875
0.99150675535202037469417746251565404236316680908203125
0.992583811283111572265625
0.987248599529266357421875
0.996948778629302978515625
0.9975054264068603515625
0.98848158121108997686832253748434595763683319091796875
0.99560761451721202508480246251565404236316680908203125
0.98781645298004161492855246251565404236316680908203125
0.99772155284881602899105246251565404236316680908203125
0.99187099933624278680355246251565404236316680908203125
0.98329979181289683953792746251565404236316680908203125
0.99668699502944957391292746251565404236316680908203125
0.987446129322052001953125
0.99963980913162242547542746251565404236316680908203125
0.981847941875457763671875
0.98883914947509754522769753748434595763683319091796875
0.998312771320343017578125
0.97535693645477294921875
0.98549616336822520867855246251565404236316680908203125
0.9865190982818603515625
0.984650552272796630859375
0.995464503765106201171875
0.96639305353164683953792746251565404236316680908203125
0.974976003170013427734375
0.985873162746429443359375
0.987303316593170166015625
0.993517577648162841796875
0.99229437112808238641292746251565404236316680908203125
0.988078653812408447265625
0.995846688747406005859375
0.9905898571014404296875
0.98655706644058238641292746251565404236316680908203125
0.96209150552749644891292746251565404236316680908203125
0.98659193515777598992855246251565404236316680908203125
0.986185133457183837890625
0.97838485240936279296875
0.998666942119598388671875
0.98752135038375843389957253748434595763683319091796875
0.9948914051055908203125
0.992386996746063232421875
0.99365031719207763671875
0.98334801197052001953125
0.99125576019287120477230246251565404236316680908203125
0.989355146884918212890625
0.991103827953338623046875
0.994919121265411376953125
0.99323403835296641961605246251565404236316680908203125
0.99667042493820201531917746251565404236316680908203125
0.99082767963409423828125
0.998509943485260009765625
0.986973941326141357421875
0.98705071210861194952457253748434595763683319091796875
0.98712962865829478875667746251565404236316680908203125
0.98320090770721435546875
0.98788195848464954718082253748434595763683319091796875
0.99083441495895396844417746251565404236316680908203125
0.99726068973541259765625
0.99870055913925159796207253748434595763683319091796875
0.99450814723968516961605246251565404236316680908203125
0.983948647975921630859375
0.99522310495376598016292746251565404236316680908203125
0.989586174488067626953125
0.997926771640777587890625
0.98694062232971202508480246251565404236316680908203125
0.98986935615539561883480246251565404236316680908203125
0.98807221651077281610042746251565404236316680908203125
0.9916288852691650390625
0.9648563861846923828125
0.998462021350860595703125
0.99761855602264404296875
0.98580157756805419921875
0.99451696872711181640625
0.99353623390197765008480246251565404236316680908203125
0.97900170087814319952457253748434595763683319091796875
0.990390777587890625
0.99146407842636119500667746251565404236316680908203125
0.977893054485321044921875
0.98572427034378040655582253748434595763683319091796875
0.991096675395965576171875
0.9952411651611328125
0.98855566978454600945980246251565404236316680908203125
0.99321281909942638055355246251565404236316680908203125
0.997863829135894775390625
0.991600513458251953125
0.983686149120330810546875
0.97851353883743275030582253748434595763683319091796875
0.98829174041748035772769753748434595763683319091796875
0.99656397104263316766292746251565404236316680908203125
0.992988288402557373046875
0.97227376699447642938167746251565404236316680908203125
0.99812310934066761358707253748434595763683319091796875
0.96958053112030040399105246251565404236316680908203125
0.99222075939178477899105246251565404236316680908203125
0.99692320823669444695980246251565404236316680908203125
0.982464492321014404296875
0.987563788890838623046875
0.98281836509704600945980246251565404236316680908203125
0.98535549640655517578125
0.995150625705718994140625
0.980027377605438232421875
0.9955937862396240234375
0.98444950580596923828125
0.99877470731735240594417746251565404236316680908203125
0.99062258005142200811832253748434595763683319091796875
0.978917777538299560546875
0.99149316549301158563167746251565404236316680908203125
0.998378217220306396484375
0.98437106609344482421875
0.98845887184143077508480246251565404236316680908203125
0.991020143032073974609375
0.98896789550781238897769753748434595763683319091796875
0.99968487024307239874332253748434595763683319091796875
0.97493743896484375
0.9976308345794677734375
0.99416744709014881475894753748434595763683319091796875
0.99853479862213123663394753748434595763683319091796875
0.985805034637451171875
0.975489139556884765625
0.99561160802841197625667746251565404236316680908203125
0.99068224430084239617855246251565404236316680908203125
0.9896466732025146484375
0.99160605669021595343082253748434595763683319091796875
0.992731869220733642578125
0.994494616985321044921875
0.99401837587356556280582253748434595763683319091796875
0.99588805437088001593082253748434595763683319091796875
0.996082723140716552734375
0.994747579097747802734375
0.99470794200897216796875
0.98458874225616455078125
0.987764418125152587890625
0.99916845560073841436832253748434595763683319091796875
0.99463886022567760125667746251565404236316680908203125
0.99403154850006103515625
0.98324143886566162109375
0.99454557895660400390625
0.99454832077026356085269753748434595763683319091796875
0.97308284044265758172542746251565404236316680908203125
0.9904329776763916015625
