84.4999744892120361328125
84.7407703399658203125
84.227603912353515625
84.5920212268829345703125
86.652144908905029296875
83.67792224884033203125
83.6148459911346435546875
82.7137010097503662109375
84.7230136394500732421875
84.682032108306884765625
82.870042324066162109375
83.119318485260009765625
84.081427097320556640625
84.935626506805419921875
85.074519634246826171875
85.070438861846923828125
83.5120050907135009765625
83.896993160247802734375
83.50886249542236328125
83.7611753940582275390625
83.6793987751007080078125
81.9262521266937255859375
81.9703638553619384765625
85.5463714599609375
84.0250360965728759765625
84.3196508884429931640625
86.60705280303955078125
86.8086583614349365234375
88.7920076847076416015625
85.2115328311920166015625
84.724635601043701171875
86.1271789073944091796875
83.6707079410552978515625
83.54763698577880859375
83.9087188243865966796875
83.9704437255859375
85.5896890163421630859375
86.476558208465576171875
86.4910624027252197265625
84.0041763782501220703125
85.393505096435546875
85.236378192901611328125
83.914000988006591796875
84.21463680267333984375
84.7622749805450439453125
83.498903751373291015625
83.7201917171478271484375
83.6226856708526611328125
82.802097797393798828125
82.5568695068359375
85.778148651123046875
86.25349521636962890625
82.2051069736480712890625
82.7152469158172607421875
83.1124041080474853515625
84.637521266937255859375
82.97946071624755859375
83.3984241485595703125
82.5463678836822509765625
82.8345239162445068359375
83.9517688751220703125
84.1641948223114013671875
84.50647068023681640625
84.7272698879241943359375
83.033981800079345703125
83.6033790111541748046875
82.43616390228271484375
83.2441031932830810546875
85.086383342742919921875
84.1758072376251220703125
84.7526729106903076171875
85.140131473541259765625
85.696839809417724609375
85.1879556179046630859375
85.7939517498016357421875
85.6682262420654296875
84.816019535064697265625
84.67472362518310546875
84.0684139728546142578125
83.67298603057861328125
84.484423160552978515625
84.129129886627197265625
84.0486660003662109375
83.67375278472900390625
416.031452178955078125
84.7030570507049560546875
83.7865407466888427734375
85.314647674560546875
83.1859531402587890625
83.3189437389373779296875
85.2569277286529541015625
84.4536678791046142578125
81.95996379852294921875
83.489037990570068359375
84.066992282867431640625
84.3954341411590576171875
85.2252216339111328125
85.2863118648529052734375
85.5083158016204833984375
86.4398581981658935546875
84.0056192874908447265625
84.0884037017822265625
82.59512996673583984375
83.69469738006591796875
86.6719353199005126953125
87.238189697265625
86.239614009857177734375
84.0684196949005126953125
84.2454509735107421875
84.3336365222930908203125
84.3959033489227294921875
83.592602252960205078125
84.0709292888641357421875
85.8144004344940185546875
83.715906620025634765625
84.052363872528076171875
83.013638973236083984375
83.0630218982696533203125
84.12131404876708984375
85.718340396881103515625
82.3949892520904541015625
86.4429690837860107421875
86.6151082515716552734375
85.106577396392822265625
85.3619067668914794921875
84.483404636383056640625
84.21457004547119140625
84.7883288860321044921875
81.843311786651611328125
82.2184631824493408203125
84.719563007354736328125
85.1739313602447509765625
83.2205812931060791015625
83.485477924346923828125
85.0598957538604736328125
85.1821734905242919921875
84.974905490875244140625
82.2127773761749267578125
82.75211048126220703125
85.9316279888153076171875
86.3640229701995849609375
89.09981536865234375
84.64998626708984375
84.48941802978515625
85.1641914844512939453125
85.280882358551025390625
84.049312114715576171875
84.0526716709136962890625
85.5020282268524169921875
85.5945885181427001953125
85.65863037109375
