9.3202667236328125
9.3128139972686767578125
9.43941974639892578125
9.3090908527374285341693394002504646778106689453125
9.3469924926757794736431605997495353221893310546875
9.2932279109954833984375
9.3572719097137433408306605997495353221893310546875
9.4649803638458234189556605997495353221893310546875
9.5361964702606201171875
9.46552181243896484375
9.4664855003356915830181605997495353221893310546875
9.3770487308502197265625
9.4644050598144513486431605997495353221893310546875
9.4161698818206804872943394002504646778106689453125
9.467909336090087890625
9.431359767913818359375
9.3402678966522216796875
9.30849933624267578125
9.3431568145751953125
9.3070142269134521484375
9.2947824001312255859375
9.30399417877197265625
9.5127253532409685732318394002504646778106689453125
9.5497810840606671689556605997495353221893310546875
9.3321423530578595517681605997495353221893310546875
9.2240831851959246279193394002504646778106689453125
9.2792568206787127138568394002504646778106689453125
9.3672969341278076171875
9.3565659523010236142681605997495353221893310546875
9.3179147243499755859375
9.291984081268310546875
9.3611543178558367372943394002504646778106689453125
9.5279986858367919921875
9.4014923572540283203125
9.5495731830596923828125
9.34930324554443359375
9.45335483551025390625
9.5337526798248273252056605997495353221893310546875
9.57099437713623046875
9.5416438579559326171875
9.2984440326690673828125
9.3958137035369873046875
9.3723194599151593564556605997495353221893310546875
9.232121944427490234375
9.2472960948944091796875
9.3754143714904802919818394002504646778106689453125
9.7185420989990234375
9.6406741142272966982318394002504646778106689453125
9.227958202362060546875
9.1665513515472394345806605997495353221893310546875
9.259090423583984375
9.3111050128936767578125
9.3345000743865966796875
9.3677833080291765810443394002504646778106689453125
9.4242954254150408388568394002504646778106689453125
9.4498004913330078125
9.14314556121826171875
9.174635410308837890625
9.15980815887451171875
9.3455474376678484560443394002504646778106689453125
9.2888073921203595517681605997495353221893310546875
9.1885187625884992002056605997495353221893310546875
9.2886106967926043154193394002504646778106689453125
9.2876472473144513486431605997495353221893310546875
9.6222951412200927734375
9.645950794219970703125
9.5874774456024152158306605997495353221893310546875
9.21428203582763671875
9.246547698974609375
9.2200336456298845888568394002504646778106689453125
9.2617132663726806640625
9.2659513950347900390625
9.3314678668975847841693394002504646778106689453125
9.36904811859130859375
9.4146480560302716611431605997495353221893310546875
9.334586620330810546875
9.2573130130767822265625
9.3143589496612566591693394002504646778106689453125
9.3495562076568603515625
9.3579652309417724609375
9.2445795536041259765625
9.3170588016509992002056605997495353221893310546875
9.3123352527618408203125
9.6680097579956036923931605997495353221893310546875
9.68562030792236328125
9.513045787811279296875
9.5059835910797119140625
9.5494673252105712890625
9.3730592727661115048931605997495353221893310546875
9.3711125850677472470806605997495353221893310546875
9.3595807552337646484375
9.6202895641326904296875
9.515217304229736328125
9.5782940387725847841693394002504646778106689453125
9.5664284229278564453125
9.4589893817901593564556605997495353221893310546875
9.3585345745086687685443394002504646778106689453125
9.4664433002471923828125
9.4469432830810564638568394002504646778106689453125
9.4473812580108642578125
9.2374992370605486513568394002504646778106689453125
9.2268521785736083984375
9.6883976459503156064556605997495353221893310546875
9.5954658985137939453125
9.5970699787139892578125
9.3886530399322527529193394002504646778106689453125
9.35815525054931640625
9.360745906829833984375
9.4249045848846435546875
9.3846361637115478515625
9.2797172069549560546875
9.4466965198516845703125
9.447534084320068359375
9.4433591365814191220806605997495353221893310546875
9.4753086566925048828125
9.2694962024688720703125
9.271866321563720703125
9.2617485523223876953125
9.2978925704956036923931605997495353221893310546875
9.3522994518280047060443394002504646778106689453125
9.3574631214141845703125
9.1016969680786115048931605997495353221893310546875
9.3896329402923583984375
9.3241505622863751767681605997495353221893310546875
9.309329986572265625
9.4215281009674072265625
9.3497853279113751767681605997495353221893310546875
9.3982026576995831845806605997495353221893310546875
9.3717472553253156064556605997495353221893310546875
9.38889789581298828125
9.5213520526886004091693394002504646778106689453125
9.3642442226409912109375
9.33936405181884765625
9.320556640625
9.229298114776611328125
9.3070952892303484560443394002504646778106689453125
9.3072626590728759765625
9.2397298812866193173931605997495353221893310546875
9.284012317657470703125
9.2113196849822998046875
9.5111172199249285341693394002504646778106689453125
9.6130297183990478515625
9.277929782867431640625
9.2537705898284912109375
9.553743839263916015625
9.4582717418670636533306605997495353221893310546875
9.41134929656982421875
9.48674297332763671875
9.403667449951171875
9.356836795806884765625
9.4034709930419921875
