1464.2114
1599.4265
1527.0419
1554.9841
1448.9073
1458.8617
1523.3887
1397.4459
1495.6045
1339.7428
1490.6937
1609.2611
1522.1938
1471.3713
1348.588
1404.408
1494.9282
1406.8676
1618.5314
1545.5645
1443.2329
1422.4192
1346.9995
1447.9263
1459.5101
1471.2463
1400.4587
1451.162
1459.3845
1464.2537
1468.8131
1562.4607
1354.1124
1643.7914
1484.4069
1446.6726
1563.1007
1548.4122
1505.8837
1518.6735
1514.594
1481.6517
1467.7648
1392.8032
1506.8213
1537.6189
1466.2778
1488.4882
1447.6691
1643.6593
1550.9221
1520.6438
1502.2513
1482.6603
1528.0376
1515.1508
1461.1794
1362.4338
1518.132
1432.7751
1542.3417
1560.1769
1303.3954
1478.9498
1463.0984
1490.2745
1626.9866
1441.0917
1349.2549
1671.0049
1519.406
1536.1395
1552.5735
1627.147
1512.2909
1425.6301
1645.2603
1407.3917
1505.4672
1511.8386
1434.4563
1475.9075
1498.5659
1473.5647
1474.7043
1596.3656
1387.9625
1395.9166
1513.1943
1497.5249
1698.9584
1467.8693
1507.5648
1415.9459
1542.5686
1469.6564
1548.8987
1462.82
1456.1111
1612.693
1705.1146
1488.9865
1482.1333
1474.4756
1555.0344
1448.3564
1393.602
1458.7856
1335.259
1713.2821
1394.5244
1448.4857
1475.142
1489.6445
1447.1711
1553.9934
1468.6549
1510.8191
1422.4674
1573.3308
1423.9598
1520.6499
1521.8053
1286.5026
1453.5784
1545.0184
1412.6357
1393.558
1542.3833
1450.6235
1352.7495
1447.8838
1476.0826
1477.4493
1350.0709
1498.4972
1534.1525
1580.1191
1579.1179
1532.3705
1409.355
1435.2883
1481.945
1393.9135
1504.6733
1532.4155
1370.8468
1551.5953
1541.5358
1418.1294
1416.5935
