6.6648936
5.096099
6.274869
8.484092
5.353141
6.0556645
8.285003
6.339776
6.153443
5.145908
7.6446104
5.288503
5.208773
7.4526715
5.237781
8.710175
4.8275285
3.9632308
4.223932
7.9810677
5.0637503
4.3261576
7.4254065
4.0733275
6.7101073
6.2394977
4.725766
6.127885
5.3406544
5.175695
4.672482
4.81778
4.968538
5.2775273
4.936938
10.433297
5.93682
4.894049
7.6590686
7.3023076
4.3274994
7.5251937
7.1042404
5.238585
5.0179944
7.807185
4.121209
9.678797
5.5779366
9.907662
6.041331
6.8675494
6.74058
6.160321
7.413052
5.1408634
8.849808
4.2620215
5.2750025
7.2472997
4.677869
6.233623
6.939621
5.675744
6.247644
9.158304
3.7652607
8.161877
6.114901
7.598679
4.312752
6.470174
4.7734647
4.7222733
6.2432065
7.2411876
7.510396
8.607466
6.038485
5.8557982
9.125875
6.5206423
6.286206
6.414459
5.53798
9.876551
8.065423
4.744918
5.737903
8.253391
7.499674
4.796964
7.6172695
4.3139305
10.13452
7.8252983
4.2250996
4.6897397
4.2590814
7.3027396
5.7102547
6.2263155
3.6380756
6.0298343
4.6441283
5.084825
7.0269656
7.2838225
8.240086
4.739925
4.384659
8.595481
5.6936603
6.4211273
9.322519
5.7851615
7.9545197
5.484682
4.504035
8.451586
7.055331
8.5488615
4.5109267
4.6125836
5.4181075
6.8777556
6.6580234
4.743464
6.079499
5.3907046
9.589106
5.1659493
4.646997
5.3632236
6.7500668
3.0826247
7.629734
6.5922256
5.6013093
7.309467
5.887315
4.6681094
4.887772
6.998513
4.1184444
6.237642
9.440484
5.3599358
3.580756
8.98256
6.486024
