0.996112346649169921875
0.9970800876617431640625
0.9962437152862548828125
0.9956262111663818359375
0.992805063724517822265625
0.99663257598876953125
0.99389553070068359375
0.995545208454132080078125
0.995905101299285888671875
0.996930181980133056640625
0.9848175048828125
0.991181552410125732421875
0.997499048709869384765625
0.98043859004974365234375
0.994673907756805419921875
0.98702800273895263671875
0.993220746517181396484375
0.99660527706146240234375
0.997461855411529541015625
0.99798738956451416015625
0.99840986728668212890625
0.994477748870849609375
0.991381168365478515625
0.99147212505340576171875
0.99670636653900146484375
0.99577152729034423828125
0.994821608066558837890625
0.99799120426177978515625
0.9953296184539794921875
0.995281755924224853515625
0.993802845478057861328125
0.994483053684234619140625
0.994034349918365478515625
0.996245443820953369140625
0.997101008892059326171875
0.98592603206634521484375
0.986052811145782470703125
0.995312988758087158203125
0.997473239898681640625
0.9961535930633544921875
0.9975450038909912109375
0.991234302520751953125
0.99256503582000732421875
0.99605357646942138671875
0.9930145740509033203125
0.993851721286773681640625
0.995033800601959228515625
0.99562466144561767578125
0.9955861568450927734375
0.996609389781951904296875
0.99670588970184326171875
0.9928977489471435546875
0.996625840663909912109375
0.992473304271697998046875
0.986029326915740966796875
0.994852960109710693359375
0.996039688587188720703125
0.995975434780120849609375
0.994925975799560546875
0.9969718456268310546875
0.99297046661376953125
0.99627888202667236328125
0.997737407684326171875
0.99477660655975341796875
0.993888676166534423828125
0.995793521404266357421875
0.99551093578338623046875
0.9957561492919921875
0.991792380809783935546875
0.992873609066009521484375
0.99672138690948486328125
0.996846020221710205078125
0.990653514862060546875
0.9963357448577880859375
0.996512889862060546875
0.997443735599517822265625
0.997347056865692138671875
0.997455179691314697265625
0.995783030986785888671875
0.993372619152069091796875
0.986900150775909423828125
0.99642217159271240234375
0.99578177928924560546875
0.983836114406585693359375
0.996465742588043212890625
0.994846999645233154296875
0.995883882045745849609375
0.996580183506011962890625
0.99340164661407470703125
0.9949576854705810546875
0.995685160160064697265625
0.99682140350341796875
0.9956262111663818359375
0.996202766895294189453125
0.992810904979705810546875
0.998055279254913330078125
0.9966297149658203125
0.990948736667633056640625
0.993787944316864013671875
0.98951542377471923828125
0.99412262439727783203125
0.995865881443023681640625
0.998138010501861572265625
0.994562804698944091796875
0.99552166461944580078125
0.990531504154205322265625
0.995943129062652587890625
0.99575603008270263671875
0.995098769664764404296875
0.99459850788116455078125
0.997489452362060546875
0.9842832088470458984375
0.995139300823211669921875
0.996360599994659423828125
0.99625909328460693359375
0.994226872920989990234375
0.98072278499603271484375
0.995392262935638427734375
0.9955546855926513671875
0.99688351154327392578125
0.997787058353424072265625
0.995870530605316162109375
0.9921467304229736328125
0.99710810184478759765625
0.99388301372528076171875
0.98612105846405029296875
0.995073497295379638671875
0.996552169322967529296875
0.997638285160064697265625
0.98983657360076904296875
0.99573409557342529296875
0.995642125606536865234375
0.993672311305999755859375
0.996014297008514404296875
0.99645411968231201171875
0.99678194522857666015625
0.994436919689178466796875
0.99595463275909423828125
0.994898736476898193359375
0.99595701694488525390625
0.9964210987091064453125
0.995386064052581787109375
0.996257841587066650390625
0.99529170989990234375
0.993401348590850830078125
0.994883120059967041015625
0.992578923702239990234375
0.99458348751068115234375
0.996565341949462890625
0.996258795261383056640625
0.99504697322845458984375
