-0.0064416289358909702145172815335172344930469989776611328125
-0.00733055585027926094598971218374572345055639743804931640625
-0.011004032259177266850347365334528149105608463287353515625
-0.0083226978108167544434525808583202888257801532745361328125
-0.0112419349783747617166351773221322218887507915496826171875
-0.022565995333270805200953645908157341182231903076171875
-0.0111965569906146387990641954957027337513864040374755859375
-0.00860291709045522649812465232344038668088614940643310546875
-0.00807782514897625869565445100306533277034759521484375
-0.006556424820536636832724042278641718439757823944091796875
-0.0106960998190425669862602120474548428319394588470458984375
-0.016336839086219002992184101685779751278460025787353515625
-0.0162874719240638128614495627743963268585503101348876953125
-0.01071019962922812630845559311865144991315901279449462890625
-0.01417811301989634238662763010552225750871002674102783203125
-0.0065622325333989477147422775260565686039626598358154296875
-0.0177951323935073117687988286661493475548923015594482421875
-0.0111480652601338332818858845030263182707130908966064453125
-0.006255331631470607833822583643268444575369358062744140625
-0.0123899101388210246266208258703045430593192577362060546875
-0.01820480831695692192084834459819830954074859619140625
-0.0171614929858444377475112929687384166754782199859619140625
-0.017621892779175009347003566517742001451551914215087890625
-0.00603535214502804069625074845362178166396915912628173828125
-0.0167834504714840793138108665516483597457408905029296875
-0.00673799983863127525951508545176693587563931941986083984375
-0.00586188222098514566393845370839699171483516693115234375
-0.0162171810089236541341239927760398131795227527618408203125
-0.00927387290860613548726387733722731354646384716033935546875
-0.00421098292983766893382568952119981986470520496368408203125
-0.004649433083418873062508946958359956624917685985565185546875
-0.01199555458124883060289089797834094497375190258026123046875
-0.019187399767142489237503610866042436100542545318603515625
-0.0113948357955122696327787679138054954819381237030029296875
-0.0084136414192095033970364426068044849671423435211181640625
-0.02251472831873237157029876698288717307150363922119140625
-0.0124386200109774421040942371519122389145195484161376953125
-0.002050908604620124524309243696507110144011676311492919921875
-0.01416944299566696117975705959679544321261346340179443359375
-0.0160866384942002053903831182424255530349910259246826171875
-0.01387217609641128689135225471318335621617734432220458984375
-0.00747886865906908886170167960472099366597831249237060546875
-0.0084558762181259350398931928793899714946746826171875
-0.004979585285090257738838115386670324369333684444427490234375
-0.00966274049476444074624481572755030356347560882568359375
-0.012497029231432262019740875302886706776916980743408203125
-0.0119742458279161294310011243169356021098792552947998046875
-0.010118283588672082051740375163717544637620449066162109375
-0.0052890533409615074489362740450815181247889995574951171875
-0.01523065181692568985372115974996631848625838756561279296875
-0.0194470685067085202746284267050214111804962158203125
-0.013552178395569235147544162600752315483987331390380859375
-0.0087797685164706894267450110191930434666574001312255859375
-0.00851929510082516383562278861063532531261444091796875
-0.009446526227198721870070841077904333360493183135986328125
-0.00535040812124825369833214239179142168723046779632568359375
-0.0092630048808173721941461309370424714870750904083251953125
-0.006633184828537220904809412758140751975588500499725341796875
-0.01183379415409872847941841200736234895884990692138671875
-0.0132006222725257645056462507682226714678108692169189453125
-0.00875634268677647452372436731593552394770085811614990234375
-0.00410152891118827599148399798423270112834870815277099609375
-0.006926650372133940324059775406340122572146356105804443359375
-0.01191967535355070197111704288772671134211122989654541015625
-0.0087350685802040674288182486861842335201799869537353515625
-0.01028349234545026559539682153854300850071012973785400390625
-0.0080634609467233053781143325977609492838382720947265625
-0.00706486179520134267850739462346609798260033130645751953125
-0.00696636092009068896846457619176362641155719757080078125
-0.00730579220731586258252843180116542498581111431121826171875
-0.010489443516204406681158189940106240101158618927001953125
-0.0114106849515865117761226343873204314149916172027587890625
-0.01058093910165972505177389706432222737930715084075927734375
-0.00759778303899510433494501882023541838862001895904541015625
-0.0087763610903267182117293288001746986992657184600830078125
-0.01320660208885186988336801761079186690039932727813720703125
-0.01141295190843593342078232666381154558621346950531005859375
-0.0099072019154484401715077268590903258882462978363037109375
-0.00812821611313120813424593080753766116686165332794189453125
-0.0135661228294405022953839079491444863379001617431640625
-0.0075133780018693217817027374394456273876130580902099609375
-0.0097125434920751589629173139428530703298747539520263671875
-0.01347998364415794146642380013645379221998155117034912109375
-0.01106656589245365827911538048056172556243836879730224609375
-0.01244549799068133712209860419761753291822969913482666015625
-0.0187104500678672291957838069720310159027576446533203125
-0.0102696669939114325342810474239740869961678981781005859375
-0.00859548344078481761643129033245713799260556697845458984375
-0.01525659664679042404333841886909794993698596954345703125
-0.007627064585274370873968496908901215647347271442413330078125
-0.01246173352429538923324958687999242101795971393585205078125
-0.0081471637029075956448753714767008204944431781768798828125
-0.006416361478877467827697245184026542119681835174560546875
-0.0095920605332869002257467627714504487812519073486328125
-0.0277324571261668810506773041879569063894450664520263671875
-0.004541892955839471439360988114231076906435191631317138671875
-0.0083039476262382165561160007882790523581206798553466796875
-0.005094834526113885438125539195652891066856682300567626953125
-0.0138375112670601312092610868376141297630965709686279296875
-0.01075604705697542906595032263794564642012119293212890625
-0.01189124765943478691243573308611303218640387058258056640625
-0.008474883363369774269546752520909649319946765899658203125
-0.0080493600440169101040144283842892036773264408111572265625
-0.0126531046130282133488353935035775066353380680084228515625
-0.0106320368790252250956740454057580791413784027099609375
-0.01115410060607160448731267621269580558873713016510009765625
-0.01794185745145442101300403692221152596175670623779296875
-0.01681645578037498089951640167782898060977458953857421875
-0.006516205240363421614946393134459867724217474460601806640625
-0.0087772499358680262926402093626165878959000110626220703125
-0.010591897698103307223771452072469401173293590545654296875
-0.01473352874408194457256371379116899333894252777099609375
-0.02060323600088949380637615149680641479790210723876953125
-0.015181748897135645404166126581912976689636707305908203125
-0.0119091361055794105194838294892178964801132678985595703125
-0.00919747557624170548884467990546909277327358722686767578125
-0.014596854915477068537210669774140114895999431610107421875
-0.006324535526579975856786841603707216563634574413299560546875
-0.0090890322075298547732646881058826693333685398101806640625
-0.006309600552078085781981808821683443966321647167205810546875
-0.0229413221067063556601883789198836893774569034576416015625
-0.0236070090658830021579372981932465336285531520843505859375
-0.00878069365907562481010639743317369720898568630218505859375
-0.0137364774963171822064200711110970587469637393951416015625
-0.014825160210522554671275230475657735951244831085205078125
-0.0100641751698373783929785219015684560872614383697509765625
-0.00784919111064738030114629196987152681685984134674072265625
-0.01174806852324983448554451825884825666435062885284423828125
-0.0112351403780055758563349854739499278366565704345703125
-0.013209592204337754217657874278302188031375408172607421875
-0.03288883586523679014579357726688613183796405792236328125
-0.01154249870975189266875116089750008541159331798553466796875
-0.0091297129465762842659426468117089825682342052459716796875
-0.0046872804360171445303695492157203261740505695343017578125
-0.0159232863391249694628992727984950761310756206512451171875
-0.0163840412343764472991036740268100402317941188812255859375
-0.021909714337591291999363107834142283536493778228759765625
-0.00553579342330427770502154771747882477939128875732421875
-0.0115053138410671808300467233721064985729753971099853515625
-0.0116541208749942164224489005164286936633288860321044921875
-0.01182484488052108935474127093812057864852249622344970703125
-0.0064474159639808896471446786335945944301784038543701171875
-0.005216486182578615633798069239901451510377228260040283203125
-0.0234802172868711390985030362799079739488661289215087890625
-0.011191354220374101491319862589080003090202808380126953125
-0.0197338363439037052515789838480486650951206684112548828125
-0.01500069666891849784473578210963751189410686492919921875
-0.00666760163535067180984317047887088847346603870391845703125
-0.0073404663922994987934611543778373743407428264617919921875
-0.0196877722697975411636495124412249424494802951812744140625
-0.0112852352989800987226320927447886788286268711090087890625
