0.4035658023190020760040397362899966537952423095703125
0.407729209706309492222686685636290349066257476806640625
0.320281802832170559014457467128522694110870361328125
0.421973262624290634814627765081240795552730560302734375
0.254703173212580791240355893023661337792873382568359375
0.47325688532330267843661886217887513339519500732421875
0.481245478169034790472124996085767634212970733642578125
0.38487120022446108524860619581886567175388336181640625
0.2475004872708867209585292812334955669939517974853515625
0.3228608065467690746430662329657934606075286865234375
0.406269776690089567949826232506893575191497802734375
0.268036397302320261726293892934336327016353607177734375
0.455439383975152878303305215013097040355205535888671875
0.415267787229866069953487794919055886566638946533203125
0.261930956384145707804833591580973006784915924072265625
0.320830394763687298809173853442189283668994903564453125
0.452418245530945950516610309932730160653591156005859375
0.29273872033947834214728800361626781523227691650390625
0.29172106439206124672836040190304629504680633544921875
0.438877395162138139728114083482068963348865509033203125
0.47656221766965922714831549455993808805942535400390625
0.338262920047834203529646401875652372837066650390625
0.40134492886678696521585152368061244487762451171875
0.4871113401286775168586018480709753930568695068359375
0.437862240474147179636332793961628340184688568115234375
0.459346908695970668201624675930361263453960418701171875
0.52857222256356817258193814268452115356922149658203125
0.41374229971002651762290724946069531142711639404296875
0.425420966898201358130648941369145177304744720458984375
0.40036377267678513458548650305601768195629119873046875
0.4076548633875847205132458839216269552707672119140625
0.406726544177344051522737800041795708239078521728515625
0.30478932992400153967338383154128678143024444580078125
0.368938347291750401435450612552813254296779632568359375
0.418098868058867367825115479718078859150409698486328125
0.49399682105563924583435664317221380770206451416015625
0.312466833581879821490900894787046127021312713623046875
0.306795341188233428031395533253089524805545806884765625
0.486759281203226812362316877624834887683391571044921875
0.34081216528473878835114874163991771638393402099609375
0.409588531850002601775173616260872222483158111572265625
0.438098501413587582131725639555952511727809906005859375
0.31894956040636646132924170160549692809581756591796875
0.43776545761165441827955646658665500581264495849609375
0.41919951588848058943170826751156710088253021240234375
0.5155473145378699495466889857198111712932586669921875
0.461492791349010278434406018277513794600963592529296875
0.454403033256436772457931283497600816190242767333984375
0.50986448526945238324259435103158466517925262451171875
0.441614813127269079107151128482655622065067291259765625
0.372142601301198971963657413652981631457805633544921875
0.1832677308536951599204911644847015850245952606201171875
0.476843215691669486400172672802000306546688079833984375
0.2800541951201320767239622000488452613353729248046875
0.477833606301280633399386488235904835164546966552734375
0.3718996836176373665949768110294826328754425048828125
0.361433665653269120543455983352032490074634552001953125
0.360949939394349772481263016743469052016735076904296875
0.440687661659172391637184773571789264678955078125
0.42398255325014300165520353402826003730297088623046875
0.3896564429210427338290401166887022554874420166015625
0.405469840332979780672673086883150972425937652587890625
0.440900032639895911312777343482594005763530731201171875
0.508706365798000437195014455937780439853668212890625
0.404928017100100345881941166226170025765895843505859375
0.414161121726974446044522437659907154738903045654296875
0.420951985628439384612420326448045670986175537109375
0.41821595644529285795698569927481003105640411376953125
0.456342150522511313948115230232360772788524627685546875
0.383130309237501187613617048555170185863971710205078125
0.310363411300956515415094827403663657605648040771484375
0.409994436641880899419021488938597030937671661376953125
0.3998053800869445506549482161062769591808319091796875
0.435741435868147675147810105045209638774394989013671875
0.450594897476344236064704773525591008365154266357421875
0.52841500689353260167280268433387391269207000732421875
0.4480457438194027641742422929382883012294769287109375
0.452982946020941856790642532359925098717212677001953125
0.433991431271395222690756554584368132054805755615234375
0.400982333393422318845722429614397697150707244873046875
0.299364042866590629454748295756871812045574188232421875
0.5202126151287072008955192359280772507190704345703125
0.493445212489078299800127069829613901674747467041015625
0.388873016630083945255336175250704400241374969482421875
0.37292765330617505536991984627093188464641571044921875
0.35481447787392050852162128649069927632808685302734375
0.397806065940823572191220591776072978973388671875
0.382217710592303638872380133761907927691936492919921875
0.357412056992873095051521659115678630769252777099609375
0.3935934952383581819645996802137233316898345947265625
0.400402621324296659199859504951746203005313873291015625
0.4506174288676607631032311473973095417022705078125
0.363185571057591527477370618726126849651336669921875
0.3733208823848752633267622513812966644763946533203125
0.481897689122465389122140777544700540602207183837890625
0.44472364172141787275194246831233613193035125732421875
0.286384872762405873203306327923201024532318115234375
0.38687217399402928919016630970872938632965087890625
0.4129650132611180080033363992697559297084808349609375
0.461220244089161790501663062968873418867588043212890625
0.4551694623183994981019395709154196083545684814453125
0.368785760753487068530631631801952607929706573486328125
0.459356782881968850329457154657575301826000213623046875
0.453800853345642796199399526813067495822906494140625
0.36866633660096415070483999443240463733673095703125
0.485677022501873223436774651418090797960758209228515625
0.155335604385540781979813118596212007105350494384765625
0.40931920905961194367961297757574357092380523681640625
0.41334377332028771068195283078239299356937408447265625
0.4650264257739771256439098578994162380695343017578125
0.4138368931324027943929877437767572700977325439453125
0.397349227756877088069131787051446735858917236328125
0.388871772832445505851950429132557474076747894287109375
0.393629997894987260220744929029024206101894378662109375
0.343877637006564318422618953263736329972743988037109375
0.35498265243036997151904188285698182880878448486328125
0.368227744277826063434844172661541961133480072021484375
0.498556786656956296699405584149644710123538970947265625
0.44142574209590457190444112711702473461627960205078125
0.445577726415049113484201370738446712493896484375
0.4892194881376834558750488213263452053070068359375
0.335517779807072702435988276192802004516124725341796875
0.360487415041776559920805311776348389685153961181640625
0.41874598267190155098660397925414144992828369140625
0.45140129015779806298525045349379070103168487548828125
0.36050025321421930168952485473710112273693084716796875
0.44104932706273836107158103914116509258747100830078125
0.39451111586215892312878850134438835084438323974609375
0.471904117701412328944599039459717459976673126220703125
0.409767540829939658220126830201479606330394744873046875
0.42590259593189860876094599007046781480312347412109375
0.456085711468869947626814109753468073904514312744140625
0.40380749988739317313246601770515553653240203857421875
0.415513555666269407407042990598711185157299041748046875
0.348720021129517998570435111105325631797313690185546875
0.451569096574337358607209580441121943295001983642578125
0.38350754051998048321792111892136745154857635498046875
0.417253427701361923052303382064565084874629974365234375
0.2141769869879696364112220408060238696634769439697265625
0.439665824996669563073936615182901732623577117919921875
0.34136859879251890692586357545224018394947052001953125
0.40587050811179115061833044819650240242481231689453125
0.50028332591198843015689590174588374793529510498046875
0.36620361271233259348178989966982044279575347900390625
0.39908934106289339904805046899127773940563201904296875
0.420048537472259175817868026570067740976810455322265625
0.4776689043508854926045614774920977652072906494140625
0.499003875448803146941401109870639629662036895751953125
0.444216048586383582819081539128092117607593536376953125
0.3358919496798777881707565029500983655452728271484375
0.430763090965475659022132504105684347450733184814453125
