0.2771701104938983917236328125
0.273894769139587879180908203125
0.27967347786761820316314697265625
0.2732030334882438182830810546875
0.273388296249322593212127685546875
0.276722980546765029430389404296875
0.27801676490344107151031494140625
0.274857623619027435779571533203125
0.275257207569666206836700439453125
0.274353929678909480571746826171875
0.273353677825070917606353759765625
0.2765889340080320835113525390625
0.275233249994926154613494873046875
0.27437487454153597354888916015625
0.276034133159555494785308837890625
0.275479558273218572139739990234375
0.276720514404587447643280029296875
0.2766531757079064846038818359375
0.27359422482550144195556640625
0.27806328795850276947021484375
0.2818375178612768650054931640625
0.2740358053706586360931396484375
0.279212518595159053802490234375
0.276300199446268379688262939453125
0.279593916493467986583709716796875
0.2775266743265092372894287109375
0.27366041601635515689849853515625
0.27535240096040070056915283203125
0.27546120970509946346282958984375
0.2807257473468780517578125
0.27721303212456405162811279296875
0.27412227890454232692718505859375
0.2771786968223750591278076171875
0.276880822959356009960174560546875
0.277666681446135044097900390625
0.278975393739528954029083251953125
0.276666489313356578350067138671875
0.280193529091775417327880859375
0.278966031386516988277435302734375
0.27838039281778037548065185546875
0.27857047808356583118438720703125
0.274542824015952646732330322265625
0.275146048166789114475250244140625
0.272927507176063954830169677734375
0.2751888930797576904296875
0.279230744927190244197845458984375
0.27449293644167482852935791015625
0.274227487854659557342529296875
0.278188161435537040233612060546875
0.28221741854213178157806396484375
0.2735450230538845062255859375
0.277656232006847858428955078125
0.277154813171364367008209228515625
0.273343245149590075016021728515625
0.277057454106397926807403564453125
0.274075000546872615814208984375
0.2734549022279679775238037109375
0.27863953844644129276275634765625
0.2801156030036509037017822265625
0.278395877219736576080322265625
0.2787046818993985652923583984375
0.276646218611858785152435302734375
0.27739289891906082630157470703125
0.275426270789466798305511474609375
0.2730139396153390407562255859375
0.274447112693451344966888427734375
0.274265464046038687229156494140625
0.28127068583853542804718017578125
0.280589440255425870418548583984375
0.274430408258922398090362548828125
0.27761586918495595455169677734375
0.273110382375307381153106689453125
0.271780311944894492626190185546875
0.27635853295214474201202392578125
0.2793482127599418163299560546875
0.276560913887806236743927001953125
0.2813315787352621555328369140625
0.277960616745986044406890869140625
0.273996159550733864307403564453125
0.281308862031437456607818603515625
0.280480122775770723819732666015625
0.279106912785209715366363525390625
0.27825565892271697521209716796875
0.274846532265655696392059326171875
0.27492405869998037815093994140625
0.275822612456977367401123046875
0.274933699402026832103729248046875
0.277107013971544802188873291015625
0.2751210145652294158935546875
0.28315243381075561046600341796875
0.27591417334042489528656005859375
0.27736628218553960323333740234375
0.276206741691567003726959228515625
0.275498083443380892276763916015625
0.279310519690625369548797607421875
0.27593431458808481693267822265625
0.279348759097047150135040283203125
0.273131848894990980625152587890625
0.27310802577994763851165771484375
0.2733851079829037189483642578125
0.272801700164563953876495361328125
0.2737578465603291988372802734375
0.273964377935044467449188232421875
0.27750707603991031646728515625
0.2784743388183414936065673828125
0.273726652725599706172943115234375
0.2765646581538021564483642578125
0.276161029003560543060302734375
0.273847031989134848117828369140625
0.27413512882776558399200439453125
0.277178521151654422283172607421875
0.280155560350976884365081787109375
0.276286858948878943920135498046875
0.28009759448468685150146484375
0.276171826873905956745147705078125
0.276423276984132826328277587890625
0.270386552088893949985504150390625
0.274667085730470716953277587890625
0.272692223661579191684722900390625
0.27420320664532482624053955078125
0.27591232978738844394683837890625
0.278611610992811620235443115234375
0.27390854619443416595458984375
0.281789635424502193927764892578125
0.276207816204987466335296630859375
0.280328965163789689540863037109375
0.27732533705420792102813720703125
0.27800521743483841419219970703125
0.279635783866979181766510009765625
0.2707454371266067028045654296875
0.2773071485571563243865966796875
0.276928420062176883220672607421875
0.27436077059246599674224853515625
0.2764886938966810703277587890625
0.274121252470649778842926025390625
0.280269859242253005504608154296875
0.273812878760509192943572998046875
0.2765186750330030918121337890625
0.278591394773684442043304443359375
0.274062360986135900020599365234375
0.2745766644366085529327392578125
0.27758248453028500080108642578125
0.272636823356151580810546875
0.2761816405691206455230712890625
0.274868419277481734752655029296875
0.270907304133288562297821044921875
0.271159992436878383159637451171875
0.274475577170960605144500732421875
0.276336026727221906185150146484375
0.279043751186691224575042724609375
0.276996017550118267536163330078125
