0.99981804714882771545347850405960343778133392333984375
1.000021836488881543658635564497672021389007568359375
1.001701365188278014528577841701917350292205810546875
0.9999795369655928301000358260353095829486846923828125
0.999878570635511554343111129128374159336090087890625
0.9999718720579131581160936548258177936077117919921875
0.99992766791134801707130463910289108753204345703125
0.9998924613768320757145602328819222748279571533203125
0.9998697584015963091275125407264567911624908447265625
0.99994778699319908366049958203802816569805145263671875
1.0007793388969596914961357470019720494747161865234375
0.9992035604961326811235267086885869503021240234375
1.000051735335808711369054435635916888713836669921875
1.0005232505696539657691346292267553508281707763671875
0.999781127403018832211500921403057873249053955078125
0.998595170160343936771596418111585080623626708984375
0.99934517320622529013007806497626006603240966796875
0.99992937375525670073983519614557735621929168701171875
0.9999686703533756659822984147467650473117828369140625
0.99988169330896348174775312145357020199298858642578125
1.000018704642044564678826645831577479839324951171875
0.999583695116435411165412006084807217121124267578125
0.99944493234498654743447332293726503849029541015625
0.9996158656307698731069422137807123363018035888671875
1.0000695973585440601283380601671524345874786376953125
0.999658692628729195206460644840262830257415771484375
0.999913490206579158581234878511168062686920166015625
1.0000063794368327929618089910945855081081390380859375
0.99983878121865699117876147283823229372501373291015625
0.99980875855928397211158653590246103703975677490234375
0.9997430457270060077945572629687376320362091064453125
0.999893890693637654720760110649280250072479248046875
0.99972691107378219843582201065146364271640777587890625
1.00011928201420996487058800994418561458587646484375
0.99989986341632164368320445646531879901885986328125
0.99950469251629769917855128369410522282123565673828125
1.0002597575827232301293179261847399175167083740234375
0.9998566059368820813091360832913778722286224365234375
0.9998475019760337811902672910946421325206756591796875
0.99997318215229002991151219248422421514987945556640625
0.9999790439308855471978176865377463400363922119140625
0.99978171136165883137181253914604894816875457763671875
0.999534269738169722785414705867879092693328857421875
1.0000753341227348602870961258304305374622344970703125
0.999719283318873497279355433420278131961822509765625
0.99972092303787629674616255215369164943695068359375
0.99991764056334719867891180911101400852203369140625
0.9999476512618634682638685262645594775676727294921875
0.99989207518415756936747129657305777072906494140625
0.9999506500019765820042039194959215819835662841796875
0.99997698715718374984362526447512209415435791015625
0.99974971491136255252740738797001540660858154296875
0.9999159667712917975990194463520310819149017333984375
0.9989736934299118242819304214208386838436126708984375
0.9952613732011552638567764006438665091991424560546875
0.999894061595068439629585554939694702625274658203125
0.99957562637586538922818135688430629670619964599609375
0.99986534383185821095452183726592920720577239990234375
0.9999231377027892886388826809707097709178924560546875
0.999958968069602160966269366326741874217987060546875
0.999882836385344031526756225503049790859222412109375
0.9993740596849833845993771319626830518245697021484375
0.9999152276040270681534138930146582424640655517578125
0.9998093998607944232759336955496110022068023681640625
0.999394271956560942271607927978038787841796875
0.99990448573335177773202531170682050287723541259765625
0.999949214526927310231485535041429102420806884765625
0.9999817739181724451924537788727320730686187744140625
1.0005861857296183270449319024919532239437103271484375
0.99963872445933665833450731952325440943241119384765625
0.999809814573771493684262168244458734989166259765625
0.999858701916314540625307927257381379604339599609375
0.9996393757960817527674635130097158253192901611328125
0.99998390211642795843971498470637015998363494873046875
1.0000116125768323538380855097784660756587982177734375
0.9999195897242199038146281964145600795745849609375
0.999829879962726320030697024776600301265716552734375
1.000067569759775398807732926798053085803985595703125
0.9999599217555450447747489306493662297725677490234375
0.99993406208222024300624752868316136300563812255859375
1.0007912084407504238470210111699998378753662109375
0.9999059143660844473089355233241803944110870361328125
0.9997880741439912899437558735371567308902740478515625
0.999937811800891918068145969300530850887298583984375
0.99992596067676042803640257261577062308788299560546875
0.9997826148102244570026186920586042106151580810546875
0.999779736171953370416076722904108464717864990234375
1.00024876872195722654623750713653862476348876953125
0.9998493557636976003522022438119165599346160888671875
0.9999269802315760014010947998031042516231536865234375
0.9997990696477698779887077762396074831485748291015625
0.999931972136215652113833129988051950931549072265625
0.99995720826808798253892973662004806101322174072265625
0.99986120879007989170617065610713325440883636474609375
0.999686469338990857380622401251457631587982177734375
1.000182809569241992875276991981081664562225341796875
0.9998199001328911261765597373596392571926116943359375
1.0011887424863028517307839138084091246128082275390625
0.9999835733437503204612539775553159415721893310546875
1.0004698873676718395842044628807343542575836181640625
0.9996811935024110251646334290853701531887054443359375
0.999844999574334369896178031922318041324615478515625
0.9999745160535338239782277014455758035182952880859375
0.99996958215874354181096350657753646373748779296875
0.99993700795476680998064011873793788254261016845703125
1.0003574430927748561970247465069405734539031982421875
0.9996846324785206849838914422434754669666290283203125
1.0001212170854583138890347981941886246204376220703125
0.99992545402858967751313912231125868856906890869140625
0.9997314935089647303101401121239177882671356201171875
0.999944076383245228356599909602664411067962646484375
1.0009128498227166659262366010807454586029052734375
0.9998103566261615782195804058574140071868896484375
0.9999893726576962738050724510685540735721588134765625
0.999712755505227423924452523351646959781646728515625
0.99990530421416712325566322761005721986293792724609375
0.998499847139696417031018427223898470401763916015625
0.999521872015666890121110554900951683521270751953125
0.9998800720038720779569985097623430192470550537109375
0.99998419887652989501702904817648231983184814453125
0.99996197385924212586161274884943850338459014892578125
0.99981990258590147657713487205910496413707733154296875
0.9993822337714883818904354484402574598789215087890625
0.99987501177740956137540706549771130084991455078125
1.0000071113493869123800550369196571409702301025390625
0.9989496017519832182784966789768077433109283447265625
0.9999710433471113990577805452630855143070220947265625
0.9999430229181591744946899780188687145709991455078125
0.999942306691587123879116916214115917682647705078125
0.99952004491963120091924110965919680893421173095703125
0.9998009840556967287028555801953189074993133544921875
0.99995185688261656320463544034282676875591278076171875
0.9999151336601264095094165895716287195682525634765625
0.99994935707006238345684323576278984546661376953125
0.99988721602072805350047701722360216081142425537109375
0.9999116528047478080765131380758248269557952880859375
0.99971005147409941482550266300677321851253509521484375
0.99997055092375586315966984329861588776111602783203125
0.9999989419342114604916105236043222248554229736328125
0.9998824831822397118941125881974585354328155517578125
0.999892085009579378862554221996106207370758056640625
0.9999089308470072712253795543801970779895782470703125
0.99974063597008300252610979441669769585132598876953125
0.99982634484548338349441110040061175823211669921875
0.9997495047472917395481317726080305874347686767578125
0.99999584205139846471155351537163369357585906982421875
0.99946797019723820909575806581415235996246337890625
0.99965536656071751764329746947623789310455322265625
1.00008550856387490313181842793710529804229736328125
0.9999062090489161391815287061035633087158203125
0.99975528227504406597603292539133690297603607177734375
