0.03561889329360602707286176382694975472986698150634765625
0.0402117007785852409451621269909082911908626556396484375
0.0250549438990412855210454523557928041554987430572509765625
0.0313729345387842306625003629960701800882816314697265625
0.031430956750863277282537211476665106602013111114501953125
0.058110915549434961901997809263775707222521305084228515625
0.049868858573546635815088023946373141370713710784912109375
0.02253436977400948004746084052385413087904453277587890625
0.030103145715382022273853834803958307020366191864013671875
0.0304415650139295175524711822845347342081367969512939453125
0.0204441560304863510777462209944133064709603786468505859375
0.03822627042708946765170452408710843883454799652099609375
0.040266945716466322202631289428609306924045085906982421875
0.02763737520147858950370078900959924794733524322509765625
0.019217248680397265581110133325637434609234333038330078125
0.0216688668959054177298728660616689012385904788970947265625
0.04665240577495090301685110034668468870222568511962890625
0.0289462363591402906115579440893270657397806644439697265625
0.06365022842925131818514472570313955657184123992919921875
0.07303132915471366448656453940202482044696807861328125
0.0574298067190224525990771553551894612610340118408203125
0.067594853916447039665627016802318394184112548828125
0.050874497187445612278455797650167369283735752105712890625
0.025584759769647351379528998904788750223815441131591796875
0.0311491331967749703057979360210083541460335254669189453125
0.05774223111246819251096695779779111035168170928955078125
0.034712634614780128738953379752274486236274242401123046875
0.047514010576740151048369398267823271453380584716796875
0.026365551272039676466985014258170849643647670745849609375
0.0310385736653178458122059879542575799860060214996337890625
0.062294234095524834982082751366760930977761745452880859375
0.028255293161551002512066332883478025905787944793701171875
0.034564207087375960203434743789330241270363330841064453125
0.03610524098412391802437326759900315664708614349365234375
0.0190583938107153523511261283829298918135464191436767578125
0.05515127468378162867157499249515240080654621124267578125
0.027163914398328582733288527606418938376009464263916015625
0.035308166362557770467933693225859315134584903717041015625
0.052751640615027399483505377020264859311282634735107421875
0.043973309696821664960264541832657414488494396209716796875
0.0625525287458223722136807509741629473865032196044921875
0.031553857693624030866796914551741792820394039154052734375
0.04058505480490161299034213016057037748396396636962890625
0.05005770871218186146567319383393623866140842437744140625
0.053497893315201876240916334381836350075900554656982421875
0.0158836201166131056605745897059023263864219188690185546875
0.040805054850266954391546647684663184918463230133056640625
0.040030018725910297694436934534678584896028041839599609375
0.034212259021125866753632038808063953183591365814208984375
0.05939115511847097017561480924996430985629558563232421875
0.032258747255713815516031672814278863370418548583984375
0.07000521368347334405513038291246630251407623291015625
0.04054410234967165127528687662561424076557159423828125
0.0211731732166315321508331948052727966569364070892333984375
0.034764500603177754534112153805835987441241741180419921875
0.03831519506562484911338373194666928611695766448974609375
0.037846133996616092287634813828844926320016384124755859375
0.033340703813928611320971384657241287641227245330810546875
0.03136688859006166174570040539038018323481082916259765625
0.01436496414422770706575960275586112402379512786865234375
0.0784023634194426499721686241173301823437213897705078125
0.038382710403794755016360085164706106297671794891357421875
0.0605093401644868633670881763464421965181827545166015625
0.034478190170778112710880947133773588575422763824462890625
0.03689563743403444229240761842447682283818721771240234375
0.042254674314180083738445858898558071814477443695068359375
0.04440029640175635616827776175341568887233734130859375
0.029424038399745132410512127307811169885098934173583984375
0.042515069474430677853860061077284626662731170654296875
0.03970555540683652628874966694638715125620365142822265625
0.025991388253587432988211958218016661703586578369140625
0.07782594855330964012107841654142248444259166717529296875
0.0250344025946795910309017330064307316206395626068115234375
0.025042658944104456697488103600335307419300079345703125
0.0904085463320934146214113980022375471889972686767578125
0.027774958995159311492262332876634900458157062530517578125
0.04641639682944269373887635765640879981219768524169921875
0.0776839062720140194340245898274588398635387420654296875
0.028204630296111414533566374984729918651282787322998046875
0.028541119068680564918594200207735411822795867919921875
0.0279831944321669544295527742860940634272992610931396484375
0.0520085506445269185604729500482790172100067138671875
0.039328870240102363486922598667661077342927455902099609375
0.0726850675650409783212779757377575151622295379638671875
0.03536047373164198648343159447904326952993869781494140625
0.031048487074527064688567179473466239869594573974609375
0.0440691216601390156615281057383981533348560333251953125
0.03889565289493825128719350914252572692930698394775390625
0.042053616148697348098295378804323263466358184814453125
0.062305555620148000972591262325295247137546539306640625
0.05409906926191414278104474533392931334674358367919921875
0.0281759977590567423089140675074304454028606414794921875
0.030439434209956761634430222329683601856231689453125
0.030957874611910733697595077273945207707583904266357421875
0.0224409157120592228640276744044967927038669586181640625
0.0280265463371366201072998336485397885553538799285888671875
0.03521014622053129927703452040077536366879940032958984375
0.0274515334025076628010619828046401380561292171478271484375
0.038445491806626617969921966277979663573205471038818359375
0.06252506417717966502589632682429510168731212615966796875
0.041667106564328877660319250253451173193752765655517578125
0.03928633344153402429110855109684052877128124237060546875
0.069029481393793779009371291977004148066043853759765625
0.03729684438693615933235747661456116475164890289306640625
0.032141993522832763841012848615719121880829334259033203125
0.0194932896802712772588161982412202632986009120941162109375
0.0355665163482460633392889803872094489634037017822265625
0.03206407639441123669232780457605258561670780181884765625
0.03820610167761616382531286717494367621839046478271484375
0.024073327264701190053575174943034653551876544952392578125
0.03224494570562652651091184452525340020656585693359375
0.0257959389292790226833052003030388732440769672393798828125
0.0276392920714510874347080715551783214323222637176513671875
0.06663268669231481311499010189436376094818115234375
0.04439025050321739052083813703575287945568561553955078125
0.029905242437426045321036127688785200007259845733642578125
0.02366920833438536375670224742862046696245670318603515625
0.0268623457423928513332356260434607975184917449951171875
0.0204284647859777311607043515095938346348702907562255859375
0.06131334779612214458399677141642314381897449493408203125
0.055386888714209707440527807875696453265845775604248046875
0.0196931876173855775757903785461166989989578723907470703125
0.0633182220599905754010450209534610621631145477294921875
0.066315686750365088197867180497269146144390106201171875
0.0174477324709642715727664352698411676101386547088623046875
0.03527500241808105563290354211858357302844524383544921875
0.025558309888911202867323169130031601525843143463134765625
0.05104827749682060156199980838209739886224269866943359375
0.037236819199648975298178044113228679634630680084228515625
0.035004318892054180067940905018986086361110210418701171875
0.06076317585075528826532575976671068929135799407958984375
0.061257340284221507842321585712852538563311100006103515625
0.0415904270598466130337556023732759058475494384765625
0.03555251419302514481746158025998738594353199005126953125
0.0224676568078256387595015297620193450711667537689208984375
0.032126740667678344021140901531907729804515838623046875
0.039440924989646373999274686639182618819177150726318359375
0.015985033420785825508669830696817371062934398651123046875
0.0147340940627006776464380521929342648945748805999755859375
0.037071256670128997778856927425294998101890087127685546875
0.040053609523262680147670522501357481814920902252197265625
0.0342552996036180334993304086310672573745250701904296875
0.0429318391407418620264735409364220686256885528564453125
0.04040950742646974569449724867808981798589229583740234375
0.030414510243506880093899980010974104516208171844482421875
0.048249559102084567385748670176326413638889789581298828125
0.031655670200523421120575306986211217008531093597412109375
0.047926021132050279638381340419073239900171756744384765625
0.05562412373827703426787394391794805414974689483642578125
0.03451936290183886535398727346546365879476070404052734375
0.0292520804490786733020879495370536460541188716888427734375
