9.3694944381713884951068394002504646778106689453125
9.341417789459228515625
9.6283252239227294921875
9.7349622249603271484375
9.4418451786041259765625
9.344039440155029296875
9.3715701103210431455181605997495353221893310546875
9.4186954498291015625
9.4847800731658935546875
9.5037965774536115048931605997495353221893310546875
9.4430985450744646669818394002504646778106689453125
9.406610012054443359375
9.4889662265777605654193394002504646778106689453125
9.496817111968994140625
9.5525939464569091796875
9.6806094646453857421875
9.677255153656005859375
9.1420462131500244140625
9.4300858974456804872943394002504646778106689453125
9.4504106044769287109375
9.364966869354248046875
9.3789389133453351377056605997495353221893310546875
9.0756828784942644716693394002504646778106689453125
9.32290363311767578125
9.4908549785613995908306605997495353221893310546875
8.9680073261260986328125
9.90680217742919921875
9.36835575103759765625
9.2455315589904802919818394002504646778106689453125
9.478255748748779296875
9.424112796783447265625
9.2482912540435808779193394002504646778106689453125
9.3412976264953595517681605997495353221893310546875
9.3737864494323712705181605997495353221893310546875
9.2559223175048845888568394002504646778106689453125
9.5481421947479248046875
9.392547130584716796875
9.6607089042663556455181605997495353221893310546875
9.0058991909027099609375
9.5504209995269775390625
9.2961578369140625
9.0915472507476806640625
9.2809979915618896484375
9.5338156223297119140625
9.6637723445892316220806605997495353221893310546875
9.3437793254852294921875
9.2240798473358154296875
9.5341680049896240234375
9.6093938350677472470806605997495353221893310546875
9.7884309291839599609375
9.2689397335052472470806605997495353221893310546875
9.6000697612762433408306605997495353221893310546875
9.5589244365692138671875
9.5876765251159685732318394002504646778106689453125
9.50990200042724609375
9.2359297275543195127056605997495353221893310546875
9.7134885787963884951068394002504646778106689453125
9.420260906219482421875
9.5453612804412841796875
9.4841263294219952939556605997495353221893310546875
9.33189487457275390625
9.4296796321868896484375
9.0960891246795636533306605997495353221893310546875
9.7213919162750244140625
9.04679012298583984375
9.1323981285095197080181605997495353221893310546875
9.5015006065368634580181605997495353221893310546875
9.1598162651061993955181605997495353221893310546875
9.439355373382568359375
9.5446896553039568544818394002504646778106689453125
9.2246217727661115048931605997495353221893310546875
9.280382633209228515625
9.1557514667511004091693394002504646778106689453125
9.5732085704803484560443394002504646778106689453125
9.6256301403045636533306605997495353221893310546875
9.3629677295684796689556605997495353221893310546875
9.4214327335357683779193394002504646778106689453125
9.5189926624298095703125
9.3993527889251726747943394002504646778106689453125
9.407229900360107421875
9.6027886867523193359375
9.5260505676269513486431605997495353221893310546875
9.4426717758178728701068394002504646778106689453125
9.5910766124725341796875
9.656906604766845703125
9.53899478912353515625
9.3954875469207763671875
9.35481166839599609375
9.5500833988189697265625
9.226608753204345703125
9.3713307380676287294818394002504646778106689453125
9.188877582550048828125
9.3523747920990007997943394002504646778106689453125
9.4883866310119646669818394002504646778106689453125
9.3971707820892316220806605997495353221893310546875
9.69115161895751953125
9.31349658966064453125
9.69089412689208984375
9.4463977813720703125
9.5292670726776123046875
9.633053302764892578125
9.2397818565368634580181605997495353221893310546875
9.705617427825927734375
9.1319227218627911923931605997495353221893310546875
9.4653623104095458984375
9.097763538360595703125
9.4184093475341796875
9.61334133148193359375
9.5607030391693115234375
9.690809726715087890625
9.310314178466796875
9.5062305927276593564556605997495353221893310546875
9.4103848934173583984375
9.453340053558349609375
9.5049531459808367372943394002504646778106689453125
9.2653317451477033017681605997495353221893310546875
9.5712172985076904296875
9.66806793212890625
9.3764975070953351377056605997495353221893310546875
9.466593265533447265625
9.526719570159912109375
9.2020666599273681640625
9.4478023052215576171875
9.636015415191650390625
9.594660282135009765625
9.321538448333740234375
9.4486436843872088076068394002504646778106689453125
9.312588214874267578125
9.3550279140472394345806605997495353221893310546875
9.376651763916015625
9.3822131156921404482318394002504646778106689453125
9.4598038196563720703125
9.4571089744567888857318394002504646778106689453125
9.413843631744384765625
9.388066768646240234375
9.4993884563446044921875
9.3215236663818359375
9.6694211959838884951068394002504646778106689453125
9.277074337005615234375
9.4056749343872088076068394002504646778106689453125
9.4707114696502685546875
9.5945758819580078125
9.5146689414978045107318394002504646778106689453125
9.3863201141357421875
9.7387716770172119140625
9.5017025470733642578125
9.4626863002777099609375
9.5106580257415753720806605997495353221893310546875
9.1962587833404541015625
9.3776929378509521484375
9.3392639160156232236431605997495353221893310546875
