0.0290634405074277381297864764064797782339155673980712890625
0.0222056625106718495687996295373523025773465633392333984375
0.0280441561123406513100775327984592877328395843505859375
0.02069061036131052133679730786752770654857158660888671875
0.0264520358446978763600210271533796912990510463714599609375
0.0282535706353606065610595265980009571649134159088134765625
0.0186833042281708237852821952174053876660764217376708984375
0.0174757893807707502531467724793401430360972881317138671875
0.0209371187384484909455029111313706380315124988555908203125
0.0224180941906832638388369360882279579527676105499267578125
0.0248502761704581000279379310313743189908564090728759765625
0.032088173438077703669701890021315193735063076019287109375
0.021058251053398209517997230477703851647675037384033203125
0.027592617957346417256747628243829240091145038604736328125
0.0208285144676144638731241087725720717571675777435302734375
0.0257446172143729057335548304763506166636943817138671875
0.0275404574509067572030129866789138759486377239227294921875
0.02654591155109996269967354010077542625367641448974609375
0.0238741463801625253271510018748813308775424957275390625
0.025061388685596382164266771042093751020729541778564453125
0.02826070128950049220595275301093352027237415313720703125
0.027753081086263016452608809458979521878063678741455078125
0.034116279647339549374596145980831352062523365020751953125
0.0240519928046864263360138380676289671100676059722900390625
0.025398973721907393275021291856319294311106204986572265625
0.0275982306734823303051573617494796053506433963775634765625
0.0263474313464823577113360641988037968985736370086669921875
0.024494369659526775417912602961223456077277660369873046875
0.0252079081683244977940550057837754138745367527008056640625
0.0223696007244793791668424631779998890124261379241943359375
0.03011086357237917343621091958993929438292980194091796875
0.0262829630439215707060629512170635280199348926544189453125
0.025058545071175129803631165259503177367150783538818359375
0.023675720383855618222934680261460016481578350067138671875
0.0266728604123696415306721263505096430890262126922607421875
0.0239949520888677707286529283692289027385413646697998046875
0.022140279117149004595166417175278184004127979278564453125
0.0208714715835440732527583662658798857592046260833740234375
0.02339775415280864745426470108213834464550018310546875
0.033278636791104661274420806194029864855110645294189453125
0.02901884788409291038302484366795397363603115081787109375
0.0233767276724330640147453408417277387343347072601318359375
0.0245123885584374971713383928317853133194148540496826171875
0.024094958671336548505781394169389386661350727081298828125
0.030527609752534386189370962938482989557087421417236328125
0.0232916017125122769282352663822166505269706249237060546875
0.0211632297421589787855822351048118434846401214599609375
0.019857327786103294575692501666708267293870449066162109375
0.0260045828048133080556691965057325433008372783660888671875
0.029527826428345595177749061122085549868643283843994140625
0.0211043359943207421702826565024224692024290561676025390625
0.030596813235064447555888733631945797242224216461181640625
0.024211263539444478898321477799981948919594287872314453125
0.02168347458300894092797506118586170487105846405029296875
0.0292915617034125615181228141636893269605934619903564453125
0.0214633505668177411440655788510412094183266162872314453125
0.0262196345659141683004378364785225130617618560791015625
0.02594160722151324371953506897625629790127277374267578125
0.026867559869446992759645098658438655547797679901123046875
0.026129116576069456867603690852774889208376407623291015625
0.033308401136322031421688194541275152005255222320556640625
0.0177293126711850178300888813964775181375443935394287109375
0.0276775538833684171813320773480882053263485431671142578125
0.0267935519393473244031955715627191239036619663238525390625
0.0284251520449681181756940162586033693514764308929443359375
0.0190553444126564629212960966242462745867669582366943359375
0.0275239581601423623224977887957720668055117130279541015625
0.0306988362842117896989169167909494717605412006378173828125
0.0204204284623021974087730967539755511097609996795654296875
0.0189462576512848014653744854740580194629728794097900390625
0.027408936606027896332182791638842900283634662628173828125
0.0260128575593559542566968190158149809576570987701416015625
0.024603967907274738868839136785027221776545047760009765625
0.0248042294931995234430477381692980998195707798004150390625
0.034042236931143936284893669608209165744483470916748046875
0.02437674110436678642788166371246916241943836212158203125
0.023511390336701125380880483817236381582915782928466796875
0.0272408120863147119872227364112404757179319858551025390625
0.0224448756874107424597042381719802506268024444580078125
0.028778206703160329194002287067633005790412425994873046875
0.0265752954609351048353982349681245977990329265594482421875
0.0217310484806898240872641281384858302772045135498046875
0.0298043105348844809820985091164402547292411327362060546875
0.029024684092872121699002718742121942341327667236328125
0.02463898248263275692071516687065013684332370758056640625
0.023571449167074869091020872247099759988486766815185546875
0.0230027433632095691662389214116046787239611148834228515625
0.0200650493124003674594302282230273704044520854949951171875
0.0272917092824326613931251728217830532230436801910400390625
0.034071863481289647868077707926204311661422252655029296875
0.029226828892412133609202129491677624173462390899658203125
0.0258068422848837554506307156998445861972868442535400390625
0.026354606704754361679032825804824824444949626922607421875
0.022811475527929565842999437563776155002415180206298828125
0.0267123038451940637838522007996289175935089588165283203125
0.021062575436448384424981128404397168196737766265869140625
0.026568822429226417181080677210047724656760692596435546875
0.023950267583107996693936314613893046043813228607177734375
0.0232688386532589573663099002942544757388532161712646484375
0.029119414966039695868982306592442910186946392059326171875
0.02558140083237540884919525296936626546084880828857421875
0.02703053526579628218495798819276387803256511688232421875
0.0244209165538365295666789478445934946648776531219482421875
0.03023585881411287867859272182613494805991649627685546875
0.027610475561528173560343901726810145191848278045654296875
0.02549801693066013064115082897842512466013431549072265625
0.0264052440954687141216883361494183191098272800445556640625
0.022743284174055848623208220260494272224605083465576171875
0.0273284352046912516753796040802626521326601505279541015625
0.0229829041374369387462639480190773610956966876983642578125
0.0280299871683913452702352486767267691902816295623779296875
0.0280086677734495519132007501639236579649150371551513671875
0.02582607616212793943955006170654087327420711517333984375
0.0276640494026608070587958110309045878238976001739501953125
0.0224118611919997094694689820926214451901614665985107421875
0.0248518366515568280006309720420176745392382144927978515625
0.0197582731006696703246472424098101328127086162567138671875
0.019181961010014882129670610311222844757139682769775390625
0.019800745656621134005437312453068443574011325836181640625
0.0256407720554741834495526831005918211303651332855224609375
0.0290922603284854697225370045998715795576572418212890625
0.0271383274559265641467931118313572369515895843505859375
0.0250681687977917823373363859218443394638597965240478515625
0.02510104608959336236484460869178292341530323028564453125
0.029949741626070280897664588337647728621959686279296875
0.0275706306999821508518788704122925992123782634735107421875
0.0263958141803706768102610880077918409369885921478271484375
0.025482433225892255068689706831719377078115940093994140625
0.0304504265259501923079898944024535012431442737579345703125
0.021436936836939757267117556693847291171550750732421875
0.0249209622215458247163066829443778260610997676849365234375
0.0270277325177272799427985461306889192201197147369384765625
0.02673455878200502178199116087853326462209224700927734375
0.032455879111028838879260405292370705865323543548583984375
0.026801301390030562998845198308117687702178955078125
0.027597078810863533149255744092442910186946392059326171875
0.0216351754006816991704464925305728684179484844207763671875
0.019927931070848954597796165444378857500851154327392578125
0.0301999825090455663312294376510180882178246974945068359375
0.0227756646623253934669239839649890200234949588775634765625
0.0212229925570440146331829822656800388358533382415771484375
0.02472539205938380224569783649712917394936084747314453125
0.0260747668023268465431474538718248368240892887115478515625
0.0231860683463492624201141012463267543353140354156494140625
0.025223811977650001381334732286632061004638671875
0.026752743302230728994484110216944827698171138763427734375
0.0202379166131661687721976505827115033753216266632080078125
0.0272089504915761608294655360396063770167529582977294921875
0.0270061789203963516226014718313308549113571643829345703125
0.027637445496531402866491333725207368843257427215576171875
0.024392565930926334016870526966158649884164333343505859375
