0.04774245346844797899255041784272179938852787017822265625
0.0158448266918980971984520778050864464603364467620849609375
0.02727606816300699732469325908823520876467227935791015625
0.0210164984123863245180086067875890876166522502899169921875
0.0255631269445798260664393097840729751624166965484619140625
0.058232732492973317273143862848883145488798618316650390625
0.00676818779433189555982952612112057977356016635894775390625
0.01257725195852806530927292527621830231510102748870849609375
0.0183093064612019525150277132752307807095348834991455078125
0.0170480514953884089435209858720554620958864688873291015625
0.0184050682813320203023987886581380735151469707489013671875
0.013613438453251504312024877663134247995913028717041015625
0.014701333237931692166089447937338263727724552154541015625
0.0273839275422903295764687214841615059413015842437744140625
0.0196350590286061450762122859714509104378521442413330078125
0.017111220690373289687880031806344049982726573944091796875
0.01259182903545962885216713544878075481392443180084228515625
0.0255591372387988340075803961326528224162757396697998046875
0.030716041892736474505642974008878809399902820587158203125
0.04301503303877431128032782226000563241541385650634765625
0.050234597110768004768477368315870990045368671417236328125
0.01963700858877237553912209477857686579227447509765625
0.03258014875196234283460938740972778759896755218505859375
0.025584759769647351379528998904788750223815441131591796875
0.0183182301358551131997831618036798317916691303253173828125
0.038634446763855211093297015167991048656404018402099609375
0.01361737656100597305963706418197034508921205997467041015625
0.034511260538449946289052405745678697712719440460205078125
0.0272076817369229957688236964941097539849579334259033203125
0.01469744049139818341254137834539506002329289913177490234375
0.0272252723735234465618493260308241588063538074493408203125
0.0289254932128682230862981583641158067621290683746337890625
0.0158449391093610884861941912049587699584662914276123046875
0.01963381338626653260792664923428674228489398956298828125
0.01830865153462275796147906703481567092239856719970703125
0.02725887096663408282193330478548887185752391815185546875
0.0126545841654758343952646981733778375200927257537841796875
0.018307039523306999073692935553481220267713069915771484375
0.00896794226699731099328172234663725248537957668304443359375
0.050248200069459285355133459916032734327018260955810546875
0.0189113322222989981014062976782952318899333477020263671875
0.02101962743762901542066146021170425228774547576904296875
0.03653550762869391121956397228132118470966815948486328125
0.032583731301318787088039385935189784504473209381103515625
0.050239847501157265663440654179794364608824253082275390625
0.0158438556225742599448125247363350354135036468505859375
0.0239803356776003111228146025268870289437472820281982421875
0.010677825455903434959115116953398683108389377593994140625
0.03451738275037825876001562619421747513115406036376953125
0.05281493306801089693269801728092716075479984283447265625
0.0224664807173801384099220967982546426355838775634765625
0.045365906327884619742007998866029083728790283203125
0.0183133156329362868641741357578212046064436435699462890625
0.0210233679515489692291030365822734893299639225006103515625
0.0125845952028280638756996268057264387607574462890625
0.0158450836484431804851435998671149718575179576873779296875
0.0158452007931633130632942396687212749384343624114990234375
0.038605241967671510838755466465954668819904327392578125
0.01472000708779335441389601868422687402926385402679443359375
0.01361132012545510951151417344817673438228666782379150390625
0.0583084382497145725654519310410250909626483917236328125
0.038608673773880421153936737255207845009863376617431640625
0.047745163109410120039211022913150372914969921112060546875
0.01831090031162009579279725812739343382418155670166015625
0.0196336038435464786677808746162554598413407802581787109375
0.0158481639968709279997494121516865561716258525848388671875
0.0115967097759825284175594362068295595236122608184814453125
0.04301258152511840127107944908857461996376514434814453125
0.013678715635675776918223078837399953044950962066650390625
0.0183096306671960140644017656086361967027187347412109375
0.02556187412207168441202753683683113195002079010009765625
0.032578921074662293977386440246846177615225315093994140625
0.021022555555211007438654036150182946585118770599365234375
0.022467888557708239061216914933538646437227725982666015625
0.061070313962188642331607724145214888267219066619873046875
0.025561919843361806392589841152584995143115520477294921875
0.04303864700554797806386631009445409290492534637451171875
0.023981961343743474213141553263994865119457244873046875
0.01361169666887998390414349358934487099759280681610107421875
0.0196339292805298819277748378908654558472335338592529296875
0.030918329618880115161605459661586792208254337310791015625
0.0210188140771421817787345531769460649229586124420166015625
0.0545666596573737561204353596622240729629993438720703125
0.0411130932749497468581267867193673737347126007080078125
0.032580916097261623798342355939894332550466060638427734375
0.01361073425232890189706669303859598585404455661773681640625
0.021018909321032987203015096611125045455992221832275390625
0.0183197851054399500625446961521447519771754741668701171875
0.023980548703094843598915275606486829929053783416748046875
0.0582300902579069024067592863502795808017253875732421875
0.0307166224182019477473293278535493300296366214752197265625
0.023982636267255379169949236484171706251800060272216796875
0.02246765144950339798679550540327909402549266815185546875
0.0196359781423736771965860015143334749154746532440185546875
0.015853942406547340271405488465461530722677707672119140625
0.0081892983945528775857614078859114670194685459136962890625
0.036519809824539777032281762103593791835010051727294921875
0.02106474890644106923165423950194963254034519195556640625
0.03861286596251856106931654721847735345363616943359375
0.0530931120059978389758015282495762221515178680419921875
0.036538347176539968941266778301724116317927837371826171875
0.017052194499083177248177634055537055246531963348388671875
0.045334965601533376566845134902905556373298168182373046875
0.0365184556581623354087895449993084184825420379638671875
0.024003819843372575792983525388990528881549835205078125
0.01162547221664819892261721889781256322748959064483642578125
0.0239794664584362486603463793244372936896979808807373046875
0.0210211164639821333766089850314529030583798885345458984375
0.04533858457552730758521875031874515116214752197265625
0.01257855973091332076052584199032935430295765399932861328125
0.03257847237392763606322887426358647644519805908203125
0.024065061371964270586776279969853931106626987457275390625
0.0225590575399731742278763846343281329609453678131103515625
0.040773047795025989248340891890620696358382701873779296875
0.0170447436218645088923384633972091251052916049957275390625
0.01470631215657943781371930214163512573577463626861572265625
0.0210922202854209768496662746883885120041668415069580078125
0.0074565619713014043290488785942216054536402225494384765625
0.013609299806427894996563310314741102047264575958251953125
0.0307208643994887654893322093130336725153028964996337890625
0.032580820905627749795030467794276773929595947265625
0.018319681286878497505909990650252439081668853759765625
0.0454183267408143909182882680397597141563892364501953125
0.017045560562485913280728055951840360648930072784423828125
0.01704983248607409851427263447476434521377086639404296875
0.0273840179122804179556727177669017692096531391143798828125
0.025558309888911202867323169130031601525843143463134765625
0.018308817444924803397032775365005363710224628448486328125
0.0272084651870434790499331256796722300350666046142578125
0.0196407893796649059281467231130591244436800479888916015625
0.0289519198438311607668449454422443523071706295013427734375
0.04856704260901921477167064722380018793046474456787109375
0.036521976264158505232071405544047593139111995697021484375
0.036530640236629934036738376335051725618541240692138671875
0.0224676568078256387595015297620193450711667537689208984375
0.02555935208427041749335018039346323348581790924072265625
0.01470283672992939334733808465216498007066547870635986328125
0.0224645936040431988545140740143324364908039569854736328125
0.01469850417552240849639044739660675986669957637786865234375
0.03257722540042833070383920812673750333487987518310546875
0.02398243893399377990593990261913859285414218902587890625
0.0146980196281593401830267708874089294113218784332275390625
0.01361404404282337034237659878499471233226358890533447265625
0.04774274092627707466451880691238329745829105377197265625
0.025563154380023371536889698063532705418765544891357421875
0.032581158935581770730305350980415823869407176971435546875
0.018323101361436174017160993798825074918568134307861328125
0.0158431358989705832474026436784697580151259899139404296875
0.05548298571262211265064934195834212005138397216796875
0.03451936290183886535398727346546365879476070404052734375
0.0289264485700158023584460664778816862963140010833740234375
