0.9873201847076416015625
0.9930226802825927734375
0.984324991703033447265625
0.960797131061553955078125
0.9891808032989501953125
0.99364036321640003546207253748434595763683319091796875
0.989253580570220947265625
0.98621571063995361328125
0.99095308780670154913394753748434595763683319091796875
0.990498006343841552734375
0.98514139652252197265625
0.978443920612335205078125
0.98335272073745716436832253748434595763683319091796875
0.985436737537384033203125
0.99397754669189442022769753748434595763683319091796875
0.98588711023330677374332253748434595763683319091796875
0.992826938629150390625
0.99076688289642322882144753748434595763683319091796875
0.984468877315521240234375
0.99040222167968761102230246251565404236316680908203125
0.98544293642044078485042746251565404236316680908203125
0.97294026613235484735042746251565404236316680908203125
0.9770100116729736328125
0.98005342483520518914730246251565404236316680908203125
0.990142345428466796875
0.95481860637664794921875
0.970273077487945556640625
0.98703420162200916632144753748434595763683319091796875
0.98224735260009754522769753748434595763683319091796875
0.977935791015625
0.980150878429412841796875
0.985134541988372802734375
0.954515159130096435546875
0.975828707218170166015625
0.983481824398040771484375
0.98314523696899402960269753748434595763683319091796875
0.99293130636215198858707253748434595763683319091796875
0.9892485141754150390625
0.984706819057464599609375
0.98820203542709361688167746251565404236316680908203125
0.99119383096694957391292746251565404236316680908203125
0.988861560821533203125
0.97758239507675159796207253748434595763683319091796875
0.988394200801849365234375
0.99084979295730601922542746251565404236316680908203125
0.9900901317596435546875
0.98576772212982177734375
0.985470354557037353515625
0.98211395740509044305355246251565404236316680908203125
0.98875129222869884149105246251565404236316680908203125
0.99013781547546397820980246251565404236316680908203125
0.99117249250411998406917746251565404236316680908203125
0.99191582202911376953125
0.98419553041458118780582253748434595763683319091796875
0.97503542900085438116519753748434595763683319091796875
0.9822139739990234375
0.99123477935791015625
0.983756482601165771484375
0.99125349521636962890625
0.97487533092498779296875
0.98297148942947398797542746251565404236316680908203125
0.97758424282073963507144753748434595763683319091796875
0.986900150775909423828125
0.97375583648681640625
0.983826577663421630859375
0.9632930755615234375
0.99088943004608165399105246251565404236316680908203125
0.98110258579254161492855246251565404236316680908203125
0.98496419191360484735042746251565404236316680908203125
0.99287909269332874639957253748434595763683319091796875
0.98632037639617919921875
0.993518531322479248046875
0.98390448093414317742855246251565404236316680908203125
0.99230587482452403680355246251565404236316680908203125
0.99019753932952880859375
0.99124807119369517938167746251565404236316680908203125
0.9540250301361083984375
0.972318708896636962890625
0.98683744668960560186832253748434595763683319091796875
0.96719866991043079718082253748434595763683319091796875
0.98075389862060557977230246251565404236316680908203125
0.97862589359283436163394753748434595763683319091796875
0.97942578792572021484375
0.981225788593292236328125
0.99041676521301280633480246251565404236316680908203125
0.995141446590423583984375
0.984226167201995849609375
0.99278843402862559930355246251565404236316680908203125
0.98988479375839244500667746251565404236316680908203125
0.98730373382568359375
0.982259094715118408203125
0.98365461826324462890625
0.98944652080535877569644753748434595763683319091796875
0.99166661500930797235042746251565404236316680908203125
0.98135089874267578125
0.99214118719100963250667746251565404236316680908203125
0.970924913883209228515625
0.972598493099212646484375
0.98822134733200084344417746251565404236316680908203125
0.987650454044342041015625
0.98088932037353515625
0.98057174682617198602230246251565404236316680908203125
0.992480576038360595703125
0.97802996635437000616519753748434595763683319091796875
0.98622763156890880242855246251565404236316680908203125
0.948091447353363037109375
0.97228991985321044921875
0.967907249927520751953125
0.99223697185516357421875
0.986898720264434814453125
0.990355908870697021484375
0.99014055728912364617855246251565404236316680908203125
0.983332097530364990234375
0.98738545179367076531917746251565404236316680908203125
0.989992618560791015625
0.993148624897003173828125
0.99073463678359996453792746251565404236316680908203125
0.98646825551986683233707253748434595763683319091796875
0.97742599248886119500667746251565404236316680908203125
0.98897671699523914679019753748434595763683319091796875
0.9759147167205810546875
0.99246972799301158563167746251565404236316680908203125
0.98490774631500244140625
0.98922902345657359735042746251565404236316680908203125
0.9836037158966064453125
0.97317820787429798468082253748434595763683319091796875
0.98176205158233642578125
0.99171942472457874639957253748434595763683319091796875
0.9825603961944580078125
0.96061837673187255859375
0.98944550752639759405582253748434595763683319091796875
0.981825649738311767578125
0.9889850616455078125
0.993552029132843017578125
0.97620809078216563836605246251565404236316680908203125
0.983922064304351806640625
0.975757539272308349609375
0.989016592502593994140625
0.981965601444244384765625
0.97547513246536243780582253748434595763683319091796875
0.983562171459197998046875
0.96970361471176158563167746251565404236316680908203125
0.986988484859466552734375
0.98628383874893199578792746251565404236316680908203125
0.997250616550445556640625
0.99163687229156483038394753748434595763683319091796875
0.96767431497573841436832253748434595763683319091796875
0.9799363613128662109375
0.98931336402893077508480246251565404236316680908203125
0.974416196346282958984375
0.983444035053253173828125
