83.7870099544525146484375
84.9229142665863037109375
84.166697025299072265625
86.5518200397491455078125
87.0803139209747314453125
83.3557155132293701171875
83.67561054229736328125
82.4923994541168212890625
84.53285884857177734375
85.1600894927978515625
83.958003997802734375
84.9903199672698974609375
84.2950496673583984375
84.2123539447784423828125
84.82686901092529296875
85.89997386932373046875
83.619332790374755859375
83.8373043537139892578125
83.4886291027069091796875
83.914482593536376953125
84.048573017120361328125
82.2074763774871826171875
81.83383464813232421875
85.685234546661376953125
83.867675304412841796875
84.285612583160400390625
86.63319492340087890625
87.640428066253662109375
88.1868457794189453125
85.0836312770843505859375
84.53023433685302734375
86.7102820873260498046875
83.9226734638214111328125
83.937827587127685546875
83.6838009357452392578125
86.0753705501556396484375
85.190952777862548828125
86.8434669971466064453125
83.5911138057708740234375
84.3652515411376953125
85.071223735809326171875
85.078202724456787109375
83.35325145721435546875
86.015285968780517578125
85.5922305583953857421875
83.8627216815948486328125
83.979682445526123046875
83.00421142578125
82.5495302677154541015625
82.521252155303955078125
85.838565826416015625
82.875598907470703125
82.064652919769287109375
83.2596552371978759765625
83.582550525665283203125
84.451992034912109375
82.5733678340911865234375
83.3866817951202392578125
82.630682468414306640625
84.9337098598480224609375
83.352382183074951171875
84.1834671497344970703125
84.104587554931640625
84.6266739368438720703125
83.5435695648193359375
83.5512278079986572265625
82.7262437343597412109375
85.3551919460296630859375
84.6982767581939697265625
84.3307573795318603515625
84.1513211727142333984375
84.985448360443115234375
84.941593170166015625
85.61698055267333984375
86.1192719936370849609375
85.112664699554443359375
84.9663829803466796875
84.091455936431884765625
84.4480440616607666015625
83.68366909027099609375
83.9390900135040283203125
84.0889275074005126953125
83.4754540920257568359375
85.594828128814697265625
85.1798527240753173828125
84.83576679229736328125
83.93774509429931640625
84.046224117279052734375
83.769204616546630859375
84.0566158294677734375
84.4500172138214111328125
83.306884288787841796875
81.10903263092041015625
83.6877853870391845703125
83.994110107421875
84.210545063018798828125
85.0979650020599365234375
85.379141330718994140625
86.756080150604248046875
86.5676343441009521484375
84.0907413959503173828125
84.433104991912841796875
82.6320064067840576171875
82.6123638153076171875
87.393503665924072265625
85.5989277362823486328125
84.8661010265350341796875
84.004773616790771484375
84.4600141048431396484375
83.73255634307861328125
84.4963028430938720703125
83.8207051753997802734375
85.552436351776123046875
85.40153789520263671875
83.1885044574737548828125
84.6178009510040283203125
82.3746397495269775390625
82.6916387081146240234375
87.334733486175537109375
83.215703487396240234375
82.1364443302154541015625
86.48245525360107421875
86.626408100128173828125
85.1116034984588623046875
85.2703502178192138671875
84.1803302764892578125
85.9179136753082275390625
84.6827733516693115234375
82.0404636859893798828125
82.2577116489410400390625
84.0166835784912109375
84.127954959869384765625
83.2594020366668701171875
85.617191314697265625
85.5105955600738525390625
84.7164154052734375
85.0761859416961669921875
84.7038676738739013671875
82.736872196197509765625
85.391266345977783203125
92.6686336994171142578125
91.465129852294921875
85.989018917083740234375
85.2688815593719482421875
85.0590686798095703125
85.06512355804443359375
83.7397935390472412109375
85.058209896087646484375
85.2348673343658447265625
85.4060914516448974609375
85.3443515300750732421875
