2528583
2528583
2528583
2528583
2528583
2528583
2528583
2528583
2528583
2528583
2528583
3761480
2528583
2528583
2528583
2528583
2528583
2528583
2528583
2528583
2528583
2528583
2528583
2528583
2528583
2528583
2536838
3761480
2536838
2528583
3761480
2528583
2528583
2528583
2528583
2528583
2536838
2528583
2528583
2528583
2528583
2528583
2528583
2528583
2528583
2528583
2528583
2528583
2528583
2528583
2528583
2528583
2528583
3761480
2528583
2528583
2528583
2528583
2528583
2528583
2528583
2528583
2528583
2528583
2528583
2528583
2528583
2528583
2528583
2528583
2528583
2528583
2528583
2528583
2528583
2528583
2528583
3761480
2528583
2528583
2528583
3761480
2528583
2528583
2528583
2528583
2528583
2528583
2528583
2528583
2528583
2528583
2528583
2528583
2528583
2528583
2528583
2528583
2528583
2528583
3761480
2528583
2528583
2528583
2528583
2528583
2528583
2528583
2528583
2528583
2528583
2528583
3761480
2528583
2528583
2528583
2528583
2528583
3761480
2528583
2528583
2528583
2528583
2528583
2528583
2528583
2528583
2528583
2528583
2528583
2528583
2528583
2528583
2536838
2528583
2528583
2528583
2536838
2528583
2528583
2528583
2528583
2528583
2528583
2528583
2536838
2528583
2528583
2528583
2528583
2528583
