2533.42089298931796292890794575214385986328125
3962.5093868317153464886359870433807373046875
32481.5823316955356858670711517333984375
3293.02741198486228313413448631763458251953125
5218.6047913312577293254435062408447265625
6119.283833065006547258235514163970947265625
4447.311245049868375645019114017486572265625
2572.70299839003791930736042559146881103515625
3668.848043866446460015140473842620849609375
4919.0274119848627378814853727817535400390625
55770.016162586092832498252391815185546875
6672.17245746127082384191453456878662109375
3848.24325253518827594234608113765716552734375
60753.1353322600261890329420566558837890625
6119.654432308123432449065148830413818359375
46460.10519171235500834882259368896484375
22291.90805082903170841746032238006591796875
2981.32095826625163681455887854099273681640625
4191.495143391808596788905560970306396484375
3895.46773140694631365477107465267181396484375
2692.80638844167742718127556145191192626953125
7328.4899603989497336442582309246063232421875
5580.7127116064211804769001901149749755859375
19796.31923060196641017682850360870361328125
10607.2175682146116741932928562164306640625
15697.3563558032110449858009815216064453125
11147.088493842396928812377154827117919921875
4013.19986944613310697604902088642120361328125
3069.96287479875491044367663562297821044921875
1557.788689673197723095654509961605072021484375
12262.9302798210337641648948192596435546875
3097.81610165806023360346443951129913330078125
4461.657887636696614208631217479705810546875
4104.7241524870905777788721024990081787109375
3434.61450454764099049498327076435089111328125
19921.377279256543260999023914337158203125
72998.0155098167597316205501556396484375
1795.640188868216910123010165989398956298828125
4635.6419165325032736291177570819854736328125
7671.7338657034733842010609805583953857421875
4187.485430175425790366716682910919189453125
5739.78868967319795046932995319366455078125
8877.847813222726472304202616214752197265625
6042.1627442448880174197256565093994140625
4803.264406632240934413857758045196533203125
2994.69781539717905616271309554576873779296875
3801.93027982103330941754393279552459716796875
8008.4962182867593583068810403347015380859375
6951.2290090952819809899665415287017822265625
4668.58709256277870736084878444671630859375
4168.6419165325032736291177570819854736328125
13432.93200748532035504467785358428955078125
7726.2015971104192431084811687469482421875
7935.090221506683519692160189151763916015625
5215.76926324043233762495219707489013671875
4201.6419165325032736291177570819854736328125
4565.452835197704189340583980083465576171875
2390.220370773849936085753142833709716796875
22798.4379389884634292684495449066162109375
4025.88063884416760629392229020595550537109375
27074.519100048099062405526638031005859375
4143.1752600205081762396730482578277587890625
3411.86121241140199344954453408718109130859375
5223.36261369102066964842379093170166015625
5205.1467731406946768402121961116790771484375
8035.906323164743298548273742198944091796875
1325.908050829030116801732219755649566650390625
2089.857757082829266437329351902008056640625
46782.0391966675015282817184925079345703125
4185.18044301336703938432037830352783203125
3896.5704686892504469142295420169830322265625
4788.4882327346631427644751965999603271484375
7142.8046607773912910488434135913848876953125
5259.8046607773912910488434135913848876953125
5330.272392184337149956263601779937744140625
4386.2078549982297772658057510852813720703125
9684.625292658975013182498514652252197265625
4585.4802471825669272220693528652191162109375
4247.059354193248509545810520648956298828125
4527.352900474637863226234912872314453125
74641.1311458384734578430652618408203125
3480.65961530098275034106336534023284912109375
4226.2290090952819809899665415287017822265625
135729.19983028431306593120098114013671875
6203.7612776883352125878445804119110107421875
3350.00625788781007940997369587421417236328125
4554.657887636696614208631217479705810546875
6272.3563558032101354910992085933685302734375
4222.2015971104192431084811687469482421875
5275.5208277123847437906078994274139404296875
4431.61450454764053574763238430023193359375
5450.062809521821691305376589298248291015625
4537.1353322600252795382402837276458740234375
6631.9691326865649898536503314971923828125
13121.485852301042541512288153171539306640625
4892.94970625379937700927257537841796875
3044.6401888682166827493347227573394775390625
10570.6589233698250609450042247772216796875
6144.475716959042983944527804851531982421875
59554.5244745228555984795093536376953125
11744.81264632948659709654748439788818359375
9050.241524870902139809913933277130126953125
2098.5853648984921164810657501220703125
2823.6419165325032736291177570819854736328125
13772.86032899834754061885178089141845703125
40041.1920753759332001209259033203125
3463.5499673615331630571745336055755615234375
6212.61450454764053574763238430023193359375
3394.31124504986883039237000048160552978515625
4710.4865050703765518846921622753143310546875
4922.6693285173651020159013569355010986328125
56958.456712651895941235125064849853515625
14466.9088950802615727297961711883544921875
4587.7338657034733842010609805583953857421875
1651.908050829030116801732219755649566650390625
10972.088493842396928812377154827117919921875
60670.78197049794835038483142852783203125
5082.6298228824989564600400626659393310546875
1476.751564471952633539331145584583282470703125
6708.5208277123847437906078994274139404296875
6104.3660690195929419132880866527557373046875
12219.072522738204497727565467357635498046875
26047.5598720598136424086987972259521484375
2458.46773140694631365477107465267181396484375
5930.4802471825669272220693528652191162109375
103383.78780626013758592307567596435546875
2422.3483702511139199486933648586273193359375
3477.25469341585767324431799352169036865234375
3570.88063884416760629392229020595550537109375
6902.865742634925481979735195636749267578125
18513.0461856482943403534591197967529296875
4642.1256190436424731160514056682586669921875
4309.1627442448880174197256565093994140625
8206.00625788780962466262280941009521484375
5027.870925627785254619084298610687255859375
3131.27411984862328608869574964046478271484375
7535.3289438183483071043156087398529052734375
2694.79667522529416601173579692840576171875
2545.92574959750936614000238478183746337890625
3936.73386570347292945371009409427642822265625
5188.460820749800404882989823818206787109375
2238.66932851736555676325224339962005615234375
7053.7366682627107365988194942474365234375
2578.77897645681468929979018867015838623046875
5457.0159711041933405795134603977203369140625
6005.090221506683519692160189151763916015625
16642.458018190562142990529537200927734375
2704.21929587889871982042677700519561767578125
5451.17245746127082384191453456878662109375
7682.857757082829266437329351902008056640625
3659.495143391808596788905560970306396484375
