-13.5011696672439569510970613919198513031005859375
-12.006621837615966796875
-12.3297589445114130768388349679298698902130126953125
-11.8515715169906616921480235760100185871124267578125
-11.8610928630828862395674150320701301097869873046875
-12.276576128005981303203952847979962825775146484375
-12.731714534759522194917735760100185871124267578125
-14.5638548183441169925345093361102044582366943359375
-12.411819260120392272028766456060111522674560546875
-11.66011240243911828429190791212022304534912109375
-12.259828362464904927264797152020037174224853515625
-11.7230300664901729845723821199499070644378662109375
-12.4242166423797613106216886080801486968994140625
-12.4541989469528200373815707280300557613372802734375
-12.677132177352905983980235760100185871124267578125
-13.69934102058410729796378291212022304534912109375
-11.8489432048797613816759621840901672840118408203125
-11.621897983551026101167735760100185871124267578125
-11.219782929420471617731891456060111522674560546875
-11.9820242166519168591776178800500929355621337890625
-12.8567697048187259412088678800500929355621337890625
-11.89791456699371252625496708787977695465087890625
-13.9219071865081787109375
-13.996881890296936745698985760100185871124267578125
-11.671584825515747496638141456060111522674560546875
-12.538692493438720276799358543939888477325439453125
-11.67718587160110388367684208787977695465087890625
-12.0501351976394648346513349679298698902130126953125
-11.624663603305815939847889239899814128875732421875
-13.63366011619567785828621708787977695465087890625
-11.2994337987899786668322121840901672840118408203125
-13.4062652444839471854720613919198513031005859375
-11.4608048629760741476957264239899814128875732421875
-11.38195327758788977234871708787977695465087890625
-12.09352011203765897562334430404007434844970703125
-12.2420924329757685455888349679298698902130126953125
-12.846083853244781636249172152020037174224853515625
-12.3548448586463930354284457280300557613372802734375
-12.258996877670288228046047152020037174224853515625
-11.5380651664733893113634621840901672840118408203125
-11.804816889762879128511485760100185871124267578125
-13.06494670391082735250165569595992565155029296875
-11.8280747485160819820748656638897955417633056640625
-12.5418974018096918143783113919198513031005859375
-11.9130425882339476828519764239899814128875732421875
-11.89340335845947294046709430404007434844970703125
-12.0273792886734014473404386080801486968994140625
-12.3568016719818114523832264239899814128875732421875
-11.87531142711639375875165569595992565155029296875
-11.8341280984878540749605235760100185871124267578125
-11.4787235713005060233626863919198513031005859375
-11.750871036052703999530422152020037174224853515625
-11.8631218242645264382417735760100185871124267578125
-12.654972884654998921405422152020037174224853515625
-11.684995870590210387263141456060111522674560546875
-11.7068688845634465423017900320701301097869873046875
-11.6188904094696052737845093361102044582366943359375
-12.573928642272949929292735760100185871124267578125
-12.3977150774002069510970613919198513031005859375
-12.5476870632171628727746792719699442386627197265625
-12.5177483248710625929334128159098327159881591796875
-11.4531978607177737927713678800500929355621337890625
-11.97712471246719445616690791212022304534912109375
-12.32566306829452429383309208787977695465087890625
-12.2693685317039484772294599679298698902130126953125
-12.43673809528350915343253291212022304534912109375
-10.6603649950027463688684292719699442386627197265625
-11.6591741418838505950361650320701301097869873046875
-11.8295415472984313254301014239899814128875732421875
-13.4622579860687263675345093361102044582366943359375
-15.6996060657501228519095093361102044582366943359375
-12.50012370109558190733878291212022304534912109375
-12.0111882543563837089095613919198513031005859375
-11.8319060802459716796875
-11.4510747051239007987533113919198513031005859375
-13.3764921712875359816052878159098327159881591796875
-12.8939705944061273612533113919198513031005859375
-12.5268409276008600983232099679298698902130126953125
-11.8717933154106134452376863919198513031005859375
-11.049014124870300435077297152020037174224853515625
-11.8038532781600959964407593361102044582366943359375
-11.1131145930290227141767900320701301097869873046875
-13.5208276081085205788667735760100185871124267578125
-13.0963399362564079098092406638897955417633056640625
-12.533664751052857155855235760100185871124267578125
-13.385496478080749938044391456060111522674560546875
-12.3223627305030820622278042719699442386627197265625
-11.984990801811218119610202847979962825775146484375
-11.886492769718170592341266456060111522674560546875
-13.179254841804503683988514239899814128875732421875
-12.8824270319938651851998656638897955417633056640625
-12.9729469180107113146505071199499070644378662109375
-12.57689321041107177734375
-11.9255202865600580253158113919198513031005859375
-12.8596933507919306549638349679298698902130126953125
-12.6232478260993961072244928800500929355621337890625
-11.366557385921478129375827847979962825775146484375
-11.885916132926940491643108543939888477325439453125
-12.30372464656829833984375
-11.9731306409835820403486650320701301097869873046875
-11.93439594745635901062996708787977695465087890625
-14.679921965599060484919391456060111522674560546875
-12.3266076278686522726957264239899814128875732421875
-11.83010776996612634093253291212022304534912109375
-12.3912585878372194514440707280300557613372802734375
-11.6748624086380008435526178800500929355621337890625
-13.405177068710326437894764239899814128875732421875
-12.509279179573059792573985760100185871124267578125
-13.7744355297088620915246792719699442386627197265625
-11.9055502653121951794901178800500929355621337890625
-12.1074481439590453391019764239899814128875732421875
-11.3477308845520017399621792719699442386627197265625
-12.5007001447677605909802878159098327159881591796875
-12.25557573795318688780753291212022304534912109375
-12.87387128829956139952628291212022304534912109375
-11.4400196218490606270279386080801486968994140625
-12.88523881912231416890790569595992565155029296875
-11.574092459678649191801014239899814128875732421875
-12.3149674439430238948034457280300557613372802734375
-13.3367271709442132276990378159098327159881591796875
-13.5337318277359006657434292719699442386627197265625
-13.171168718338012837421047152020037174224853515625
-11.2546281957626348457779386080801486968994140625
-12.2565818881988519706283113919198513031005859375
-12.7263491201400764651907593361102044582366943359375
-12.6813800239562990412878207280300557613372802734375
-12.8038345432281488456283113919198513031005859375
-13.1399525165557857775411321199499070644378662109375
-12.4511725616455084519884621840901672840118408203125
-13.499649524688720703125
-11.28258461475372342874834430404007434844970703125
-12.4927350974082944645715542719699442386627197265625
-12.10977204799652184874503291212022304534912109375
-11.2900719594955436519967406638897955417633056640625
-12.8534029769897468753470093361102044582366943359375
-13.304565992355346537578952847979962825775146484375
-11.2634370279312125973092406638897955417633056640625
-11.874697346687316468205608543939888477325439453125
-12.5596832180023199043716886080801486968994140625
-12.1367840743064885344892900320701301097869873046875
-12.68608877897262487977059208787977695465087890625
-12.8580706882476807351167735760100185871124267578125
-12.5022611045837397369950849679298698902130126953125
-11.9515702295303345437105235760100185871124267578125
-12.6480671262741086735559292719699442386627197265625
-12.299908380508423277888141456060111522674560546875
-11.84450900554656982421875
-12.93645727634429931640625
-12.433922004699706320707264239899814128875732421875
-11.815925340652466246638141456060111522674560546875
-11.1613854026794427909408113919198513031005859375
