11.7358421707153315338700849679298698902130126953125
15.575313906669617125544391456060111522674560546875
15.4576765060424801134786321199499070644378662109375
17.020293836593626934927669935859739780426025390625
14.1846740293502815433157593361102044582366943359375
17.1541144084930436974900658242404460906982421875
12.5459502696990963244161321199499070644378662109375
15.1098300457000735974588678800500929355621337890625
13.8046782636642451080888349679298698902130126953125
4.7372832167148590798433360760100185871124267578125
12.3953243064880371804292735760100185871124267578125
7.57039987921714807583839501603506505489349365234375
21.631132273674012367337127216160297393798828125
10.571413648128508810941639239899814128875732421875
8.2677332472801214890978371840901672840118408203125
5.87680907249450701357318394002504646778106689453125
17.38773518085479707906415569595992565155029296875
12.230403423309326171875
14.3613695049285894356216886080801486968994140625
14.2594253253936766867582264239899814128875732421875
9.9466232681274409088700849679298698902130126953125
18.903041930198668296725372783839702606201171875
7.9826937615871429443359375
8.8031890296936037287878207280300557613372802734375
13.4196177864074712715591886080801486968994140625
9.56836945533752469827959430404007434844970703125
5.117177191972732686053859652020037174224853515625
16.298199472427366885085575631819665431976318359375
11.0110193729400638318338678800500929355621337890625
10.68252033710479764749834430404007434844970703125
9.7105494880676275215591886080801486968994140625
5.953384783267974711407077847979962825775146484375
13.1081173062324527478494928800500929355621337890625
15.2832590961456293854325849679298698902130126953125
15.296896088123322243745860760100185871124267578125
9.6383068060874936833215542719699442386627197265625
7.7444323170185089821870860760100185871124267578125
11.6903657412528989567590542719699442386627197265625
10.486498575210571715388141456060111522674560546875
5.686307843923568583477390347979962825775146484375
7.49124122500419620251932428800500929355621337890625
13.9529306459426880593355235760100185871124267578125
10.527319345474243306171047152020037174224853515625
18.89466672420501680562665569595992565155029296875
7.91745848894119230720889390795491635799407958984375
8.565277922153473610933360760100185871124267578125
16.75773280143737764547040569595992565155029296875
7.02753391742706323697120751603506505489349365234375
4.83728216290473955751849644002504646778106689453125
20.432133431434632342416080064140260219573974609375
14.040703277587891051325641456060111522674560546875
7.377349410057068013202297152020037174224853515625
15.518233835697174072265625
8.5653863191604617810526178800500929355621337890625
11.3803778457641602273042735760100185871124267578125
9.7959093213081356310567571199499070644378662109375
24.817193646430968811955608543939888477325439453125
6.7843739748001095080098821199499070644378662109375
7.0781308174133297228536321199499070644378662109375
5.09524756789207433627097998396493494510650634765625
5.4592797958850862727331332280300557613372802734375
11.6748028564453125710542735760100185871124267578125
10.4618909454345700993371792719699442386627197265625
5.0685506069660188899206332280300557613372802734375
17.034341545104979331881622783839702606201171875
15.3930456733703611149621792719699442386627197265625
19.225531549453734214694122783839702606201171875
9.391673405170440247502483543939888477325439453125
21.40029489994049072265625
7.80692675828933690951316748396493494510650634765625
12.2626106047630312190221957280300557613372802734375
11.41917023897170935242684208787977695465087890625
12.230161976814269308988514239899814128875732421875
14.9191894221305840773084128159098327159881591796875
15.7802307629585261139482099679298698902130126953125
8.947615206241607666015625
10.5827388072013857112096957280300557613372802734375
11.6867773771286014294901178800500929355621337890625
11.8141951131820679421480235760100185871124267578125
11.8075936079025272107401178800500929355621337890625
9.847115118503570130314983543939888477325439453125
13.7669195628166196598840542719699442386627197265625
21.092056174278258851018108543939888477325439453125
7.73714046478271466611431605997495353221893310546875
10.507771816253661967266452847979962825775146484375
15.6244961047172541412919599679298698902130126953125
11.0533625340461725272689363919198513031005859375
14.769055259227751975004139239899814128875732421875
8.339997875690460915620860760100185871124267578125
5.4617693221569059147668667719699442386627197265625
14.5905564379692069820748656638897955417633056640625
3.824520233869552754413234652020037174224853515625
14.2821594429016105465279906638897955417633056640625
14.897242989540099955547702847979962825775146484375
7.99846368908882165982277001603506505489349365234375
13.4970888662338257546480235760100185871124267578125
9.1227154231071470036340542719699442386627197265625
7.1006513404846192116792735760100185871124267578125
13.78442958831787024109871708787977695465087890625
7.28028056144714330599754248396493494510650634765625
10.402572240829467631328952847979962825775146484375
12.9059016394615166944959128159098327159881591796875
9.0843013501167302337080400320701301097869873046875
8.9120438647270194820748656638897955417633056640625
14.06273847103118868062665569595992565155029296875
21.53109881877899312030422152020037174224853515625
11.2535601425170899148042735760100185871124267578125
10.4123857522010805354284457280300557613372802734375
14.63852640151977624327628291212022304534912109375
8.981551628112793395075641456060111522674560546875
17.6937459850311284981216886080801486968994140625
8.3029063391685493655813843361102044582366943359375
9.6813335919380190119909457280300557613372802734375
7.5280892312526699328145696199499070644378662109375
9.1197222161293023390271628159098327159881591796875
8.3639209628105160021505071199499070644378662109375
18.4429187345504743689161841757595539093017578125
5.60385731577873258402178180404007434844970703125
11.9009560918807988372236650320701301097869873046875
13.004688036441802267972889239899814128875732421875
12.166640367507934428203952847979962825775146484375
8.00782167911529541015625
13.68585396528244046976396930404007434844970703125
6.0796457135677339778112582280300557613372802734375
7.35643928050994855283306605997495353221893310546875
12.7693481731414788526990378159098327159881591796875
14.27722603797912626077959430404007434844970703125
15.76705733776092444031746708787977695465087890625
8.3063946056365960401990378159098327159881591796875
11.4816973638534545187894764239899814128875732421875
13.126908767223358864839610760100185871124267578125
18.336245570182800435077297152020037174224853515625
17.15663752555847310077297152020037174224853515625
13.6428984642028812146463678800500929355621337890625
8.054587755203247212421047152020037174224853515625
6.38643649101257349087745751603506505489349365234375
8.52898063421249474913565791212022304534912109375
15.3444585704803468928503207280300557613372802734375
12.1265146565437316183988514239899814128875732421875
11.0705927109718320622278042719699442386627197265625
9.122625951766966778677669935859739780426025390625
8.4695314478874212937853371840901672840118408203125
9.835980403423310036714610760100185871124267578125
4.4457676470279690050801946199499070644378662109375
18.07528107643127412984540569595992565155029296875
4.82597188949584943173931605997495353221893310546875
7.96825018405914331509620751603506505489349365234375
16.790960578918458168118377216160297393798828125
14.6318810415267943625394764239899814128875732421875
13.2792595767974859199966886080801486968994140625
6.13031444430351246666077713598497211933135986328125
