0.5628005458093057189472574464161880314350128173828125
0.59840547940189114939357750699855387210845947265625
0.56577988583542404565918104708543978631496429443359375
0.571865484513917277098471458884887397289276123046875
0.6196513770605569515481647613341920077800750732421875
0.60398569284269310042390088710817508399486541748046875
0.560174904953681274122345712385140359401702880859375
0.60141520293093198024081402763840742409229278564453125
0.600422522349179477174629937508143484592437744140625
0.588883422913658360897670718259178102016448974609375
0.61152229622700360334164315645466558635234832763671875
0.56581951350709436265873364391154609620571136474609375
0.58059416490249649012156396565842442214488983154296875
0.5673483807799237776947620659484528005123138427734375
0.6134517237780465759300341233029030263423919677734375
0.5776063256675254553584863970172591507434844970703125
0.57337709744083664720193382891011424362659454345703125
0.573511531449562905748962293728254735469818115234375
0.60138915401880022049141416573547758162021636962890625
0.582830179895420297242480955901555716991424560546875
0.627291517143738541761877058888785541057586669921875
0.52632637850044405869454067214974202215671539306640625
0.527078549982872512913445461890660226345062255859375
0.55372207966043962557023405679501593112945556640625
0.59211191891578163204457041501882486045360565185546875
0.601887677870189374829124062671326100826263427734375
0.59766389066131486718091991861001588404178619384765625
0.61515560825010118239930534400627948343753814697265625
0.56947776093294777410847018472850322723388671875
0.6121657731387841749892686493694782257080078125
0.60002338152785494873597826881450600922107696533203125
0.60917401256199743553310099741793237626552581787109375
0.59174610851366071795354173445957712829113006591796875
0.54792863473313346833748482822556979954242706298828125
0.5771630067967492561109565940569154918193817138671875
0.57231335517018966374536148578044958412647247314453125
0.5753847326944183659946929765283130109310150146484375
0.5305066047792836858576492886641062796115875244140625
0.60217086003347886080661055530072189867496490478515625
0.554031929653513888212046367698349058628082275390625
0.5294079575149608363204833949566818773746490478515625
0.60097683149769920429861258526216261088848114013671875
0.58767247987050141855291940373717807233333587646484375
0.6005851154347545683975795327569358050823211669921875
0.5360473790509068248155699620838277041912078857421875
0.55847200561594956269573231111280620098114013671875
0.59795769584127089757430439931340515613555908203125
0.59115491337591985487875945182167924940586090087890625
0.54672033778038642282126602367497980594635009765625
0.5513424664901334093514151390991173684597015380859375
0.5922131819397213892131048851297236979007720947265625
0.55178272536510519774566319028963334858417510986328125
0.543710607187075201096604359918273985385894775390625
0.58233151356909107487780374867725186049938201904296875
0.60755495545096682707963964276132173836231231689453125
0.5761375119222373886174182189279235899448394775390625
0.634741495639317587773575723986141383647918701171875
0.5542661363815242214769796191831119358539581298828125
0.6121713144178426713182261664769612252712249755859375
0.59729466489966143161183254051138646900653839111328125
0.59427543887321832016823464073240756988525390625
0.5716916300909142822916919612907804548740386962890625
0.55531974668226113944768940200447104871273040771484375
0.62505820560332858715213433242752216756343841552734375
0.57024872179577368314085106248967349529266357421875
0.620848252116925181098849861882627010345458984375
0.5417614895282003573129259166307747364044189453125
0.55491605080635164615188159586978144943714141845703125
0.58083851201340463976663386347354389727115631103515625
0.5661828050707076176450982529786415398120880126953125
0.55842583884765228940949555180850438773632049560546875
0.58105146889326741987957802848541177809238433837890625
0.61128251919053566698636359433294273912906646728515625
0.59404953135636040517653100323514081537723541259765625
0.5440730947323846322660756413824856281280517578125
0.5890953894694301862244856238248758018016815185546875
0.59056427981541459448777686702669598162174224853515625
0.58827870174034913031135829442064277827739715576171875
0.5671488056723383852641973135177977383136749267578125
0.28087329205602140635988916983478702604770660400390625
0.6029405531252034489142488382640294730663299560546875
0.6194554994252505775165218437905423343181610107421875
0.6039764368429627605650011901161633431911468505859375
0.5953758640517612388265433764900080859661102294921875
0.63163405667731675752207820551120676100254058837890625
0.59950846275861258138917264659539796411991119384765625
0.580333644174197527121350503875873982906341552734375
0.60148964503732071928965297047398053109645843505859375
0.5715746250550346463370487981592305004596710205078125
0.63998535167156234138019499368965625762939453125
0.57898374886759762514287785961641930043697357177734375
0.6236540527234903930065001986804418265819549560546875
0.60814289233798379807893752513336949050426483154296875
0.5517526481615651068324268635478802025318145751953125
0.5489091777608041677893879750627093017101287841796875
0.6126746772277795738403938230476342141628265380859375
0.53106147262660419183788462760276161134243011474609375
0.5780739836570736311927021233714185655117034912109375
0.54071910071403872510842347764992155134677886962890625
0.5150113819287385208411933490424416959285736083984375
0.52587850707417860274262011444079689681529998779296875
0.56682531140392899970947837573476135730743408203125
0.6223009741006555461950711105600930750370025634765625
0.5535749647672456585922873273375444114208221435546875
0.60906828650010946812898282587411813437938690185546875
0.6124876934131666672556093544699251651763916015625
0.62454350868484331815722043756977654993534088134765625
0.543683709026318684465195474331267178058624267578125
0.59783278526965755172994931854191236197948455810546875
0.59028608757421452413183260432560928165912628173828125
0.6303366016315952169435377072659321129322052001953125
0.57392715543163597136100406714831478893756866455078125
0.57203137619920918499616391272866167128086090087890625
0.55092281273341170422241930282325483858585357666015625
0.6375201597404205333674553912715055048465728759765625
0.62962795276534710975369080188102088868618011474609375
0.60501131414940767516696951133781112730503082275390625
0.59806148901571198894799863410298712551593780517578125
0.63807988919736458033327153316349722445011138916015625
0.62148405501939774087105661237728781998157501220703125
0.60799663346648469275379511600476689636707305908203125
0.53343526350927306101112890246440656483173370361328125
0.59525974342024257079941662595956586301326751708984375
0.5856770326249771674298472134978510439395904541015625
0.5546012659294461411008114737342111766338348388671875
0.62287127944797038292534807624178938567638397216796875
0.57816765238357781253597522663767449557781219482421875
0.62424156835296862322337574369157664477825164794921875
0.56246716178466804603175432930584065616130828857421875
0.62245782289258155817179840596509166061878204345703125
0.58508323459706057523277422660612501204013824462890625
0.6615655157738533631572863669134676456451416015625
0.562335645453506227653406313038431107997894287109375
0.55656685532576510855307105885003693401813507080078125
0.5629939703256028327160720436950214207172393798828125
0.60474229805756329891863742886926047503948211669921875
0.5579400720704492666612850371166132390499114990234375
0.6229233720947304764337104643345810472965240478515625
0.56921502076438190709239961506682448089122772216796875
0.57311174565764033683734623991767875850200653076171875
0.623480640496392179983331516268663108348846435546875
0.5511953722217077800138440579758025705814361572265625
0.551959782653756558801205756026320159435272216796875
0.60465199173507411245509501895867288112640380859375
0.63897585789106081666233194482629187405109405517578125
0.59003453385756043925169933572760783135890960693359375
0.5663185681260796133784651829046197235584259033203125
0.65220359469414912467755129910074174404144287109375
0.59494363152851226228534642359591089189052581787109375
0.60066269239275948965683937785797752439975738525390625
0.577328253595793317032303093583323061466217041015625
