0.017429315715043185164301320355662028305232524871826171875
0.019812462387808149610890495750936679542064666748046875
0.01748156158054524345057956224991357885301113128662109375
0.02666282848164626406717303552795783616602420806884765625
0.015512850984154967493022780899991630576550960540771484375
0.01161423550561641905576326649907059618271887302398681640625
0.0144152907050400340416285160927145625464618206024169921875
0.022699020300726895082998879615843179635703563690185546875
0.0173573819379584659561288617624086327850818634033203125
0.0248963246379153603504708058835603878833353519439697265625
0.024947920244113762355819829963365918956696987152099609375
0.0191940792052614946083810565369276446290314197540283203125
0.01469357920490447534656031081112814717926084995269775390625
0.01296555892154041371433503826438027317635715007781982421875
0.0216110258820662003154122743353582336567342281341552734375
0.0198313967630858907498225818244463880546391010284423828125
0.0181539015145970004938558162166373222135007381439208984375
0.0173973795465867699105988464225447387434542179107666015625
0.01209558064483003125832993873700615949928760528564453125
0.0153217128701329981244061428924396750517189502716064453125
0.01675469195055552529272091533130151219666004180908203125
0.0209589873255218474279448770403178059495985507965087890625
0.0176175267989633031751051106539307511411607265472412109375
0.01413947226160091642788163568411619053222239017486572265625
0.027675509373797917145321179077654960565268993377685546875
0.0153185192707689932234416119172237813472747802734375
0.0151433939445278879787348813579228590242564678192138671875
0.0100749611569904730379310109356083557941019535064697265625
0.01485056882752077041243143895599132520146667957305908203125
0.0202409121507839094566971738231586641632020473480224609375
0.02017064949010573260412826357423909939825534820556640625
0.01288546447148409233862675904447314678691327571868896484375
0.01982479765169810337344102890710928477346897125244140625
0.015480509340785965355369313556366250850260257720947265625
0.0183268538839402340967499327462064684368669986724853515625
0.0166978665794118262544198927344041294418275356292724609375
0.01414021236662452336851902856551532750017940998077392578125
0.01743269344454904945518336489840294234454631805419921875
0.0094563248336825590778520478352220379747450351715087890625
0.0202386408048284803518068741823299205861985683441162109375
0.020123047639288398069634666853744420222938060760498046875
0.0246266220551130780858084534656882169656455516815185546875
0.012462935675796933676640065868923556990921497344970703125
0.018981306108066163529368708395850262604653835296630859375
0.016262969560044894523631597849089303053915500640869140625
0.018857534234320662280826041978798457421362400054931640625
0.01326881837452118483022811545879449113272130489349365234375
0.0205229921587137230376551855215438990853726863861083984375
0.0185271258524770561504357857529612374491989612579345703125
0.0201076556165203056136814296905868104659020900726318359375
0.024114491379634672707510389955132268369197845458984375
0.02562451479185541558525329719486762769520282745361328125
0.01376758781776832481213990178048334200866520404815673828125
0.01734948125369066562750930415859329514205455780029296875
0.022696223739204678115921609560245997272431850433349609375
0.01174502066771374551856776946578975184820592403411865234375
0.012181019197321507618880787049420177936553955078125
0.0193951347810319175979376637997120269574224948883056640625
0.01486979871468573077830654938225052319467067718505859375
0.01606024533647494589860826863514375872910022735595703125
0.01792450739759650357729725556055200286209583282470703125
0.0142665485691340736262855415361627819947898387908935546875
0.0238405578586985932021402589953140704892575740814208984375
0.0165896976980827344505531328877623309381306171417236328125
0.0194119675780409124687952981958005693741142749786376953125
0.02492599994497780857560798040140070952475070953369140625
0.01997570776917563517560694208441418595612049102783203125
0.0221211147257897901285961239636890240944921970367431640625
0.0140088962415046321130507323005076614208519458770751953125
0.01489869571948108754877448944853313150815665721893310546875
0.0156833130088230403298421578028865042142570018768310546875
0.0202368844120400549757565755726318457163870334625244140625
0.0152548389111728487088637251645195647142827510833740234375
0.0177929326590714372013923849635830265469849109649658203125
0.0161176006874738757257414789592075976543128490447998046875
0.0192567501685523556620438512254622764885425567626953125
0.0167366378491881663548301872879164875485002994537353515625
0.0225882517788271279524092705059956642799079418182373046875
0.0179865621954889802480703764331337879411876201629638671875
0.01340578927162272039608215123962509096600115299224853515625
0.01473739828769923300433308810397647903300821781158447265625
0.016570351044666774276148402122998959384858608245849609375
0.01524649607835651225762330085444773430936038494110107421875
0.0234416931383329037175133890968936611898243427276611328125
0.019204908417120906960473547542278538458049297332763671875
0.01535623586580536770185290151857770979404449462890625
0.0146617052160117576631304103784714243374764919281005859375
0.0182492029374607123148877008134149946272373199462890625
0.01509345908411719762443059522638577618636190891265869140625
0.01153558706810985275137415584367772680707275867462158203125
0.019185639520571763638745466096224845387041568756103515625
0.019159139679907795372759693464104202575981616973876953125
0.01442109173051962615896837149875864270143210887908935546875
0.0187685362290202217838697151819360442459583282470703125
0.01794400513573386757304461980311316438019275665283203125
0.0174881167707889063900328352474389248527586460113525390625
0.01462211463837991172465269329450165969319641590118408203125
0.01877327090234905127008602221394539810717105865478515625
0.01561010848284717471290417023510599392466247081756591796875
0.01485363002248589990583749198549412540160119533538818359375
0.0167219456715174789873668004247520002536475658416748046875
0.01152783135949105551565363469990188605152070522308349609375
0.0290033252304977944013852919624696369282901287078857421875
0.01833519801031509299793498257713508792221546173095703125
0.0251992726752966501868602477998138056136667728424072265625
0.0164586704090319731197400443534206715412437915802001953125
0.015145778489779659903291531009017489850521087646484375
0.017246382495540397983280200833178241737186908721923828125
0.017577870076394865039848269816502579487860202789306640625
0.01248247772427811021211940811781460070051252841949462890625
0.0198263464965395715122742359426410985179245471954345703125
0.0224032432860644566130492449929079157300293445587158203125
0.02102436697716225655341304445755667984485626220703125
0.01439590746048513038302107958088527084328234195709228515625
0.017605100112531642253532737640853156335651874542236328125
0.01727040542943970857781010863618575967848300933837890625
0.0253055482424187731804732237606003764085471630096435546875
0.020257667623500126563573786597771686501801013946533203125
0.02332662968155173321971318500800407491624355316162109375
0.0185310794270082505874608358453770051710307598114013671875
0.0216673398215614203266010662218832294456660747528076171875
0.0267145867059773341189998774325431440956890583038330078125
0.0148314500275202217072223476179715362377464771270751953125
0.0132266550662994662734828210659543401561677455902099609375
0.01749462661040364352960096994138439185917377471923828125
0.01678360720960381247124360015732236206531524658203125
0.01276459607013148700449534089784719981253147125244140625
0.034528881057392789288851275841807364486157894134521484375
0.0149389976109805290571674873945084982551634311676025390625
0.0189065183862249137913824625911729526706039905548095703125
0.01757048873459686466613760558175272308290004730224609375
0.013578941945791074552563060251486604101955890655517578125
0.0239913187326865097459549502900699735619127750396728515625
0.0208364048578613299256279134397118468768894672393798828125
0.02062410596940113249875281553613604046404361724853515625
0.01504572440664331441084744511726967175491154193878173828125
0.012592157567639712667517670752204139716923236846923828125
0.01268612381538847776185630067402598797343671321868896484375
0.017079802466159456353356205227100872434675693511962890625
0.01560989503156459158594859815138988778926432132720947265625
0.0193494279201386724931222005352537962608039379119873046875
0.01188182197075962794052816917655945871956646442413330078125
0.011873049417658487758586716154241003096103668212890625
0.016758015566177543453907361481469706632196903228759765625
0.01249724040971713322212277574863037443719804286956787109375
0.0164816097062989753985196017538328305818140506744384765625
0.020199967033208358901941181784422951750457286834716796875
0.0207366108181651076503015929120010696351528167724609375
0.0202821077246669277671653475181301473639905452728271484375
0.020385534799567006647436073762946762144565582275390625
0.019634145985085581231910367705495445989072322845458984375
