82.9692032337188720703125
83.6185910701751708984375
83.55954647064208984375
86.3330156803131103515625
86.0971393585205078125
82.7830073833465576171875
82.8452622890472412109375
82.044316768646240234375
83.8358747959136962890625
84.3235263824462890625
82.568355560302734375
84.8766727447509765625
84.125739574432373046875
83.899727344512939453125
85.1833798885345458984375
85.1223137378692626953125
82.7965099811553955078125
83.5600764751434326171875
82.778520107269287109375
83.7481057643890380859375
84.270475864410400390625
81.42108058929443359375
81.02595424652099609375
84.669164180755615234375
83.106452465057373046875
83.6545903682708740234375
86.1381571292877197265625
87.5377819538116455078125
87.6922838687896728515625
84.1124031543731689453125
84.587365627288818359375
85.7017214298248291015625
82.5245783329010009765625
83.2362244129180908203125
83.330167293548583984375
85.3580071926116943359375
84.9928548336029052734375
85.8062598705291748046875
85.313272953033447265625
83.5302212238311767578125
84.5050771236419677734375
84.5157482624053955078125
82.7767288684844970703125
85.3576853275299072265625
84.61871242523193359375
83.3399066925048828125
83.1154811382293701171875
82.3857190608978271484375
81.8096144199371337890625
81.8345234394073486328125
85.1502544879913330078125
82.5115201473236083984375
81.269726276397705078125
81.7938172817230224609375
83.3328478336334228515625
83.9577181339263916015625
82.0508515834808349609375
82.3142032623291015625
82.0241892337799072265625
84.3750488758087158203125
83.2220478057861328125
83.1013014316558837890625
83.449439525604248046875
84.0706021785736083984375
82.4707276821136474609375
84.045497894287109375
81.8938624858856201171875
84.7120668888092041015625
84.200079441070556640625
83.5056874752044677734375
83.50252819061279296875
84.1254246234893798828125
83.737827301025390625
84.8307273387908935546875
85.721889019012451171875
84.277010440826416015625
84.304530620574951171875
84.233925342559814453125
83.682383060455322265625
83.1322395801544189453125
83.2442691326141357421875
83.5827233791351318359375
82.8219344615936279296875
85.02179813385009765625
529.3781650066375732421875
83.9309780597686767578125
83.072414875030517578125
84.190832614898681640625
83.4402396678924560546875
83.4461462497711181640625
83.500836849212646484375
83.1704921722412109375
80.4099652767181396484375
83.0682773590087890625
83.4935019016265869140625
84.1749660968780517578125
84.71910762786865234375
84.8078567981719970703125
85.7781555652618408203125
85.718706607818603515625
83.063152790069580078125
83.6056444644927978515625
82.058475494384765625
82.611157894134521484375
86.913720607757568359375
85.6123249530792236328125
83.6194088459014892578125
83.5789415836334228515625
84.30451488494873046875
83.493838787078857421875
83.936711788177490234375
83.4397809505462646484375
86.1657054424285888671875
84.85687541961669921875
82.9648697376251220703125
84.19655513763427734375
81.6486723423004150390625
82.13910388946533203125
83.613532543182373046875
82.0360105037689208984375
81.410061359405517578125
86.2038328647613525390625
86.003256320953369140625
84.436650753021240234375
84.135471820831298828125
83.5357921123504638671875
85.4515807628631591796875
84.0379893779754638671875
81.3252904415130615234375
81.4840872287750244140625
83.59935855865478515625
83.441375732421875
82.7528455257415771484375
84.8179347515106201171875
84.8692033290863037109375
84.1642000675201416015625
84.7274324893951416015625
84.0690963268280029296875
82.28924655914306640625
84.78559970855712890625
92.0529808998108052264797152020037174224853515625
90.296578884124755859375
84.2334425449371337890625
84.6633083820343017578125
84.2723605632781982421875
84.5158121585845947265625
83.085164546966552734375
85.270153045654296875
84.3139731884002685546875
84.872658252716064453125
84.9797084331512451171875
