0.0874820817261934002839751656210864894092082977294921875
0.083968861028551999847735487492172978818416595458984375
0.08641181886196129535715471092771622352302074432373046875
0.0881454795598982931981169031132594682276248931884765625
0.08622889500111340088661648906054324470460414886474609375
0.08593399822711940416741782655662973411381244659423828125
0.085327937267720699310302734375
0.09573055896908040651727134218162973411381244659423828125
0.09327785298228259691644126405662973411381244659423828125
0.109970849938690606872881971867172978818416595458984375
0.08892970439046619934853055156054324470460414886474609375
0.1005011601373552998506255562460864894092082977294921875
0.08989851735532279619622642030662973411381244659423828125
0.0982863372191785933384977624882594682276248931884765625
0.110918476246297303955401503117172978818416595458984375
0.0912370132282376011811919624960864894092082977294921875
0.08303138241171829914133439842771622352302074432373046875
0.0893754754215478064427458093632594682276248931884765625
0.07952429447323079714227134218162973411381244659423828125
0.10002651903778310427117759218162973411381244659423828125
0.0915545476600526930699430749882594682276248931884765625
0.09620479866862290119211564842771622352302074432373046875
0.0957695869728922011265836999882594682276248931884765625
0.10200076363980770111083984375
0.0831921584904193045506559656132594682276248931884765625
0.099442792125046197693194471867172978818416595458984375
0.09755811840295790238197781718554324470460414886474609375
0.09606730006635179341945018904880271293222904205322265625
0.11438922956585879930901938905662973411381244659423828125
0.10710879229009150070961453593554324470460414886474609375
0.092315248213708400726318359375
0.116667185910046100616455078125
0.0921844085678457936250396187460864894092082977294921875
0.0884502809494732977757536218632594682276248931884765625
0.0869115227833389958345122749960864894092082977294921875
0.096490844152867794036865234375
0.084923373535275403778399549992172978818416595458984375
0.07956497091799970278191977968162973411381244659423828125
0.08475423976778979906487876405662973411381244659423828125
0.08673757594078769506129589217380271293222904205322265625
0.0954382214695214947663970406210864894092082977294921875
0.0950082987546919943699919031132594682276248931884765625
0.09974502213299270281243735780662973411381244659423828125
0.09486385714262719759393149843162973411381244659423828125
0.08655270840972660584267117656054324470460414886474609375
0.08186183031648390506784807030271622352302074432373046875
0.0913099814206360937962614343632594682276248931884765625
0.09311550669372080368813016093554324470460414886474609375
0.08422343432903289794921875
0.086409260518848896026611328125
0.0976178692653774937593169624960864894092082977294921875
0.08835375122725959429192954530662973411381244659423828125
0.1000320464372634055028044031132594682276248931884765625
0.0851244553923606039891325281132594682276248931884765625
0.1001162836328148009190641687382594682276248931884765625
0.0828158585354684950718961999882594682276248931884765625
0.08801532909274099869545437968554324470460414886474609375
0.0922842985019086958775602624882594682276248931884765625
0.08641410805284970020334611717771622352302074432373046875
0.084694029763340894501055799992172978818416595458984375
0.08890393935143940662424455467771622352302074432373046875
0.1052931845188140036473356531132594682276248931884765625
0.10174405667930840058144070781054324470460414886474609375
0.086199740879237596313799940617172978818416595458984375
0.08686104323714970154579617656054324470460414886474609375
0.086425878107547704498614393742172978818416595458984375
0.077813438139855806152667128117172978818416595458984375
0.08977825939655299791741782655662973411381244659423828125
0.103897011838853303711260878117172978818416595458984375
0.097768071107566301147784315617172978818416595458984375
0.1054497752338647009739958093632594682276248931884765625
0.0831786263734101971589751656210864894092082977294921875
0.0831752633675932051549040124882594682276248931884765625
0.0929202102124691009521484375
0.093214469030499402801837049992172978818416595458984375
0.08541181683540340074944907655662973411381244659423828125
0.08192604500800369782265164531054324470460414886474609375
0.1075324462726711949311919624960864894092082977294921875
0.08695811778306959671791531718554324470460414886474609375
0.09000222943723200363930203593554324470460414886474609375
0.095153252594172899048174940617172978818416595458984375
0.092160106636583805084228515625
0.08642296213656659731316977968162973411381244659423828125
0.1093773506581783017121978218710864894092082977294921875
0.084628514945506994049395643742172978818416595458984375
0.09087468590587370609323869530271622352302074432373046875
0.0998048707842826010594450281132594682276248931884765625
0.094160892069339696686114393742172978818416595458984375
0.087391610257327501098956190617172978818416595458984375
0.0904498575255273939976774499882594682276248931884765625
0.0820139097049832066499419624960864894092082977294921875
0.0928216911852358939061247156132594682276248931884765625
0.099090392701327800750732421875
0.0860100286081433018647857124960864894092082977294921875
0.0838813045993447026216216499960864894092082977294921875
0.08840586617588989948313127342771622352302074432373046875
0.0843167817220090987095915124882594682276248931884765625
0.099475975148379802703857421875
0.08676420990377660402703696718162973411381244659423828125
0.08662446681410070070672446718162973411381244659423828125
0.0880177095532417019807525093710864894092082977294921875
0.09047597926110019506129589217380271293222904205322265625
0.08491691946983330463449846092771622352302074432373046875
0.08639644738286729463982993593162973411381244659423828125
0.0835335776209830960237212593710864894092082977294921875
0.09708139579743139957468400780271622352302074432373046875
0.09497048333287229360255565779880271293222904205322265625
0.08333033788949249787147977031054324470460414886474609375
0.09851779974997039446282798280662973411381244659423828125
0.08766520954668520493324734843554324470460414886474609375
0.0991192562505602003941618249882594682276248931884765625
0.09125410206615920671868735780662973411381244659423828125
0.09248736035078759798455649843162973411381244659423828125
0.082245050929486696045245253117172978818416595458984375
0.09117922093719239839959556093162973411381244659423828125
0.083394191227853298187255859375
0.08933507557958360323357993593162973411381244659423828125
0.098140324465930406372393690617172978818416595458984375
0.09698511473834510454583579530662973411381244659423828125
0.0878032315522432049714751656210864894092082977294921875
0.0909755527973175048828125
0.089955043047666494171465956242172978818416595458984375
0.081230031326413099090899549992172978818416595458984375
0.10875952057540409778635392967771622352302074432373046875
0.08636569231748579544838406718554324470460414886474609375
0.09654584713280199570473172343554324470460414886474609375
0.0939909126609562994847379968632594682276248931884765625
0.09970023389905689759071805156054324470460414886474609375
0.080245421268045902252197265625
0.099100791849195901672686659367172978818416595458984375
0.09046489838510750336464383281054324470460414886474609375
0.09080646652728309453639354842380271293222904205322265625
0.081203459762036800384521484375
0.1101459879428147992097564156210864894092082977294921875
0.1040437379851937016450591499960864894092082977294921875
0.08946085069328539585153947655271622352302074432373046875
0.089770829305052701752032362492172978818416595458984375
0.0847981506958603026280485437382594682276248931884765625
0.0722891632467508038484282906210864894092082977294921875
0.086721687577664796631182753117172978818416595458984375
0.10189941339194770464349204530662973411381244659423828125
0.09588566143065689606483914531054324470460414886474609375
0.104574463330209199707354628117172978818416595458984375
0.0926023777574299933323942468632594682276248931884765625
0.09045024588704099477443065779880271293222904205322265625
0.097482771612703800201416015625
0.0905486214905976971589751656210864894092082977294921875
0.08495532348752020401772000468554324470460414886474609375
0.085987227968871593475341796875
0.0928408754989503981480680749882594682276248931884765625
0.0946727283298968991243071968710864894092082977294921875
