-2.20347299873828905703021519002504646778106689453125
-1.014711745083332061767578125
-0.5444177368283271700732939279987476766109466552734375
-3.38293897807598131777240269002504646778106689453125
-0.82802373811602592024172508899937383830547332763671875
-2.8585272300243378396089610760100185871124267578125
-1.2016931951045990434323584850062616169452667236328125
-1.53786141157150257896546463598497211933135986328125
-1.0981628808379173545262119660037569701671600341796875
-2.010184084475040489081720807007513940334320068359375
-2.951740355491638378993002334027551114559173583984375
-3.140197843909263486494864991982467472553253173828125
-2.865426499843597429872943394002504646778106689453125
-3.58429154098033908582010553800500929355621337890625
-2.149536355137824816807778915972448885440826416015625
-1.542282791435718447559111154987476766109466552734375
-1.3061949813365936190479033029987476766109466552734375
-0.81144280135631563499742924250313080847263336181640625
-2.469630233645438988077103203977458178997039794921875
-2.22930644929409016441468338598497211933135986328125
-1.7222743475437163329644363329862244427204132080078125
-1.08775451302528392005797286401502788066864013671875
-1.6706446057558059781200654470012523233890533447265625
-1.103264334201812690849919817992486059665679931640625
-1.86824706107378002428731633699499070644378662109375
-1.3672123357653618302975928600062616169452667236328125
-2.954807191491127138505135008017532527446746826171875
-2.20237157940864580751849644002504646778106689453125
-2.961573532223701565868623220012523233890533447265625
-2.654166477322578376885076067992486059665679931640625
-1.289475055038928896777861154987476766109466552734375
-3.087453991770744199385489991982467472553253173828125
-0.798089502900838798638005755492486059665679931640625
-1.90165744811296466565408991300500929355621337890625
-1.9343620392680167530130574959912337362766265869140625
-1.2914000359177588705961170489899814128875732421875
-2.185861901044845456709708741982467472553253173828125
-1.0484213542938232155421474089962430298328399658203125
-0.44922427274286746978759765625
-1.381483915746211987851665980997495353221893310546875
-1.467237268984317832831720807007513940334320068359375
-1.40515671670436859130859375
-3.10119140446186047910259730997495353221893310546875
-1.1318141576647757773343982989899814128875732421875
-0.8071888002753258017918369660037569701671600341796875
-1.295285942554473823662419817992486059665679931640625
-1.22251053065061565661153508699499070644378662109375
-3.7028098011016847834753207280300557613372802734375
-0.8617625583708286018946864714962430298328399658203125
-5.395652879476546814885296043939888477325439453125
-3.724332377910613889326896241982467472553253173828125
-1.1633985039591789867330362540087662637233734130859375
-3.064076149463653475635283029987476766109466552734375
-0.83761042132973673179918705500313080847263336181640625
-2.904936283230781679520760008017532527446746826171875
-0.83191507488489147004173673849436454474925994873046875
-2.1698917877674102072660389239899814128875732421875
-1.48963825404644012451171875
-2.680312532782554768573390902020037174224853515625
-0.71588191851973537183084772550500929355621337890625
-2.00394768714904802919818394002504646778106689453125
-2.256280674338340563878091415972448885440826416015625
-1.1797492325305938276613915149937383830547332763671875
-1.5902506765723227744047107989899814128875732421875
-1.6401630711555481578756143790087662637233734130859375
-1.75300188362598419189453125
-1.84791587293148040771484375
-1.9100154376029967462358172269887290894985198974609375
-1.4427117553353310253072550040087662637233734130859375
-2.05962144136428815244244105997495353221893310546875
-6.6900498330593105578145696199499070644378662109375
-1.50420123249292370104512883699499070644378662109375
-1.8733388751745223554934227649937383830547332763671875
-2.736002324819564623936685165972448885440826416015625
-1.164682721197605186347345807007513940334320068359375
-1.0315430766344071411566574170137755572795867919921875
-0.69330166876316068336194575749686919152736663818359375
-1.89540657311677929186544133699499070644378662109375
-0.96345980808138842466092910399311222136020660400390625
-1.1699762773513793234769764239899814128875732421875
-1.1383694428205490822847423260100185871124267578125
-1.1108539274334907620556123220012523233890533447265625
-1.1310707318782806662937900910037569701671600341796875
-4.20710458159446698545025355997495353221893310546875
-1.326076371073722892646173932007513940334320068359375
-2.001682817935943603515625
-0.74817465558648110768302785800187848508358001708984375
-1.044221667945385068065888845012523233890533447265625
-0.5681529662013053982860810720012523233890533447265625
-1.8695508643984795060788428600062616169452667236328125
-1.27779950112104412340841008699499070644378662109375
-2.113036692738532895674552491982467472553253173828125
-2.258326925039291221963821953977458178997039794921875
-1.266049309074878781444795095012523233890533447265625
-2.287371374964714210165084296022541821002960205078125
-1.9794434073567390708348057160037569701671600341796875
-1.5795145130157470791942841970012523233890533447265625
-2.125800296068191652665291258017532527446746826171875
-1.19247155547142025255880071199499070644378662109375
-1.10981428146362315345641036401502788066864013671875
-3.8835885840654373879488048260100185871124267578125
-1.137130450010299664853619105997495353221893310546875
-1.124535977840423583984375
-2.3543405812978743796293201739899814128875732421875
-1.2775516629219054731692040149937383830547332763671875
-1.817879208922386080615751779987476766109466552734375
-1.0655254486203193931004307160037569701671600341796875
-1.1742034128308296292431123220012523233890533447265625
-1.0008186578750610795651709850062616169452667236328125
-1.605827914178371340625517404987476766109466552734375
-2.1944569700956346736120394780300557613372802734375
-1.291893655061721712939970529987476766109466552734375
-1.27541935443878173828125
-0.97049045458436011823977196399937383830547332763671875
-1.8875769644975661787356102649937383830547332763671875
-3.12467439949512471031312088598497211933135986328125
-1.3753832739591598244288661589962430298328399658203125
-3.5935603773593900456262417719699442386627197265625
-0.712937447726726514218853480997495353221893310546875
-2.687267012596130211221634453977458178997039794921875
-2.233313717246055762899459296022541821002960205078125
-1.097849262356758170966486432007513940334320068359375
-1.7414334857463835692925613329862244427204132080078125
-1.1247475862503051313723290149937383830547332763671875
-1.7168922108411788229886951739899814128875732421875
-2.82580014765262621523334019002504646778106689453125
-1.1334250044822693492818643790087662637233734130859375
-1.2374917721748353027777511670137755572795867919921875
-0.8069100917875766665332548654987476766109466552734375
-3.462207142114639424335109652020037174224853515625
-0.94785101324319842586163531450438313186168670654296875
-1.613647613227367383359478480997495353221893310546875
-0.91507660865783690962160790149937383830547332763671875
-7.09640874743461580465009319595992565155029296875
-1.150574977099895424004216692992486059665679931640625
-1.9126887899637221579496326739899814128875732421875
-1.1361005499958991560305321399937383830547332763671875
-1.1369641402363777071826689279987476766109466552734375
-2.596525312662124829188314834027551114559173583984375
-1.155700376629829495556123220012523233890533447265625
-2.157090913057327252744244105997495353221893310546875
-1.2193576323986052845071981209912337362766265869140625
-1.7458354908227919910501668709912337362766265869140625
-0.5463683761656283888186180774937383830547332763671875
-3.7199590110778810725378207280300557613372802734375
-5.26919858455657941220806605997495353221893310546875
-2.486811850070953511249172152020037174224853515625
-1.6847303703427314314211571399937383830547332763671875
-1.185562300086021370049138567992486059665679931640625
-1.436114990711212069385283029987476766109466552734375
-2.731367744207382042276321953977458178997039794921875
