113720805306592408
112579352181662814
116658369219667461
131125141672710511
105621438833688614
140534727014549410
124871742415853175
137612541184545596
102139684529564214
115260199345146907
101938517173593150
154824076022981853
183775945474667193
148554284750438725
116051133194315102
116829798846872504
108734280884436646
145075783177715162
142642928021814912
129432851553501897
134278264170497224
124895111657529165
134999397150948652
120169930810737056
108663681469468690
103586539380451508
104576010263025287
136968760139181451
132615558447106953
81006348348556030
156172674302891352
113656179184825263
97306163925023835
104321048192902007
121771914710818511
131945589107916574
120915365207037038
130886431432045419
117121289687070160
148928269771119143
135178212837245014
135629139007605283
123369312087671119
93179447506357335
129435823023516121
115416469404833022
106674002208563311
112602181015148598
108695360286947229
105691122855868201
155220840096335164
157708017248806262
127588685690753294
100602099492269218
124324340172004761
147911612358460242
117407726608995740
165618819383471577
129384705877868026
165008091037351978
140330903027623647
153129597012729229
106937700075573532
147050498971940106
120846127565149339
176254312270375070
112001914328579186
124928363618612542
126017852539723398
116289853933068970
153531093856615093
105703456651121486
116693745353491023
107288849270046471
118451505078011469
99025929052187187
98161941563565012
122351377367349594
106745639560788570
98796394395865443
177360322828826371
122163398011470081
125940889598136184
116098824743173418
133132779932608374
121884110989501086
173564028771097526
102103855519105273
166774081306536867
128551218441572015
123246822856111799
146742240076299469
120427111923342602
162843735981843771
131611335923276795
132773412086582112
174298263020576627
111999197785955216
144015106534049243
97818545094012217
134418427603354838
171899815852298303
126145881073620076
105507365812289361
104733135699308302
126946337360311337
134716947025842419
133504793324309237
141088642030907092
126876017545403778
122141998466836022
107947904584495507
152466347351884736
134812060231190834
115597083759324441
119922985978273190
118769826316486176
127040074186599565
129939418249421608
111029632348528424
112141388126024718
132142953078773355
135468178270660217
127326428266247174
130158582838772441
172863613830545735
121419719542691733
116226992735390905
110528358584534283
128150577208509890
140184466418154212
113230430084166822
119753336948465972
114687577168322064
127310986889998738
122875533123104542
122341384394153467
137901208119605443
131797354463159813
147590369964543610
182583359855174713
131101975942812519
102606584693527333
103680183747965807
127266180570192548
133951139525036048
123842335949595296
115270093562792910
120541171503832228
174023103804002798
153033592493088091
