9.3727948665618896484375
9.2214119434356671689556605997495353221893310546875
9.59710979461669921875
9.8597736358642578125
9.506686687469482421875
9.457565784454345703125
9.4671103954315203310443394002504646778106689453125
9.8279850482940673828125
9.446115016937255859375
9.5171911716461181640625
9.6330301761627197265625
9.4266250133514404296875
9.4707925319671648622943394002504646778106689453125
9.5765726566314697265625
9.6012394428253156064556605997495353221893310546875
9.6094996929168701171875
9.6499431133270263671875
9.26403045654296875
9.4472670555114763857318394002504646778106689453125
9.6733591556549072265625
9.5199019908905047060443394002504646778106689453125
9.3761918544769287109375
9.1260685920715314267681605997495353221893310546875
9.4133150577545166015625
9.4561026096343994140625
9.022705554962158203125
9.7745158672332763671875
9.58655548095703125
9.2665092945098876953125
9.490137577056884765625
9.5152378082275408388568394002504646778106689453125
9.2904782295227033017681605997495353221893310546875
9.3717823028564435361431605997495353221893310546875
9.366389751434326171875
9.2545692920684796689556605997495353221893310546875
9.5878269672393798828125
9.4106619358062744140625
9.80769252777099609375
9.0594632625579833984375
9.579331874847412109375
9.3218312263488751767681605997495353221893310546875
9.0856208801269513486431605997495353221893310546875
9.2353122234344482421875
9.5892968177795392392681605997495353221893310546875
9.6399784088134765625
9.3874523639678955078125
9.31525707244873046875
9.6385190486907958984375
9.5438916683197021484375
9.6889641284942644716693394002504646778106689453125
9.3175652027130126953125
9.6634590625762939453125
9.5756189823150634765625
9.60464763641357421875
9.5387086868286115048931605997495353221893310546875
9.3205049037933367372943394002504646778106689453125
9.7005016803741455078125
9.4277536869049072265625
9.716205596923828125
9.518987178802490234375
9.3132369518280047060443394002504646778106689453125
9.4394152164459246279193394002504646778106689453125
9.1264662742614763857318394002504646778106689453125
9.6008069515228271484375
9.2225253582000714658306605997495353221893310546875
9.1464960575103759765625
9.5370638370513916015625
9.1964275836944580078125
9.4980661869049072265625
9.5975840091705322265625
9.3194787502288818359375
9.3249638080596923828125
9.118495941162109375
9.7445590496063232421875
9.6376554965972900390625
9.4967954158782958984375
9.5327908992767316220806605997495353221893310546875
9.464824199676513671875
9.3223464488983154296875
9.449238300323486328125
9.6150758266448956845806605997495353221893310546875
9.5394375324249285341693394002504646778106689453125
9.5031714439392072080181605997495353221893310546875
9.5705225467681884765625
9.7245123386383056640625
9.6549844741821271298931605997495353221893310546875
9.450102329254150390625
9.4408977031707763671875
9.5162384510040283203125
9.275537014007568359375
9.343887805938720703125
9.1989207267761248232318394002504646778106689453125
9.394828319549560546875
9.5838067531585693359375
9.4857776165008544921875
9.6892673969268798828125
9.3349134922027605654193394002504646778106689453125
9.7316219806671142578125
9.3726842403411882997943394002504646778106689453125
9.55516529083251953125
9.59619903564453125
9.33096981048583984375
9.72478580474853515625
9.289558887481689453125
9.403965473175048828125
9.174844264984130859375
9.4852046966552716611431605997495353221893310546875
9.8020417690277099609375
9.58582592010498046875
9.7164175510406494140625
9.336163997650146484375
9.454944610595703125
9.414358615875244140625
9.4949705600738525390625
9.47626209259033203125
9.2310183048248273252056605997495353221893310546875
9.5703322887420636533306605997495353221893310546875
9.710091114044189453125
9.3751122951507568359375
9.4564120769500714658306605997495353221893310546875
9.5457596778869646669818394002504646778106689453125
9.2315876483917236328125
9.484963893890380859375
9.679207324981689453125
9.6380937099456804872943394002504646778106689453125
9.3742544651031494140625
9.5205390453338623046875
9.331780910491943359375
9.2986469268798845888568394002504646778106689453125
9.3265314102172833798931605997495353221893310546875
9.4911658763885498046875
9.5422763824462872861431605997495353221893310546875
9.4065988063812255859375
9.4709465503692644716693394002504646778106689453125
9.4049661159515380859375
9.409832477569580078125
9.3442041873931884765625
9.7267029285430908203125
9.32384490966796875
9.44709491729736328125
9.5941934585571271298931605997495353221893310546875
9.6561303138732927919818394002504646778106689453125
9.540152072906494140625
9.362618923187255859375
9.727867603302001953125
9.48163890838623046875
9.6092085838317888857318394002504646778106689453125
9.545014858245849609375
9.65762042999267578125
9.4359633922576904296875
9.3909866809844952939556605997495353221893310546875
