1687582
1727949
1469347
1315173
1409333
1917506
1073625
1285294
1441280
1471597
1343229
931827
1524754
1078881
1410419
1315157
1445747
1743605
1438529
1343291
1695269
1453666
1240859
969383
1737932
1730142
1866542
1502197
1571065
1619126
1557764
1525640
1416171
1629060
1585374
1284334
1254416
1870961
1630320
1685781
1577650
1313988
996693
1427384
1606282
1444717
1567314
1706779
1512239
1671636
1668143
1257691
1675905
1431993
1202028
1200378
1834646
1846981
1773372
1325361
1672435
1865589
1678617
1860401
1485510
927192
1461331
1774024
1729277
1831678
1591928
1577942
1186791
1587066
1239171
1904472
1745940
1865988
1553303
1118609
1566755
1384015
1792512
1212169
1433207
1435534
1720792
1555610
1222296
1375744
1433229
1615082
1660300
1800316
1255764
1554080
1692624
1050053
1626728
1641196
1786090
1252091
1772192
1377656
1619418
1281546
1520659
1513290
1613150
1612589
1729015
954724
1552891
1638626
1789226
1655360
743516
1799002
1462100
1647036
1653957
1797283
1287190
1842914
1441279
1438978
1424749
1812472
1812521
1356906
1134231
1462779
1539686
1673605
1377830
1600137
1508703
1405328
1498575
1777994
1383590
1599273
1421344
1883750
1360247
1536162
1677071
1436742
1343103
1635985
1486894
