0.303502321243286077301348768742172978818416595458984375
0.294405043125152587890625
0.374071002006530706207598768742172978818416595458984375
0.290746748447418212890625
0.267954051494598388671875
0.29076325893402099609375
0.1912479996681213101350493843710864894092082977294921875
0.1458142399787901999363981531132594682276248931884765625
0.259547054767608587066973768742172978818416595458984375
0.199183404445648193359375
0.363333761692047119140625
0.324771344661712590973223768742172978818416595458984375
0.351562380790710393707598768742172978818416595458984375
0.1924426555633544921875
0.164361953735351506988848768742172978818416595458984375
0.309251964092254583160723768742172978818416595458984375
0.368649303913116399566973768742172978818416595458984375
0.1998786926269530972444243843710864894092082977294921875
0.375646591186523381988848768742172978818416595458984375
0.453575134277343694488848768742172978818416595458984375
0.414909780025482177734375
0.252523243427276611328125
0.2142059803009032925569243843710864894092082977294921875
0.1999469995498656949006743843710864894092082977294921875
0.342224419116973876953125
0.381880342960357610504473768742172978818416595458984375
0.287120044231414794921875
0.405017554759979192535723768742172978818416595458984375
0.274382114410400390625
0.2301028370857237936863981531132594682276248931884765625
0.335755050182342473785723768742172978818416595458984375
0.1778699159622192105256743843710864894092082977294921875
0.267257213592529296875
0.319962799549102783203125
0.266951024532318115234375
0.149275124073028508941973768742172978818416595458984375
0.2040558457374571921238981531132594682276248931884765625
0.09374094009399409899163657655662973411381244659423828125
0.366091370582580510895098768742172978818416595458984375
0.337930262088775579254473768742172978818416595458984375
0.458292067050933782379473768742172978818416595458984375
0.2420819401741026999363981531132594682276248931884765625
0.1900985240936279019319243843710864894092082977294921875
0.359189569950103704254473768742172978818416595458984375
0.262523233890533391754473768742172978818416595458984375
0.233534157276153508941973768742172978818416595458984375
0.268923163414001409332598768742172978818416595458984375
0.297236025333404485504473768742172978818416595458984375
0.22811114788055419921875
0.360131323337554876129473768742172978818416595458984375
0.335405647754669189453125
0.340627431869506780426348768742172978818416595458984375
0.26378643512725830078125
0.1469081640243529995881743843710864894092082977294921875
0.266258716583251897613848768742172978818416595458984375
0.2084308862686156949006743843710864894092082977294921875
0.2415573596954344870457731531132594682276248931884765625
0.292771518230438176910723768742172978818416595458984375
0.308049142360687200348223768742172978818416595458984375
0.258848607540130615234375
0.26578271389007568359375
0.347972810268402099609375
0.378794968128204290191973768742172978818416595458984375
0.1714470386505126953125
0.348776280879974309723223768742172978818416595458984375
0.350103795528411809723223768742172978818416595458984375
0.296796381473541204254473768742172978818416595458984375
0.331313967704772893707598768742172978818416595458984375
0.318485796451568603515625
0.243318438529968206207598768742172978818416595458984375
0.263107359409332275390625
0.408832550048828125
0.2390170097351073941194243843710864894092082977294921875
0.358972728252410888671875
0.419783234596252385895098768742172978818416595458984375
0.35941255092620849609375
0.310620486736297607421875
0.362274169921875
0.186732947826385498046875
0.384687542915344182770098768742172978818416595458984375
0.252510130405426025390625
0.302443385124206487457598768742172978818416595458984375
0.2257429361343382956395231531132594682276248931884765625
0.3749830722808837890625
0.282236993312835693359375
0.31422030925750732421875
0.3031442165374755859375
0.2142148017883299948582731531132594682276248931884765625
0.248151957988739013671875
0.288266956806182805816973768742172978818416595458984375
0.359387814998626708984375
0.34047901630401611328125
0.355407118797302190582598768742172978818416595458984375
0.283829033374786376953125
0.320927321910858098785723768742172978818416595458984375
0.289651215076446477691973768742172978818416595458984375
0.221484839916229192535723768742172978818416595458984375
0.197292387485504094879473768742172978818416595458984375
0.191844403743743896484375
0.352624416351318303863848768742172978818416595458984375
0.2797052860260009765625
0.377939760684966985504473768742172978818416595458984375
0.313349068164825383941973768742172978818416595458984375
0.28532063961029052734375
0.358954906463622991363848768742172978818416595458984375
0.339120328426361083984375
0.210600972175598089020098768742172978818416595458984375
0.307227849960327092926348768742172978818416595458984375
0.25849020481109619140625
0.276581406593322698395098768742172978818416595458984375
0.3109874725341796875
0.23307073116302490234375
0.31436598300933837890625
0.2351681590080260952912993843710864894092082977294921875
0.2422146797180174948582731531132594682276248931884765625
0.226999938488006591796875
0.100723147392272893707598768742172978818416595458984375
0.26058864593505859375
0.178522825241088811676348768742172978818416595458984375
0.392036974430084173004473768742172978818416595458984375
0.440336883068084716796875
0.2859032154083251953125
0.316316306591033880035723768742172978818416595458984375
0.327980816364288274566973768742172978818416595458984375
0.2417714595794676901707731531132594682276248931884765625
0.342728793621063176910723768742172978818416595458984375
0.1468539237976073941194243843710864894092082977294921875
0.27213561534881591796875
0.2483689785003662109375
0.174602925777435302734375
0.297358334064483587066973768742172978818416595458984375
0.374024093151092473785723768742172978818416595458984375
0.1327955722808837890625
0.29967153072357177734375
0.200458228588104192535723768742172978818416595458984375
0.333179891109466497223223768742172978818416595458984375
0.30055797100067138671875
0.235278308391570989410723768742172978818416595458984375
0.310759246349334716796875
0.255013644695281982421875
0.29918873310089111328125
0.346138000488281194488848768742172978818416595458984375
0.31104648113250732421875
0.3043096065521240234375
0.2080021500587463101350493843710864894092082977294921875
0.2308602929115295132600493843710864894092082977294921875
0.2030031681060791015625
0.303983986377716008941973768742172978818416595458984375
0.302218258380889892578125
0.2562725543975830078125
0.2266641855239867886506743843710864894092082977294921875
