-0.353747286454152376489190601205336861312389373779296875
-0.1574755364719473416101891416474245488643646240234375
-0.0843703432240644757289516064702183939516544342041015625
-0.571585408420080209879188259947113692760467529296875
-0.13545159242373383534641106962226331233978271484375
-0.493894048103866001309114608375239185988903045654296875
-0.198921268639689008406179482335573993623256683349609375
-0.257633282400594743055677326992736198008060455322265625
-0.183726152695432298767030943054123781621456146240234375
-0.3291187007046947332611352976527996361255645751953125
-0.49661986177645334183949898942955769598484039306640625
-0.5162019320674975375595749937929213047027587890625
-0.498512774534195124420676847876165993511676788330078125
-0.621609292384381006968396832235157489776611328125
-0.33325176248008447910109453005134128034114837646484375
-0.257920004406126113227770701996632851660251617431640625
-0.2120094333496044536335745078758918680250644683837890625
-0.137083910382166163088868415798060595989227294921875
-0.41452893022299186487344968554680235683917999267578125
-0.35846627666779384835393784669577144086360931396484375
-0.2872179185662755429575554444454610347747802734375
-0.18194228427024461414163170047686435282230377197265625
-0.28224056257926921631451477878727018833160400390625
-0.190869555705978688475710214333957992494106292724609375
-0.301907453030794414861048835518886335194110870361328125
-0.2306972870482766335697988324682228267192840576171875
-0.488351029494629107485792474108166061341762542724609375
-0.380339665195390475016523623708053492009639739990234375
-0.5127373304931917008531172541552223265171051025390625
-0.448017726602570665050961906672455370426177978515625
-0.202577107267679690227879518715781159698963165283203125
-0.53288705747758002839731261701672337949275970458984375
-0.1343047999293356109529185005158069543540477752685546875
-0.330328105751644951482148826471529901027679443359375
-0.29548788506675804921286498938570730388164520263671875
-0.219584754599920273232527279105852358043193817138671875
-0.379003106244427623305881525084259919822216033935546875
-0.1632910331074064747003404818315175361931324005126953125
-0.0703736820399361862055087613043724559247493743896484375
-0.238207247277345712799245802671066485345363616943359375
-0.2369615177309819242790212001636973582208156585693359375
-0.21555875934189006049024328603991307318210601806640625
-0.527220479732851909915325450128875672817230224609375
-0.1862281602069746355709867202676832675933837890625
-0.132742525219119833490566406908328644931316375732421875
-0.2135488362940993478655826720569166354835033416748046875
-0.2031227117698627682162992869052686728537082672119140625
-0.6052656457936607115044580496032722294330596923828125
-0.124423728463654514886371771353879012167453765869140625
-0.938875480494128833441891401889733970165252685546875
-0.625426919877029252603506392915733158588409423828125
-0.19744297888549855457540616043843328952789306640625
-0.5201999058010577936528306963737122714519500732421875
-0.140790548406573623463344802075880579650402069091796875
-0.481227457998537111460990445266361348330974578857421875
-0.1377350911632264918171841827643220312893390655517578125
-0.37042111106321795599427559864125214517116546630859375
-0.240653428352026355074855246130027808248996734619140625
-0.452462194239648451965507547356537543237209320068359375
-0.12057109634709972656452237060875631868839263916015625
-0.313346654527240697785117617968353442847728729248046875
-0.376788771900965213657030972171924076974391937255859375
-0.184854757112812517760858099791221320629119873046875
-0.272618771674084825473727278222213499248027801513671875
-0.276744743620197741762467558146454393863677978515625
-0.282478107573724823708971598534844815731048583984375
-0.3147983553757038865938966409885324537754058837890625
-0.315839540309321764599559401176520623266696929931640625
-0.23445906586232789781121255145990289747714996337890625
-0.3341121780999978252424398306175135076045989990234375
-1.0950949096071396215990034761489368975162506103515625
-0.2484958224662273951199864541194983758032321929931640625
-0.299672711938610725201925788496737368404865264892578125
-0.47049993299860393136668790248222649097442626953125
-0.1975844102194050100340660947040305472910404205322265625
-0.167511564234575527354564883353305049240589141845703125
-0.1176220408588340149425022218565572984516620635986328125
-0.318744873307866882772287908665020950138568878173828125
-0.14306054861367645258951597497798502445220947265625
-0.2006376549831956068725702380106667988002300262451171875
-0.19984727802732404899899165684473700821399688720703125
-0.185603679465615234445152736952877603471279144287109375
-0.18505630841523401652892744095879606902599334716796875
-0.73228010147164379617379381670616567134857177734375
-0.22084076258671758719032141016214154660701751708984375
-0.3438225695557186600836985235218890011310577392578125
-0.12721568712800579437072201471892185509204864501953125
-0.1641730587454086620624593706452287733554840087890625
-0.0848171256324487254918409462334238924086093902587890625
-0.31437356273045147236899765630369074642658233642578125
-0.2168310876918567997595488350270898081362247467041015625
-0.37157512380992663292289535093004815280437469482421875
-0.3879640518182945196912214669282548129558563232421875
-0.2137987659409127105814008018569438718259334564208984375
-0.35131931619475087469339769086218439042568206787109375
-0.33003126854994480066096684822696261107921600341796875
-0.220735589082031780083781313805957324802875518798828125
-0.36184374363536819796394183867960236966609954833984375
-0.1951423507252871003547767259078682400286197662353515625
-0.1893312969926473077197925931614008732140064239501953125
-0.6645702154147983264920185320079326629638671875
-0.1826002391854194828457735866322764195501804351806640625
-0.1913683468510574414711555846224655397236347198486328125
-0.3842209156129090530384928570128977298736572265625
-0.2193054087309741773115234764190972782671451568603515625
-0.3177614620819422253106267817202024161815643310546875
-0.1836448731071670670278450643309042789041996002197265625
-0.1980642681366631963069124822141020558774471282958984375
-0.16405173635278125221503842112724669277667999267578125
-0.262550434225529816245625625015236437320709228515625
-0.3500128406768663325010493281297385692596435546875
-0.2161789843354069429182118255994282662868499755859375
-0.216987814158790204288607128546573221683502197265625
-0.15486173581685303002331011157366447150707244873046875
-0.319856216492305611698299117051647044718265533447265625
-0.505538221634256768055593056487850844860076904296875
-0.19340904341266262900234096377971582114696502685546875
-0.5990003522973983418609122963971458375453948974609375
-0.11947147536984549509586628346369252540171146392822265625
-0.45003897232172296316576876051840372383594512939453125
-0.3701532639060138851760939360246993601322174072265625
-0.160220132601327502896992882597260177135467529296875
-0.29227478264684336739520631454070098698139190673828125
-0.1757344847020096967327162928995676338672637939453125
-0.28586759881666667926225500195869244635105133056640625
-0.479640588649643595520188910086289979517459869384765625
-0.1810914000831058967566633555179578252136707305908203125
-0.1973704239977674135264607002682168968021869659423828125
-0.12043103498726186184608621942970785312354564666748046875
-0.5875971890825633092703128568246029317378997802734375
-0.155682093645392871650301458430476486682891845703125
-0.2811561449125934419868144686915911734104156494140625
-0.140842896146945395496885566899436526000499725341796875
-1.1973842126392855167438256103196181356906890869140625
-0.1855724995320359449468838874963694252073764801025390625
-0.330883677451459912166598087424063123762607574462890625
-0.191752940726319487385609363627736456692218780517578125
-0.19316116105860581253494956399663351476192474365234375
-0.43512460776741945789325427540461532771587371826171875
-0.19819211409750991936817854366381652653217315673828125
-0.36503739515612920740750269033014774322509765625
-0.2061196192590522835441646520848735235631465911865234375
-0.300143238047658467149148009411874227225780487060546875
-0.08768384289203708104043499815816176123917102813720703125
-0.63878269876266469129433289708686061203479766845703125
-0.8970543639336476804402309426222927868366241455078125
-0.4241774531736097753054082204471342265605926513671875
-0.2908790034002317614891808261745609343051910400390625
-0.2064741621408550942273762984768836759030818939208984375
-0.237898330459156148730670565782929770648479461669921875
-0.4684350896584614787343525676988065242767333984375
