83.1984312534332275390625
84.6640758514404296875
83.733256816864013671875
84.15007114410400390625
86.2783010005950927734375
83.453525066375732421875
83.5865993499755859375
81.946256160736083984375
84.1273767948150634765625
84.1189396381378173828125
82.692958831787109375
82.7502543926239013671875
83.75312137603759765625
83.9484889507293701171875
83.7247889041900634765625
84.5141870975494384765625
83.1974661350250244140625
83.3075268268585205078125
82.20567989349365234375
82.44947719573974609375
83.540034770965576171875
80.9036738872528076171875
81.25393390655517578125
84.55233860015869140625
83.5632126331329345703125
83.662994861602783203125
86.11606502532958984375
85.823989391326904296875
87.475471973419189453125
84.7804801464080810546875
84.4631328582763671875
85.5220320224761962890625
82.9113457202911376953125
82.9386012554168701171875
83.3479449748992919921875
83.6768758296966552734375
84.995234966278076171875
85.7814786434173583984375
85.9140107631683349609375
83.7517681121826171875
84.8451139926910400390625
84.829880237579345703125
82.8578879833221435546875
83.0035762786865234375
85.16418743133544921875
83.1522371768951416015625
84.12371158599853515625
82.6406853199005126953125
83.462407588958740234375
82.3623182773590087890625
85.00422763824462890625
85.3356549739837646484375
81.8667087554931640625
83.016088008880615234375
82.42464447021484375
83.8607437610626220703125
83.102215290069580078125
82.6576831340789794921875
82.12459468841552734375
81.3854377269744873046875
82.89619731903076171875
82.974235057830810546875
83.8128757476806640625
84.3435132503509521484375
82.6355440616607666015625
82.972754001617431640625
81.9334576129913330078125
82.177303791046142578125
84.0190880298614501953125
83.5213611125946044921875
83.96821498870849609375
84.503348827362060546875
84.144482135772705078125
84.323298931121826171875
85.6647727489471435546875
85.640837192535400390625
84.11328601837158203125
84.0416109561920166015625
84.1262228488922119140625
83.662109375
83.9915249347686767578125
83.525705814361572265625
83.09819507598876953125
82.8916695117950439453125
83.3656542301177978515625
84.173946857452392578125
84.146291255950927734375
84.0704848766326904296875
83.40462017059326171875
83.3099443912506103515625
84.56434154510498046875
84.6967418193817138671875
81.779839038848876953125
83.2917420864105224609375
83.9285602569580078125
84.3850688934326171875
84.867710113525390625
84.8031318187713623046875
84.8554313182830810546875
85.6908786296844482421875
83.4189548492431640625
83.4794633388519287109375
81.9960782527923583984375
82.582278728485107421875
85.98461055755615234375
85.8909599781036376953125
85.7778644561767578125
83.377437591552734375
83.3604009151458740234375
83.9720733165740966796875
83.719417572021484375
83.1290786266326904296875
83.448259830474853515625
84.61295032501220703125
84.007600307464599609375
83.6399352550506591796875
82.5168979167938232421875
82.531121730804443359375
83.7086508274078369140625
84.2552931308746337890625
81.9312365055084228515625
85.8886013031005859375
86.47933483123779296875
84.1465473175048828125
84.62714290618896484375
83.0407578945159912109375
84.319047451019287109375
84.252312183380126953125
81.2647540569305419921875
81.6749303340911865234375
83.385980129241943359375
83.79386138916015625
82.7625868320465087890625
83.485070705413818359375
84.12608623504638671875
84.155833721160888671875
84.343183040618896484375
83.7233726978302001953125
82.1766302585601806640625
85.5476169586181640625
84.993750095367431640625
88.37728118896484375
84.0328624248504638671875
84.1637859344482421875
84.0532395839691162109375
84.282384395599365234375
83.3641188144683837890625
83.691082477569580078125
84.1005518436431884765625
84.7737314701080322265625
84.94727420806884765625
