0.54314314566611354706537895253859460353851318359375
0.58358247138048968682966233245679177343845367431640625
0.56049385565254972174642489335383288562297821044921875
0.54543555842754976037412006917293183505535125732421875
0.61954359404510361830631381963030435144901275634765625
0.59803625522990422336278015791322104632854461669921875
0.542424241900679060535139797138981521129608154296875
0.59758438446451489500788056830060668289661407470703125
0.59554164997137826187412201761617325246334075927734375
0.457554204803233499632142411428503692150115966796875
0.60701593288597088804436907594208605587482452392578125
0.55014764248937708668307777770678512752056121826171875
0.5717953629900616174808192226919345557689666748046875
0.5629070363287105305261093235458247363567352294921875
0.60251573147719117429232937865890562534332275390625
0.559150227146334000138949704705737531185150146484375
0.56970979550698108706541233914322219789028167724609375
0.5663094442329181799067328029195778071880340576171875
0.59936074183962018135929383788607083261013031005859375
0.5783998314829166265127469159779138863086700439453125
0.62415477169583544192477120304829441010951995849609375
0.5178788665161107029888398756156675517559051513671875
0.5052735547106139701867277835845015943050384521484375
0.53866565635199414874279000287060625851154327392578125
0.5830925611283472864698751436662860214710235595703125
0.59932248444473545934130243040272034704685211181640625
0.58346124386683018148147539250203408300876617431640625
0.60344790350884502938555442597134970128536224365234375
0.56298775969597369961405775029561482369899749755859375
0.60588428273065575435651908264844678342342376708984375
0.58295799698555994527993107112706638872623443603515625
0.6003832533541320071179825390572659671306610107421875
0.571583378666796537714844816946424543857574462890625
0.5368156093327005606852253549732267856597900390625
0.56382133987368787675364956157864071428775787353515625
0.54104483290623051061629666946828365325927734375
0.57245951918464876850833888966008089482784271240234375
0.5166401324611242795725729592959396541118621826171875
0.594475419578003094756013524602167308330535888671875
0.54266554486331575191115916823036968708038330078125
0.51547030398366200376614187916857190430164337158203125
0.59236244393878967340327790225273929536342620849609375
0.5844503092895407814211239383439533412456512451171875
0.5953128950656274565034209445002488791942596435546875
0.52805619895469713132030165070318616926670074462890625
0.5545111732127729897712242745910771191120147705078125
0.5906276546208053535025328528718091547489166259765625
0.57574542233296999160785389904049225151538848876953125
0.542206411038977709182518083252944052219390869140625
0.5475262918342469475874167983420193195343017578125
0.58155196723366608946292899418040178716182708740234375
0.5462500202168902863064658959046937525272369384765625
0.53387315269935486927721512984135188162326812744140625
0.5702521191931781974204795915284194052219390869140625
0.60421303136242265896527214863453991711139678955078125
0.56361041294011837710087320374441333115100860595703125
0.62500516241410719597837442051968537271022796630859375
0.54159931201249766896665960302925668656826019287109375
0.60404696553248893309273626073263585567474365234375
0.5922744423988477446840761331259272992610931396484375
0.54620676371686460726095901918597519397735595703125
0.55636711394713989076166171798831783235073089599609375
0.546730682509350973674600027152337133884429931640625
0.61776650432736612827966382610611617565155029296875
0.56041300060110554870362875590217299759387969970703125
0.61131259822865569031336008265498094260692596435546875
0.53914322921885882156090019634575583040714263916015625
0.5453758361007861044100764047470875084400177001953125
0.5759817571627932064615151830366812646389007568359375
0.55754745828526275364112052557175047695636749267578125
0.54851314167319109582621194931562058627605438232421875
0.57425178468953375077177270213724114000797271728515625
0.60737255439612958252126873048837296664714813232421875
0.58443856466111210323788327514193952083587646484375
0.53459472221214365816877034376375377178192138671875
0.57620453648948044556021841344772838056087493896484375
0.58201817200225114401490600357647053897380828857421875
0.57752021301928369023670484239119105041027069091796875
0.55862524265374446930110252651502378284931182861328125
0.2426567045152233925708884498817496933043003082275390625
0.592904036521164190531862914212979376316070556640625
0.60064625251504344394248846583650447428226470947265625
0.59846606671987589987082856168854050338268280029296875
0.5784840274150575556433295787428505718708038330078125
0.62296241099794114060017591327778063714504241943359375
0.57623426414872647161047325425897724926471710205078125
0.57069670376768300013026191663811914622783660888671875
0.57614434955789695091965540996170602738857269287109375
0.56082902199573447798996994606568478047847747802734375
0.63489935393321628165352876749238930642604827880859375
0.564276288610504384024579849210567772388458251953125
0.6074001663299213316093982939491979777812957763671875
0.60006361311403189073843122969265095889568328857421875
0.5420651684505324308105400632484816014766693115234375
0.5388129655206574941672670320258475840091705322265625
0.60203634778780468206349496540497057139873504638671875
0.47106526719314700812901719473302364349365234375
0.55780263118114226106314390563056804239749908447265625
0.52793553605437182341120205819606781005859375
0.5133324214545387231822815010673366487026214599609375
0.5175615595162537108109290784341283142566680908203125
0.548652916643230792459462463739328086376190185546875
0.60397931601191212624968329691910184919834136962890625
0.54832828888397189270875742295174859464168548583984375
0.60229918924391567802700819811434485018253326416015625
0.60735034439522983529258226553793065249919891357421875
0.6127372329852611709810616957838647067546844482421875
0.53456978672449650957787525840103626251220703125
0.5891644649866616401112651146831922233104705810546875
0.57111869968095996252799295689328573644161224365234375
0.6166792083427719006749612162820994853973388671875
0.5562565546045112885309436023817397654056549072265625
0.5612645265319462506425907122320495545864105224609375
0.54437139476281704020266261068172752857208251953125
0.62876470464450828767866141788545064628124237060546875
0.5981973251863303975284225089126266539096832275390625
0.5979552282440858679279926946037448942661285400390625
0.57659458542714514539540004989248700439929962158203125
0.629733866778649176154658562154509127140045166015625
0.6153197035516317914272121925023384392261505126953125
0.57752448235043007951361460072803311049938201904296875
0.5236299588133033200421095898491330444812774658203125
0.5868149737656109810046700658858753740787506103515625
0.57978446491921176164652251827646978199481964111328125
0.54966571073910852618382705259136855602264404296875
0.6157534326096143484363665265846066176891326904296875
0.57259528538056569946235185852856375277042388916015625
0.6108346170516554263230091237346641719341278076171875
0.54816124709041569307288455092930234968662261962890625
0.603262982273826242618497417424805462360382080078125
0.57256502239661111186563857700093649327754974365234375
0.64762588503878948387182390433736145496368408203125
0.534911674683605564695199063862673938274383544921875
0.5535696947846389104341824349830858409404754638671875
0.5451277176686104564140578077058307826519012451171875
0.6011969004191854981655751544167287647724151611328125
0.5529559398429884087278196602710522711277008056640625
0.6199011806338454722009601027821190655231475830078125
0.55945509449936647872192452268791384994983673095703125
0.54957162691003380583509851931012235581874847412109375
0.618381536731076320023703374317847192287445068359375
0.55015314957046290711417668717331252992153167724609375
0.54210395150834489452762454675394110381603240966796875
0.6023198273817678138897235839976929128170013427734375
0.62841775777519348622490724665112793445587158203125
0.5742293260865716231222677379264496266841888427734375
0.55350238426389231083390995991067029535770416259765625
0.648276537080802572887705537141300737857818603515625
0.5906327933257815576695293202647008001804351806640625
0.59767733998748873158746164335752837359905242919921875
0.55234310791600249590516114039928652346134185791015625
