0.1382788419723509909520231531132594682276248931884765625
0.1637474298477172018895231531132594682276248931884765625
0.147856533527374212066973768742172978818416595458984375
0.117726147174835205078125
0.137660920619964599609375
0.197588026523590087890625
0.1094093322753905972444243843710864894092082977294921875
0.132041931152343694488848768742172978818416595458984375
0.1309060454368591031037993843710864894092082977294921875
0.1520445346832275113069243843710864894092082977294921875
0.11382591724395750565346219218554324470460414886474609375
0.08167582750320430406976157655662973411381244659423828125
0.1633346080780029019319243843710864894092082977294921875
0.1016656160354613980256743843710864894092082977294921875
0.1405465602874755026707731531132594682276248931884765625
0.119568943977355901520098768742172978818416595458984375
0.130208432674407903473223768742172978818416595458984375
0.158488571643829290191973768742172978818416595458984375
0.11613279581069939350168596092771622352302074432373046875
0.11794471740722649311106096092771622352302074432373046875
0.135784208774566594879473768742172978818416595458984375
0.1345688700675964077912993843710864894092082977294921875
0.12704372406005859375
0.096553981304168701171875
0.151523292064666692535723768742172978818416595458984375
0.1495966315269469937287993843710864894092082977294921875
0.19875276088714599609375
0.1523256301879881979832731531132594682276248931884765625
0.1443750858306883932957731531132594682276248931884765625
0.187617719173431396484375
0.1394627094268797995457731531132594682276248931884765625
0.146341502666473388671875
0.11971205472946160053293596092771622352302074432373046875
0.13123452663421630859375
0.142786800861358587066973768742172978818416595458984375
0.11371105909347530016351157655662973411381244659423828125
0.1389297842979430874787993843710864894092082977294921875
0.21201527118682861328125
0.156803548336028997223223768742172978818416595458984375
0.143305838108062688629473768742172978818416595458984375
0.1415625214576720913850493843710864894092082977294921875
0.130376517772674505035723768742172978818416595458984375
0.092342078685760498046875
0.1291928291320799948582731531132594682276248931884765625
0.148068249225616399566973768742172978818416595458984375
0.11760795116424560546875
0.1589337587356567105256743843710864894092082977294921875
0.1533427834510802945100493843710864894092082977294921875
0.131058216094970703125
0.1503588557243346890412993843710864894092082977294921875
0.1455008387565611960301481531132594682276248931884765625
0.10758447647094719623606096092771622352302074432373046875
0.1423453092575072964631743843710864894092082977294921875
0.12298083305358879779856096092771622352302074432373046875
0.10524266958236690172601157655662973411381244659423828125
0.11008310317993159899163657655662973411381244659423828125
0.156181573867797796051348768742172978818416595458984375
0.15221273899078369140625
0.152284502983093206207598768742172978818416595458984375
0.1172338128089903952488981531132594682276248931884765625
0.142155110836028997223223768742172978818416595458984375
0.1668943762779235007176481531132594682276248931884765625
0.15998065471649169921875
0.1483048200607298972020231531132594682276248931884765625
0.150003194808959905426348768742172978818416595458984375
0.07696127891540520404856096092771622352302074432373046875
0.1388089060783385952912993843710864894092082977294921875
0.1547420024871825894319243843710864894092082977294921875
0.177135884761810302734375
0.1680440306663512906037993843710864894092082977294921875
0.170858561992645208160723768742172978818416595458984375
0.141032397747039794921875
0.11919194459915159745033719218554324470460414886474609375
0.1445401310920715054475493843710864894092082977294921875
0.1229444742202757956395231531132594682276248931884765625
0.1571842432022093893895231531132594682276248931884765625
0.182933866977691594879473768742172978818416595458984375
0.157946169376373291015625
0.160550892353057805816973768742172978818416595458984375
0.101146757602691594879473768742172978818416595458984375
0.1730169057846069058381743843710864894092082977294921875
0.153610587120056096832598768742172978818416595458984375
0.193501055240631103515625
0.1154554486274718960725493843710864894092082977294921875
0.133813381195068303863848768742172978818416595458984375
0.1275074481964111050569243843710864894092082977294921875
0.1645253896713256003270231531132594682276248931884765625
0.143324673175811712066973768742172978818416595458984375
0.1082310080528258999787993843710864894092082977294921875
0.14824736118316650390625
0.14005243778228759765625
0.144407331943511907379473768742172978818416595458984375
0.1600093841552734097444243843710864894092082977294921875
0.16271340847015380859375
0.11305987834930419921875
0.128995597362518310546875
0.1424608230590820034944243843710864894092082977294921875
0.08391785621643059467356096092771622352302074432373046875
0.158910691738128606598223768742172978818416595458984375
0.1489069461822508932957731531132594682276248931884765625
0.1724047660827635886082731531132594682276248931884765625
0.12287449836730950092356096092771622352302074432373046875
0.16787016391754150390625
0.14246404170989990234375
0.1599757671356200894319243843710864894092082977294921875
0.11291331052780149979408719218554324470460414886474609375
0.1372701525688171109162993843710864894092082977294921875
0.139973938465118408203125
0.14905631542205810546875
0.1535699367523193081819243843710864894092082977294921875
0.1479227542877196988069243843710864894092082977294921875
0.09349811077117919921875
0.142024815082549993316973768742172978818416595458984375
0.1877713203430174948582731531132594682276248931884765625
0.14804172515869140625
0.1682496666908263882600493843710864894092082977294921875
0.0677414536476134976350493843710864894092082977294921875
0.1691291332244873046875
0.122540056705474798004473768742172978818416595458984375
0.14467704296112060546875
0.1267271041870116909944243843710864894092082977294921875
0.169505417346954290191973768742172978818416595458984375
0.1258287429809570034944243843710864894092082977294921875
0.165210306644439697265625
0.132807672023773193359375
0.1392357945442198874363981531132594682276248931884765625
0.12349146604537959703851157655662973411381244659423828125
0.1681837439537048062287993843710864894092082977294921875
0.196766674518585205078125
0.1289935111999510886082731531132594682276248931884765625
0.105389535427093505859375
0.122086048126220703125
0.14187014102935791015625
0.155429184436798095703125
0.1312915086746214987645231531132594682276248931884765625
0.155126988887786809723223768742172978818416595458984375
0.1291568875312804898225493843710864894092082977294921875
0.12455910444259639391351157655662973411381244659423828125
0.169026076793670598785723768742172978818416595458984375
0.177800357341766301910723768742172978818416595458984375
0.1354236006736755093537993843710864894092082977294921875
0.1424809098243713101350493843710864894092082977294921875
0.1281372904777526022801481531132594682276248931884765625
0.154588520526885986328125
0.1382111310958862027131743843710864894092082977294921875
0.1593902111053465964207731531132594682276248931884765625
0.1532538533210754116975493843710864894092082977294921875
0.122675836086273193359375
0.1401579380035400113069243843710864894092082977294921875
0.1670766472816467007600493843710864894092082977294921875
0.139932632446289006988848768742172978818416595458984375
