0.998713791370391845703125
0.998960971832275390625
0.99913609027862559930355246251565404236316680908203125
0.99948799610137939453125
0.99809020757675159796207253748434595763683319091796875
0.99887025356292724609375
0.99867975711822520867855246251565404236316680908203125
0.99837911128997802734375
0.998886883258819580078125
0.99864864349365245477230246251565404236316680908203125
0.997755706310272216796875
0.99875909090042125360042746251565404236316680908203125
0.998945534229278564453125
0.99859333038330078125
0.99971532821655284539730246251565404236316680908203125
0.997954785823822021484375
0.99807423353195201531917746251565404236316680908203125
0.99800115823745716436832253748434595763683319091796875
0.99760830402374278680355246251565404236316680908203125
0.99959760904312122686832253748434595763683319091796875
0.999331057071685791015625
0.998219430446624755859375
0.99861323833465576171875
0.99046140909194957391292746251565404236316680908203125
0.99711668491363525390625
0.99773156642913818359375
0.998831093311309814453125
0.998902738094329833984375
0.999240398406982421875
0.99879747629165638311832253748434595763683319091796875
0.9945316314697265625
0.99866670370101917608707253748434595763683319091796875
0.999968051910400390625
0.997366726398468017578125
0.999080181121826171875
0.999904215335845947265625
0.998225748538970947265625
0.99826127290725719110042746251565404236316680908203125
0.99540174007415760382144753748434595763683319091796875
0.99484956264495838507144753748434595763683319091796875
0.99940788745880115850894753748434595763683319091796875
0.99838578701019276007144753748434595763683319091796875
0.99164623022079478875667746251565404236316680908203125
0.99920380115509044305355246251565404236316680908203125
0.99837654829025279656917746251565404236316680908203125
0.99890649318695079461605246251565404236316680908203125
0.99823963642120361328125
0.99743926525115955694644753748434595763683319091796875
0.998102009296417236328125
0.99821436405181884765625
0.99851983785629283563167746251565404236316680908203125
0.99807673692703235968082253748434595763683319091796875
0.997089087963104248046875
0.99721974134445201531917746251565404236316680908203125
0.99828153848648082391292746251565404236316680908203125
0.99807727336883544921875
0.99851667881011962890625
0.99850380420684803350894753748434595763683319091796875
0.99843209981918323858707253748434595763683319091796875
0.99910390377044677734375
0.99768877029418956414730246251565404236316680908203125
0.99941110610961925164730246251565404236316680908203125
0.99879634380340576171875
0.99841576814651478155582253748434595763683319091796875
0.99891090393066395147769753748434595763683319091796875
0.99995183944702159539730246251565404236316680908203125
0.9976065158843994140625
0.99931573867797840460269753748434595763683319091796875
0.99841904640197765008480246251565404236316680908203125
0.99802201986312877313167746251565404236316680908203125
0.99714791774749755859375
0.99879258871078480108707253748434595763683319091796875
0.998178541660308837890625
0.99986076354980479852230246251565404236316680908203125
0.999207437038421630859375
0.9962542057037353515625
0.997136175632476806640625
0.997084319591522216796875
0.99734652042388916015625
0.99859082698822021484375
0.99897491931915283203125
0.99803888797759998663394753748434595763683319091796875
0.9992210865020751953125
0.99802076816558837890625
0.999206006526947021484375
0.99891132116317760125667746251565404236316680908203125
0.999776303768157958984375
0.998813152313232421875
0.99911177158355723992855246251565404236316680908203125
0.998912990093231201171875
0.998214900493621826171875
0.99847054481506358758480246251565404236316680908203125
0.99919748306274402960269753748434595763683319091796875
0.99810475111007679327457253748434595763683319091796875
0.9992253780364990234375
0.99612349271774280889957253748434595763683319091796875
0.99760979413986194952457253748434595763683319091796875
0.99890506267547596319644753748434595763683319091796875
0.997920572757720947265625
0.998359262943267822265625
0.99867343902587879522769753748434595763683319091796875
0.99839395284652721063167746251565404236316680908203125
0.99900633096694957391292746251565404236316680908203125
0.998972117900848388671875
0.99848663806915283203125
0.99904298782348643914730246251565404236316680908203125
0.99938261508941639288394753748434595763683319091796875
0.99419134855270396844417746251565404236316680908203125
0.99919354915618896484375
0.997446119785308837890625
0.9971463680267333984375
0.998797833919525146484375
0.998775899410247802734375
0.99927848577499400750667746251565404236316680908203125
0.998413980007171630859375
0.99821054935455322265625
0.99880862236022960320980246251565404236316680908203125
0.99881154298782359735042746251565404236316680908203125
0.996844589710235595703125
0.99797207117080677374332253748434595763683319091796875
0.999147891998291015625
0.99876582622528076171875
0.999221622943878173828125
0.998830258846282958984375
0.99766397476196277960269753748434595763683319091796875
0.99888670444488525390625
0.99835431575775157586605246251565404236316680908203125
0.99899512529373157843082253748434595763683319091796875
0.99820816516876220703125
0.998073875904083251953125
0.997683048248291015625
0.99825644493103038445980246251565404236316680908203125
0.999003112316131591796875
0.99863827228546142578125
0.99917352199554443359375
0.998709142208099365234375
0.989761173725128173828125
0.99615037441253662109375
0.99737662076950084344417746251565404236316680908203125
0.9977829456329345703125
0.99886739253997802734375
0.99969184398651123046875
0.99790573120117198602230246251565404236316680908203125
0.9991319179534912109375
0.99923455715179443359375
0.99912977218627918585269753748434595763683319091796875
0.999210834503173828125
0.99800789356231678350894753748434595763683319091796875
0.99839836359024036749332253748434595763683319091796875
0.999043405055999755859375
0.998938143253326416015625
