0.2531079201699462100094706329400651156902313232421875
0.2518905254828907036568352850736118853092193603515625
0.252161685371642629860389206442050635814666748046875
0.251717540233347580880263194558210670948028564453125
0.25157895062566826283045884338207542896270751953125
0.2538310194967412503075365748372860252857208251953125
0.252788763684475004112073293072171509265899658203125
0.251894996355064737514339867630042135715484619140625
0.25191410835334426820963926729746162891387939453125
0.251766329491453166866676838253624737262725830078125
0.2497159356138534125335581848048605024814605712890625
0.2528075557879219115164914910565130412578582763671875
0.251924049450455544985061351326294243335723876953125
0.2498256245005301412476228506420738995075225830078125
0.2519544989189401729134942797827534377574920654296875
0.250644098026916228860727642313577234745025634765625
0.25253461237360852464917115867137908935546875
0.252560085703559256131711663329042494297027587890625
0.2524636727570668259801323074498213827610015869140625
0.253803550415861334244027602835558354854583740234375
0.2551441399204830151603573540342040359973907470703125
0.2523138858246960491982235907926224172115325927734375
0.2540058752423040022705436058458872139453887939453125
0.251855936972863236888997562346048653125762939453125
0.2529706571167780193576390956877730786800384521484375
0.2536584086780067082145251333713531494140625
0.251505331186863134718123546917922794818878173828125
0.25266325198169337085118968388997018337249755859375
0.252153244003586518573456487501971423625946044921875
0.2539488924428299210234172278433106839656829833984375
0.2531153366409009120019391048117540776729583740234375
0.251616815377044833468289652955718338489532470703125
0.253321943568604268648414290510118007659912109375
0.252624386458111249709190815337933599948883056640625
0.2526715915463493278281248421990312635898590087890625
0.25275923114239429168037531781010329723358154296875
0.250070383132131812686793637112714350223541259765625
0.2531400060037594101913782651536166667938232421875
0.253145948752186544794540168368257582187652587890625
0.254070563862750731232154066674411296844482421875
0.2539050042701218590224243598640896379947662353515625
0.252205218523957608312002776074223220348358154296875
0.2522189371718914774334052708582021296024322509765625
0.2520960482337191166379852802492678165435791015625
0.252840959691044364632261931546963751316070556640625
0.2530867821990494537232052607578225433826446533203125
0.2519716195514309919900597378727979958057403564453125
0.2514758367380505177379745873622596263885498046875
0.2530469714988161644697584051755256950855255126953125
0.255312560796763232673356469604186713695526123046875
0.25133268872717717812292903545312583446502685546875
0.25383594645053708660498159588314592838287353515625
0.2524072817867157869642369405482895672321319580078125
0.25133320410344328621476961416192352771759033203125
0.2527017189461868706956693131360225379467010498046875
0.251623634750877567256566180731169879436492919921875
0.251696987129515381553801489644683897495269775390625
0.25318174084982469906890401034615933895111083984375
0.253081323989615025737975884112529456615447998046875
0.25250454112761122615893327747471630573272705078125
0.2546424402492351024562822203733958303928375244140625
0.2521137387300498300390927397529594600200653076171875
0.253280623025581963503327642683871090412139892578125
0.2518218278682475830265730110113508999347686767578125
0.2517868229603255070259137937682680785655975341796875
0.252139941221013685890284250490367412567138671875
0.251693701041360018422210487187840044498443603515625
0.254879714490563014095414473558776080608367919921875
0.2527990658553511682526959702954627573490142822265625
0.2515023248201566641313320360495708882808685302734375
0.252415300099283701484864650410600006580352783203125
0.252441849725311584506926010362803936004638671875
0.2512545008829600856614661097410134971141815185546875
0.2520423092804975340186501853168010711669921875
0.25619880175105524955370128736831247806549072265625
0.2524968775389375696960314598982222378253936767578125
0.25361837751515192707074675126932561397552490234375
0.253715371643244314014964402304030954837799072265625
0.251685697208589242990228740382008254528045654296875
0.25378552326017800311319660977460443973541259765625
0.251541783139584307349423397681675851345062255859375
0.2529800846791949719971626109327189624309539794921875
0.2533170881431570098385464007151313126087188720703125
0.249862119941151039625992780202068388462066650390625
0.2517630837489075457114040546002797782421112060546875
0.251934770415757736117257081787101924419403076171875
0.251907693706414637091484109987504780292510986328125
0.2522053961062560301087387415464036166667938232421875
0.2524745862970048104756415341398678719997406005859375
0.2562005227806645191179768517031334340572357177734375
0.25349944855172079627436687587760388851165771484375
0.2522882688331995471031632405356504023075103759765625
0.25224011905056276106051882379688322544097900390625
0.2517725589397155072646228290977887809276580810546875
0.252978904702078732924519499647431075572967529296875
0.251950853013389153289836031035520136356353759765625
0.2534059453473382905741573267732746899127960205078125
0.2507900862970464661572123077348805963993072509765625
0.2517842218889241312496096725226379930973052978515625
0.251248531756927295788273113430477678775787353515625
0.2516456698160569604993952452787198126316070556640625
0.251392998841514891950055243796668946743011474609375
0.253341253378343456148513723746873438358306884765625
0.25281009459090331148445329745300114154815673828125
0.252856330978577403811868862248957157135009765625
0.2505868927025856063295350395492278039455413818359375
0.2520846833285619315034864484914578497409820556640625
0.251882607436518579646644866443239152431488037109375
0.2521954647621005296542762152967043220996856689453125
0.251566878357383227893251387285999953746795654296875
0.2524982103536628219586646082461811602115631103515625
0.25345151969341284114989321096800267696380615234375
0.2526299450051789907689681058400310575962066650390625
0.2542892563234142588868280654423870146274566650390625
0.2522848880099939350429849582724273204803466796875
0.252228590402020724781095850630663335323333740234375
0.2493304229371222646705064107663929462432861328125
0.2513769175604798622458702084259130060672760009765625
0.2513444674944806944694164485554210841655731201171875
0.2521630002957551131004265698720701038837432861328125
0.253049267225399443503874863381497561931610107421875
0.2525060374755352388120854811859317123889923095703125
0.2522980234149347911198901783791370689868927001953125
0.254295183060083918036298200604505836963653564453125
0.252357183634587922682612770586274564266204833984375
0.251527004300848400220047551556490361690521240234375
0.25283787458642148493481727200560271739959716796875
0.2527961083272691755752248354838229715824127197265625
0.2535137405934173582267021629377268254756927490234375
0.2510525806095671441653394140303134918212890625
0.252411162852011816681851996690966188907623291015625
0.2534597159923805964609755392302758991718292236328125
0.251776559163232160898360234568826854228973388671875
0.25230605922685978015351793146692216396331787109375
0.25166230879403261866400498547591269016265869140625
0.2531790816716499303851151125854812562465667724609375
0.2516047484261767497315531727508641779422760009765625
0.2521230121077049357580790456268005073070526123046875
0.2532873833122677442730719121755100786685943603515625
0.25187309527060364189310348592698574066162109375
0.25201507380994048190814282861538231372833251953125
0.252866950978876570133024870301596820354461669921875
0.2516025091211435693594467011280357837677001953125
0.2528482872728046171317828338942490518093109130859375
0.251640242304757233426926177344284951686859130859375
0.251320936592867472114676274941302835941314697265625
0.25087209261170162477583289728499948978424072265625
0.2536735311074380661011673510074615478515625
0.2529662181426484135471355330082587897777557373046875
0.2525868698377105037167211776250042021274566650390625
0.2524617309391314901034775175503455102443695068359375
