0.9998304843902587890625
0.999776661396026611328125
0.99899768829345703125
0.999799907207489013671875
0.999686658382415771484375
0.99963283538818359375
0.999716937541961669921875
0.999848544597625732421875
0.999764740467071533203125
0.99968039989471435546875
0.996521651744842529296875
0.99957740306854248046875
0.999756336212158203125
0.9963715076446533203125
0.999544560909271240234375
0.9973752498626708984375
0.99867141246795654296875
0.999814569950103759765625
0.99974310398101806640625
0.9996950626373291015625
0.9998400211334228515625
0.99954569339752197265625
0.999658107757568359375
0.9987452030181884765625
0.999369204044342041015625
0.9990651607513427734375
0.999337375164031982421875
0.99976885318756103515625
0.9997844696044921875
0.99987947940826416015625
0.9992721080780029296875
0.99981367588043212890625
0.9996926784515380859375
0.9997632503509521484375
0.999795377254486083984375
0.99872791767120361328125
0.99546325206756591796875
0.999894082546234130859375
0.999723851680755615234375
0.999542772769927978515625
0.999747812747955322265625
0.999658048152923583984375
0.999216735363006591796875
0.9996411800384521484375
0.999587118625640869140625
0.9997546672821044921875
0.999709069728851318359375
0.999527275562286376953125
0.999539077281951904296875
0.999683678150177001953125
0.99975168704986572265625
0.999177396297454833984375
0.999479949474334716796875
0.999527871608734130859375
0.999689877033233642578125
0.999749720096588134765625
0.9996073246002197265625
0.999862492084503173828125
0.998603880405426025390625
0.999760091304779052734375
0.998373925685882568359375
0.9994299411773681640625
0.999746143817901611328125
0.999691069126129150390625
0.999638140201568603515625
0.99947655200958251953125
0.999913692474365234375
0.999877989292144775390625
0.996689736843109130859375
0.999752223491668701171875
0.999771893024444580078125
0.999653875827789306640625
0.99957573413848876953125
0.999674618244171142578125
0.99967801570892333984375
0.999740302562713623046875
0.999397933483123779296875
0.999745070934295654296875
0.9997212886810302734375
0.999714434146881103515625
0.995029866695404052734375
0.99979305267333984375
0.999748289585113525390625
0.9916679859161376953125
0.99958896636962890625
0.999753415584564208984375
0.99972999095916748046875
0.999626934528350830078125
0.9997484683990478515625
0.99967706203460693359375
0.999735295772552490234375
0.999675929546356201171875
0.9997222423553466796875
0.999606549739837646484375
0.99906980991363525390625
0.99981629848480224609375
0.99981963634490966796875
0.999276697635650634765625
0.9996345043182373046875
0.996308028697967529296875
0.999302089214324951171875
0.99943065643310546875
0.99986469745635986328125
0.999827921390533447265625
0.999054729938507080078125
0.998075306415557861328125
0.99962437152862548828125
0.99968850612640380859375
0.9997980594635009765625
0.999669492244720458984375
0.999690532684326171875
0.99692976474761962890625
0.999157607555389404296875
0.999724328517913818359375
0.999803125858306884765625
0.99934780597686767578125
0.996152102947235107421875
0.999703884124755859375
0.99991238117218017578125
0.999587833881378173828125
0.999609887599945068359375
0.999272167682647705078125
0.998472630977630615234375
0.999819695949554443359375
0.999649822711944580078125
0.993716299533843994140625
0.9998548030853271484375
0.999785721302032470703125
0.99975299835205078125
0.99956989288330078125
0.99882805347442626953125
0.999724864959716796875
0.999691486358642578125
0.999512493610382080078125
0.99968254566192626953125
0.99980485439300537109375
0.999546587467193603515625
0.99982345104217529296875
0.99984872341156005859375
0.9997653961181640625
0.999639213085174560546875
0.999847590923309326171875
0.999528348445892333984375
0.9998390674591064453125
0.999676048755645751953125
0.999642908573150634765625
0.9988210201263427734375
0.999816477298736572265625
0.99971675872802734375
0.999516189098358154296875
0.9997622966766357421875
