119864553063600920
121544734552629977
126418595796647777
137287497575562845
114598102343158803
145707844024078605
130906827150902974
152004758027251316
109762043776946013
123004651198143745
109698097160047184
164508123522887466
190153618269104040
155451376974558480
119199151555934862
119280564596370247
116886145837398724
151786923134801185
154315431502432424
137987273985105747
143597158230513538
130834237747913335
144393898786164541
124019679583852239
116915894061436910
109668284675424145
107704690965195633
140855466740761847
138817388843780032
87697516710503563
162074621686341834
118367836018256185
105584973164249885
110685373461954789
125736903901448172
139340175253921345
127654344211066153
135155694956025146
121073092663784529
155899728432499542
143664219164701277
142943275064791664
129216561734766856
98379339515879867
134594147781766537
118669362033107626
116971068205542074
120127169991503804
116101658571847053
118309742677397116
159916745272251788
164527679712692913
135079525768745298
106951715085409863
127924103839523456
151917291149666240
122688998882344938
171416007798609091
132957994181104009
175084918113869427
147269497985953167
162152733272713897
118516707364883080
154154332173828394
130320261023582510
183495292381927314
117620155095377343
130041223979849959
131579162139751069
119633531132191604
157756185754724642
109840158247151980
124144419139662415
111987238848627979
122889668711982446
111423893474669403
103876771610064069
128546101044477110
114313931428134066
106669484527863006
183532421485670579
125749205465004471
132889860046528790
122438652811628571
143067892515633902
129097996053631443
181957089100285909
109513268255986755
174738323122989626
135659110433498014
129084250706445400
149661121530841760
130689519915922493
165062327181005357
142325136110293347
136344290909875430
177472898145734367
120254304422387919
149622320820258077
102047003770467477
138811478351677309
177949924766869375
131589364014967738
112587990505309093
116999807143904546
132107291098205128
139567319315387272
139116941953238676
146363848982813492
131774635849573126
129489702190764631
114374921970847426
156952420487474961
142384884316455149
120258689740248287
127496406988314271
123911787130000673
136269327617969842
133332480361887650
119450835003574419
122516373182687664
138219317003222908
142802718626532490
136196833149998931
134229160120582977
178341503242619569
129371891952819865
120339206196127445
124417426474721803
133729033663898250
146800380153257952
119691583587261830
124084340468664010
124386833776670836
131307370520330799
127577900235784815
126115627511164635
147732740923272851
133310289187915034
152279574592807759
188944039582935869
136917777507648749
108916293504608030
111678057939877395
136787992224426791
141333851653883882
126658855537229662
124061322142732907
123991145373772326
179526306949552215
163100958870706469
