2597.3251915747314342297613620758056640625
3749.32763410231200396083295345306396484375
16886.0019330312497913837432861328125
3292.425624521565623581409454345703125
5212.59853448345165816135704517364501953125
6062.691639847544138319790363311767578125
4445.096636020069126971065998077392578125
2543.87296552056795917451381683349609375
3629.87161112138392127235420048236846923828125
4930.42671264996170066297054290771484375
55365.32792341834283433854579925537109375
6776.947885063200374133884906768798828125
3810.73751532999813207425177097320556640625
60733.9153103470453061163425445556640625
6087.6197184193124485318548977375030517578125
44255.6754561930647469125688076019287109375
22899.01168009632601751945912837982177734375
2990.6226934884689399041235446929931640625
4207.38327969508827663958072662353515625
3909.89223947042455620248802006244659423828125
2687.87052299298738944344222545623779296875
7282.57546360683045350015163421630859375
5556.4207394664044841192662715911865234375
19926.2882873902344726957380771636962890625
10585.19462643932274659164249897003173828125
15688.8680804654068197123706340789794921875
11322.3458199237720691598951816558837890625
3622.564605368112097494304180145263671875
3073.31542146440961005282588303089141845703125
1561.211457861598546514869667589664459228515625
12216.61536590572723071090877056121826171875
3094.425624521565623581409454345703125
4447.3346954142662070808000862598419189453125
4041.17290996188603457994759082794189453125
3433.14630842928818310610949993133544921875
19699.14577588771135197021067142486572265625
72510.574398523676791228353977203369140625
1778.68919731996356858871877193450927734375
4634.07736207021298469044268131256103515625
7293.09419349248855723999440670013427734375
4180.67833908124521258287131786346435546875
5756.35912069007099489681422710418701171875
8591.953591975970994099043309688568115234375
6160.14630842928818310610949993133544921875
4822.116465556746334186755120754241943359375
2930.9742203250107195344753563404083251953125
3754.245386976937879808247089385986328125
7938.0228046058327890932559967041015625
6958.4411015446576129761524498462677001953125
4552.60939272217001416720449924468994140625
4166.30591762487529194913804531097412109375
13403.36020881846707197837531566619873046875
7740.98181417853993480093777179718017578125
7922.276873564696870744228363037109375
5204.15716666800653911195695400238037109375
4224.51493295889304135926067829132080078125
4538.625691602870574570260941982269287109375
2314.54153449149134758044965565204620361328125
22700.736160930813639424741268157958984375
4031.30591762487529194913804531097412109375
26316.736160930813639424741268157958984375
4140.1143123451984138227999210357666015625
3408.94055748045911968802101910114288330078125
5186.65771073220457765273749828338623046875
5216.5184636148705976665951311588287353515625
8148.5390919639103231020271778106689453125
1325.649295021066791377961635589599609375
2062.1096705155805466347374022006988525390625
45412.4791629932806245051324367523193359375
4375.59364942829051869921386241912841796875
3833.30456322569125404697842895984649658203125
4742.0575555787809207686223089694976806640625
7301.8303544233031061594374477863311767578125
4884.9962030732349376194179058074951171875
4599.4967471374338856549002230167388916015625
4359.64685249348622164689004421234130859375
9619.49077395387575961649417877197265625
4277.6118352497505838982760906219482421875
4208.224758627897244878113269805908203125
4486.10993678636805270798504352569580078125
73273.30625303139095194637775421142578125
3472.78474521163661847822368144989013671875
4224.07736207021298469044268131256103515625
135094.27174528400064446032047271728515625
6219.59962261184773524291813373565673828125
3515.37948276832366900634951889514923095703125
4532.23452873821952380239963531494140625
6260.21036973320224205963313579559326171875
4220.19951149448388605378568172454833984375
5259.458199237720691598951816558837890625
4430.14630842928818310610949993133544921875
5528.30103256971415248699486255645751953125
4517.9153103470453061163425445556640625
6603.80646168907333048991858959197998046875
10297.725858278916348353959619998931884765625
2930.0483180100345634855329990386962890625
3160.58143679038812479120679199695587158203125
9794.15228161284539964981377124786376953125
6132.7714444453376927413046360015869140625
59181.2022433380989241413772106170654296875
11720.87758430494068306870758533477783203125
9385.24782950451844953931868076324462890625
2083.649295021066791377961635589599609375
2839.6384367823484353721141815185546875
13446.520373600875245756469666957855224609375
32316.21825290276319719851016998291015625
3495.364295061264783726073801517486572265625
5229.404996172524988651275634765625
3388.57193295085380668751895427703857421875
5194.82817816651004250161349773406982421875
4874.59853448345165816135704517364501953125
48577.529877440407290123403072357177734375
14163.259243330057870480231940746307373046875
4583.053203065195702947676181793212890625
1671.986166692125379995559342205524444580078125
11156.24403257775338715873658657073974609375
60239.20415332409902475774288177490234375
4978.3878984794619100284762680530548095703125
1470.6118352497505838982760906219482421875
6487.713356324980850331485271453857421875
6097.6758965536646428517997264862060546875
12211.73154214644091553054749965667724609375
25663.2929061746108345687389373779296875
2464.55483525779027331736870110034942626953125
5880.160697323983185924589633941650390625
103064.78883145443978719413280487060546875
2420.2128122607828117907047271728515625
3458.8355057492517516948282718658447265625
3574.85477969910834872280247509479522705078125
6853.88138123170574544928967952728271484375
18998.938114952878095209598541259765625
4618.67345402608407312072813510894775390625
4294.70114368707800167612731456756591796875
8181.83306322167118196375668048858642578125
5026.08333525377020123414695262908935546875
3192.10396360281083616428077220916748046875
7524.117264369109761901199817657470703125
2684.351793107329285703599452972412109375
2541.08577778135077096521854400634765625
3946.18729885658149214577861130237579345703125
5135.3697126580018448294140398502349853515625
2264.45575671014012186788022518157958984375
7006.2234042287136617233045399188995361328125
2573.51384483049696427769958972930908203125
5436.9951149448388605378568172454833984375
5911.07736207021298469044268131256103515625
16677.81760924382615485228598117828369140625
2756.77497510131479430128820240497589111328125
4761.0711226158673525787889957427978515625
7210.78583334003269555978477001190185546875
3661.40255364494441892020404338836669921875
