0.993023216724395751953125
0.96343123912811279296875
0.99627530574798583984375
0.976949155330657958984375
0.989533960819244384765625
0.98235309123992919921875
0.98057973384857177734375
0.99218243360519398077457253748434595763683319091796875
0.99778836965560924188167746251565404236316680908203125
0.986637771129608154296875
0.98745191097259521484375
0.991641104221343994140625
0.987502872943878173828125
0.988075315952301025390625
0.98807662725448597296207253748434595763683319091796875
0.98799139261245716436832253748434595763683319091796875
0.97060048580169677734375
0.9875085353851318359375
0.98399066925048839227230246251565404236316680908203125
0.9998238086700439453125
0.987272322177886962890625
0.982090532779693603515625
0.99032896757125843389957253748434595763683319091796875
0.99892032146453857421875
0.977447926998138427734375
0.99406135082244884149105246251565404236316680908203125
0.98934042453765880242855246251565404236316680908203125
0.99186211824417125360042746251565404236316680908203125
0.980913937091827392578125
0.9987676143646240234375
0.99236714839935302734375
0.98810458183288563116519753748434595763683319091796875
0.98615181446075439453125
0.99792736768722523077457253748434595763683319091796875
0.976724326610565185546875
0.99412935972213756219417746251565404236316680908203125
0.99380326271057117804019753748434595763683319091796875
0.996396005153656005859375
0.981705009937286376953125
0.99279177188873279913394753748434595763683319091796875
0.978544294834136962890625
0.99381095170974720343082253748434595763683319091796875
0.98604166507720958367855246251565404236316680908203125
0.9982242584228515625
0.9866821765899658203125
0.992129266262054443359375
0.98619180917739879266292746251565404236316680908203125
0.98514348268508922235042746251565404236316680908203125
0.99047863483428955078125
0.9857289791107177734375
0.98869329690933238641292746251565404236316680908203125
0.987654864788055419921875
0.965911388397216796875
0.99451363086700439453125
0.98389422893524158819644753748434595763683319091796875
0.98249477148056041375667746251565404236316680908203125
0.98759305477142322882144753748434595763683319091796875
0.986159622669219970703125
0.978730618953704833984375
0.98031628131866455078125
0.99368804693222034796207253748434595763683319091796875
0.9981000423431396484375
0.96981877088546764031917746251565404236316680908203125
0.9586026668548583984375
0.98853474855422962530582253748434595763683319091796875
0.9842627048492431640625
0.98687714338302601202457253748434595763683319091796875
0.97978591918945323602230246251565404236316680908203125
0.989531576633453369140625
0.991023957729339599609375
0.99802380800247203485042746251565404236316680908203125
0.992947995662689208984375
0.996127188205718994140625
0.97462022304534923211605246251565404236316680908203125
0.99078953266143798828125
0.97603815793991077764957253748434595763683319091796875
0.99509751796722401007144753748434595763683319091796875
0.992015540599822998046875
0.99612522125244140625
0.987736880779266357421875
0.991249144077301025390625
0.98787295818328857421875
0.991641938686370849609375
0.981417715549468994140625
0.9914038181304931640625
0.99543142318725597039730246251565404236316680908203125
0.981316506862640380859375
0.992132663726806640625
0.991001069545745849609375
0.9843807220458984375
0.96091878414154041632144753748434595763683319091796875
0.99899363517761241570980246251565404236316680908203125
0.985776424407958984375
0.98214024305343639031917746251565404236316680908203125
0.99088919162750244140625
0.992793619632720947265625
0.99546092748641956671207253748434595763683319091796875
0.99374079704284679070980246251565404236316680908203125
0.9962158203125
0.99530780315399158819644753748434595763683319091796875
0.98815697431564319952457253748434595763683319091796875
0.97798246145248401983707253748434595763683319091796875
0.99379312992095958367855246251565404236316680908203125
0.976920068264007568359375
0.98750448226928722039730246251565404236316680908203125
0.980584621429443359375
0.969834506511688232421875
0.98622179031372081414730246251565404236316680908203125
0.99343800544738758429019753748434595763683319091796875
0.9922721385955810546875
0.98289763927459716796875
0.99709641933441162109375
0.98935759067535400390625
0.9943158626556396484375
0.99170601367950439453125
0.9951331615447998046875
0.98854106664657603875667746251565404236316680908203125
0.98496961593627918585269753748434595763683319091796875
0.99682873487472523077457253748434595763683319091796875
0.98943835496902476922542746251565404236316680908203125
0.973136246204376220703125
0.990288555622100830078125
0.99341166019439697265625
0.99381583929061878546207253748434595763683319091796875
0.982126295566558837890625
0.98930966854095458984375
0.99504476785659801141292746251565404236316680908203125
0.972261011600494384765625
0.99156099557876598016292746251565404236316680908203125
0.99185025691986083984375
0.99273478984832763671875
0.98236835002899158819644753748434595763683319091796875
0.98731082677841197625667746251565404236316680908203125
0.999819695949554443359375
0.98058372735977161749332253748434595763683319091796875
0.98845303058624278680355246251565404236316680908203125
0.9972712993621826171875
0.99217551946640003546207253748434595763683319091796875
0.99911785125732421875
0.9905011653900146484375
0.970162928104400634765625
0.96938920021057117804019753748434595763683319091796875
0.993871748447418212890625
0.96553128957748401983707253748434595763683319091796875
0.98887193202972401007144753748434595763683319091796875
0.97617053985595703125
0.98684138059616077764957253748434595763683319091796875
0.987755298614501953125
0.993284761905670166015625
0.987361431121826171875
0.97905349731445323602230246251565404236316680908203125
