103549330
114459193
117770452
110110905
99379120
114330363
114957566
110947652
108457328
81922831
114297878
108593355
99568476
96350493
121578492
128976238
115272325
105739243
108217208
87813244
122539036
130878909
139426778
118121221
109319395
110559297
117643853
79406674
103593899
101713294
125444457
74940854
111132463
116201632
118996899
102312665
118894379
124206132
106837473
116046496
104188997
136320580
99643385
110289954
111647816
124371804
116467484
114779667
104459099
70009783
123926172
122013503
111293195
110111769
81018530
105068508
123634949
122098725
116172769
123620996
114849377
109894920
140874626
103581697
112438582
127686299
113373817
120867931
80249361
128804136
123592785
120666157
103362265
111482509
128824456
99616560
109839532
107659865
103806458
121665026
122534263
116727680
120459732
138572439
126732504
114160283
114989800
110751337
124750625
89291551
102141647
96227736
132323381
124166230
102731910
119951282
123421712
86728562
123990485
121456407
98818181
92078509
118163946
122500294
119523754
90840351
105274642
123718515
138581993
112485665
120098759
118683315
106842626
131250939
136159774
113889458
113835023
142160373
117808427
126812492
120640971
93770687
118408582
121511960
111255104
117058029
111330588
105540472
130784224
82949307
125344101
110866055
100512557
88105010
127536142
110454846
111199817
93670582
109281998
115060136
137382204
103209925
89717190
104197962
78133095
115382419
121003300
117256925
119655750
118980924
124666924
