0.999913394451141357421875
1
0.999961197376251220703125
0.999440729618072509765625
0.998921692371368408203125
0.997992336750030517578125
0.99717366695404052734375
0.99921381473541259765625
0.997797191143035888671875
0.999393522739410400390625
0.99977028369903564453125
1
0.99951779842376708984375
0.99977958202362060546875
1
0.99963855743408203125
0.999920785427093505859375
0.99920928478240966796875
0.9992427825927734375
0.99967920780181884765625
0.999929487705230712890625
0.999999821186065673828125
0.999746620655059814453125
0.99971902370452880859375
0.99800193309783935546875
0.997530460357666015625
0.999485313892364501953125
0.999454498291015625
0.999866485595703125
1
0.997290313243865966796875
0.99959623813629150390625
0.99644720554351806640625
0.99969065189361572265625
0.999951899051666259765625
0.99766719341278076171875
0.99995696544647216796875
0.999762356281280517578125
0.9980709552764892578125
0.999492228031158447265625
0.99879992008209228515625
0.99956977367401123046875
0.996425926685333251953125
0.98604261875152587890625
0.99795782566070556640625
0.99935710430145263671875
0.998615205287933349609375
0.99890244007110595703125
0.999593794345855712890625
0.9980418682098388671875
0.99957835674285888671875
0.999914228916168212890625
0.99828398227691650390625
0.999489605426788330078125
0.999018192291259765625
0.99231815338134765625
0.99957382678985595703125
0.999714076519012451171875
0.999424517154693603515625
0.999456942081451416015625
0.99906504154205322265625
0.9998300075531005859375
0.99980270862579345703125
0.997589766979217529296875
0.99875366687774658203125
0.999903500080108642578125
0.999992668628692626953125
0.998847901821136474609375
0.99951016902923583984375
0.99972450733184814453125
0.997667253017425537109375
0.9964935779571533203125
0.99813306331634521484375
1
1
0.998662054538726806640625
0.998314082622528076171875
0.99993479251861572265625
0.993227303028106689453125
1
0.998895108699798583984375
0.9991929531097412109375
0.999952018260955810546875
0.996973454952239990234375
0.9979012012481689453125
0.996702134609222412109375
0.999868690967559814453125
1.00000011920928955078125
0.999946653842926025390625
0.995331704616546630859375
0.996118366718292236328125
0.99904155731201171875
0.99716246128082275390625
1.00000011920928955078125
0.999784529209136962890625
1.00000011920928955078125
0.99912464618682861328125
0.999672830104827880859375
0.9998929500579833984375
0.998514592647552490234375
0.999873697757720947265625
0.9995720386505126953125
0.995316207408905029296875
0.993195950984954833984375
0.99917495250701904296875
0.989813148975372314453125
0.9997208118438720703125
0.99591100215911865234375
0.999935209751129150390625
0.99966394901275634765625
0.99952948093414306640625
1
0.9991633892059326171875
1
0.99979531764984130859375
1.00000011920928955078125
0.996323287487030029296875
0.99992763996124267578125
0.99887812137603759765625
0.99590051174163818359375
0.999497711658477783203125
0.999999821186065673828125
0.99751269817352294921875
0.9994952678680419921875
0.999320566654205322265625
1
0.99517619609832763671875
0.999644458293914794921875
0.997864186763763427734375
0.999350488185882568359375
0.99959361553192138671875
0.999182641506195068359375
0.999125063419342041015625
1
0.9997651576995849609375
1
0.996139049530029296875
0.998717248439788818359375
0.999020755290985107421875
0.999679148197174072265625
1
0.999941170215606689453125
0.998718082904815673828125
1
0.999904215335845947265625
0.99958193302154541015625
0.998648822307586669921875
0.9998848438262939453125
0.999957501888275146484375
0.999898016452789306640625
1.00000011920928955078125
