235261966543391769967565030895538463
180664833748596851638204442753516078
277940237555017255946502190486849346
251891581333347952029253302536493355
185438986030399515102731286062464480
192750274724337387650654457895700100
236331873751411031672588984187157615
222192496249693731373203109907984578
212082205472161962513263714056174305
67514983036951368785568216942414953
169064157176308201117720472343774888
230734257162589235663378902599279824
204444148035343565575238232857320399
247294685527153713956632507545825040
169068594050046720193542684166478425
218967569490680527565389137124472710
253663342188721907347257130574225328
244416352563641944673484921265517035
215178182567590799996565985627218681
253140686153468210634685243359533069
163617165125099508036719279190948007
247908609694249364663838286993911238
247771743036618576211387377184225451
254781294962109319348623538582278877
178949369646448874847382799535145025
206368585791736867329054758149815131
143556371370784434201147128722845994
190223099661255585145405097206185868
235567888329276586267303229624510830
193386211616112248474436109358553855
166472358035595571455538033128183602
174141374019578627140657912006243022
211833531418231380617981277843843636
276062267027551723661274113057374293
214584618143522678790991538011959821
251620994822028468759860563861407767
232298959548958207053355766418479817
287617718032640184397012543957695609
160606870127178653047894488188059921
261809783013810822841725066965576591
291186732810008153650250039262609747
193216983292929870778955700278697014
194490122757049694877212946696984370
205948821435418677568909948319715737
271143497083845800705509511827762887
278635192516575031880158680022747837
188441542918976426140950178409290602
182947185053701946318026487004414719
294348855540143504148312709907417323
296034992546191498038551183516333087
181875155996197149829284229044026074
280286637798494118893095486717919025
273559252321143784030404039027001060
248687591187810118709338469128707473
203903636527592867021931860361084465
244443267928865621094859842657850555
154223698434493399088260185935638817
260540662511097208644166692847268750
172656722819222770672190611119804705
197399849171708767628078009135067942
124164553309451752577738804942231492
197606263609052785837450878736992874
231809948357923450127109656791373082
154977027707206141617598061839690724
234110539231982236307924895391475635
166877589803045959079698780752761898
261230583278710456993986777449648412
257696258174618335374916223217190772
188536842892678663542497145505688815
275167771041249053182502497270668567
278257555708453435675463922473008506
253601403645801066884108149936868565
209271620963979180107213376700169008
167527517185604155724392996413300262
254338258202309113795004659972274954
210729826493659196000011594287366997
232104715649784133388787357702104578
193905708745403155095334288698844480
185989589606068424443661551646964160
119143643747188508979469685259046196
220057751876527901628512227540911343
131615297000967959876208024345593180
214536839533799281013439781069843364
228884178188745801441342832784731762
128296185004504258386669023413181259
173622489928575908692363496671190459
239710165571247756062508646912761537
200757609997735849303003550895871106
228359753429751348233236856219414968
161238266705882679552227311337243973
161116830935648328921710357706594900
112436368265073899718031665132962190
195912846373794739974089133084960489
257767959552480097819890739563736051
261296098728460780049407704729522176
195583248358544573287295161269881484
200491455137787353940404653109868375
212389421373497293435040008468591598
277318697965326598630547645061255210
354611318027684879993545620110803678
284858043088763033576949547595873672
256914194114452065884942404040469400
167513046596722554570264099319509471
267487461952697340414812854981197208
169864567735251657135425939885785073
169382415664341060668339538006406153
129870028512966985504474117756407295
256578350176342362494240120850471394
219126576268180258203535885551295314
197606686915035076612765617998809010
131161702675972241573103014572499749
233211317289492679437955097421222187
252449604334396388842171234476247300
290230274583025741819148861094745189
142967551566131641845050354645441238
146063137115848139726827138097219987
207879736542908726412541491837316101
141255432292255286532471476094981775
120623437684557942590276055033077241
180649113598534070500656638092687751
169237191859800440558093352119191308
310394274825003648064895346344999808
196967486563578592232858948657857725
201236757797929624393490148103439721
290580428332048922346008481249471952
129822719020369190104747012735081959
257855745133931213548346399161425631
158462833756250288037962129890343656
216564591242393078717340733159443907
154054859698948932872882200496932011
191271551878827485888352062240871923
119196548239177528372683115260694830
195259209963858200805279505299352584
296037830167737539821706937588711137
274622700095791114670791549431943213
217487202686259986335255651653973691
280542819177006347343275027914334740
150386996337976036676249232961147479
209895400448963336049729674586119100
201792515211380992641903785348131590
180456228336024122014168780113798383
273224917287588151479000472312812282
293378102548051429929702231982868445
193818563365303066881484486503813977
110189046290163277904668261560590467
227626568034235903644214398689018589
279361636535604160616427651498469204
138241708940107898473630666365915369
191404289630318005431746578622020764
215467202191086264763598314704694083
245494998311959100301597769432244356
