0.000254211760329781078469879584957880069850943982601165771484375
0.000156100509793759560824011334290162267279811203479766845703125
0.000128301115073554679139877787719115076470188796520233154296875
0.0032132545043714343981078318535082871676422655582427978515625
0.0002453511952626285922730853261697347988956607878208160400390625
0.0000442867797210055850099137686459727092369575984776020050048828125
0.03165862422436475920317633381273481063544750213623046875
0.009837317492347209813008390710820094682276248931884765625
0.00129425443272339173172991166893552872352302074432373046875
0.022514911317266524115598969046914135105907917022705078125
0.0026415623276261610864745765780980946146883070468902587890625
0.045658008027821779528654388968789135105907917022705078125
0.000523022255365503964917583967775271958089433610439300537109375
0.0072581728489603848653022311054883175529539585113525390625
0.0212480811728164541152263922185738920234143733978271484375
0.007070747502148151675260834281289135105907917022705078125
0.0000608313367229129675108068031619268367649056017398834228515625
0.000744506427581654900600682811528940874268300831317901611328125
0.0009046051878249272183707407890551621676422655582427978515625
0.07494292218238114700046281768663902767002582550048828125
0.00087008071815944279352172952002320016617886722087860107421875
0.001015638957032933935298313343764675664715468883514404296875
0.00097309889155440033349508954785278547205962240695953369140625
0.0003449458327668253180588175954568441738956607878208160400390625
0.01544254342559724969830003971082987845875322818756103515625
0.006912841437151655450688014781235324335284531116485595703125
0.0002734495730692287798584139135726900349254719913005828857421875
0.085848382152616975471204341374686919152736663818359375
0.0611074245534837245941162109375
0.060463330876082181652986236031210864894092082977294921875
0.00018403071928332792486608660009750337849254719913005828857421875
0.0304117515450343482708017717186521622352302074432373046875
0.00042393135277961845573668764330932390294037759304046630859375
0.0010641389875672758492941571972778547205962240695953369140625
0.00648305641021579455440804196086901356466114521026611328125
0.00048254625406116244575038809472289358382113277912139892578125
0.00204748639022000154807923166799810132943093776702880859375
0.0004125891127478098301638309575167795628658495843410491943359375
0.0000412717661583883446891653223875806588694103993475437164306640625
0.00177798496384639292088036821581908952794037759304046630859375
0.000365293825452681617839412187009884291910566389560699462890625
0.00050773325710906647145748138427734375
0.0182681336975656465060335875705277430824935436248779296875
0.000253702818445162843301321498046263513970188796520233154296875
0.00012138891859649446748441181664901478143292479217052459716796875
0.00154945434594992541288416276756834122352302074432373046875
0.002257811721356119995240963049809579388238489627838134765625
0.0033970284531824289364632107890429324470460414886474609375
0.000227842660824535410239721766600951013970188796520233154296875
0.044498593639582396941367647968945675529539585113525390625
0.033883948121219871485454433468476054258644580841064453125
0.002041099070338532085744365218715756782330572605133056640625
0.003581930236541666125182903357426766888238489627838134765625
0.00013369280750339385664161861999588154503726400434970855712890625
0.0014648199925431982550139142773559797205962240695953369140625
0.0006111988982593174850321826596655228058807551860809326171875
0.000101664351732324575463238536254806376746273599565029144287109375
0.0019482935094856657087802886962890625
0.02354519245214760359008465684382827021181583404541015625
0.000703411124995909596557819298823233111761510372161865234375
0.0128962567588314404309901561873630271293222904205322265625
0.0266397382039576767487343289531054324470460414886474609375
0.00332983752945438006565215260934564867056906223297119140625
0.0020080123061779887698452551347827466088347136974334716796875
0.0041295615117996932463828585468945675529539585113525390625
0.025537223038263619223631195609414135105907917022705078125
0.00012117520444007823352157438012710599650745280086994171142578125
0.0002680900978884892689978192148458902011043392121791839599609375
0.02626996605191379841048870957820327021181583404541015625
0.014757174074184149781263641898476635105907917022705078125
0.0036047042818972839690883080976391283911652863025665283203125
0.00036526161849906205007776360815796579117886722087860107421875
0.0017283289329498075816149427197387922205962240695953369140625
0.01965746605303138327958123454664018936455249786376953125
0.0004639806759951170468843362204580671459552831947803497314453125
0.0023514979379251599832245656074292128323577344417572021484375
0.0002311422237471561012649157174081437915447168052196502685546875
0.00314929480169666951849816172170903882943093776702880859375
0.000551589503738796342775796421875611486029811203479766845703125
0.01270760504296049482608754743750978377647697925567626953125
0.002397027738916221971388065270502920611761510372161865234375
0.0002379778289468958822096278371560629238956607878208160400390625
0.0003830191915767500285446012231460599650745280086994171142578125
0.31856349669396877288818359375
0.001071718658786267007465564660151358111761510372161865234375
0.00046146180990035644796376512744018327794037759304046630859375
0.001964485099015291814927852698247079388238489627838134765625
0.0019803681620396674199768849433667128323577344417572021484375
0.000714097162126563493773911961426392736029811203479766845703125
0.0002530110708175925472891709677725202709552831947803497314453125
0.005792485754936933274594768050747006782330572605133056640625
0.0014856982330093159751227549492114121676422655582427978515625
0.0013294609321746974316125200488158952794037759304046630859375
0.01055504981428384732311531735149401356466114521026611328125
0.0032653579511679707569893338359179324470460414886474609375
0.00058103911971556948014294707860472044558264315128326416015625
0.00192117623984813692787632088965210641617886722087860107421875
0.003185741511406377061976780140639675664715468883514404296875
0.00082564998432644643756861402295044172205962240695953369140625
0.0024177256238181142611320950663866824470460414886474609375
0.04767618961632251461946196968710864894092082977294921875
0.0014933556262985803013421115537084915558807551860809326171875
0.00127981065073981873335406955760618075146339833736419677734375
0.0002170375874629826133156706990945394863956607878208160400390625
0.0007870356398052536471554585517651503323577344417572021484375
0.0004630902085045818044294063664523264378658495843410491943359375
0.00146220087597612288972392935448851858382113277912139892578125
0.00001667754256232001244635021475204439411754719913005828857421875
0.00075094070489285509421850672850951013970188796520233154296875
0.00203405267326161286189911692190435132943093776702880859375
0.052832812294363977467792636844023945741355419158935546875
0.000718751201566192343163363975833135555149056017398834228515625
0.000741079989602439989128390696038195528672076761722564697265625
0.0003780189198732841911708424387228433261043392121791839599609375
0.0000519310922391014154653361700741953654869575984776020050048828125
0.006945754589978605196554095613237223005853593349456787109375
0.000466064194260979998245264521727904138970188796520233154296875
0.00110054833319736642023578543359008108382113277912139892578125
0.0004010785123682580888271331787109375
0.0222548008267767737089481983048244728706777095794677734375
0.0164821457979269329896521156797462026588618755340576171875
0.000938918982719769666667186669428701861761510372161865234375
0.00154547726764576510462279035351684797205962240695953369140625
0.000770598833332769594418876213381963680149056017398834228515625
0.00027467811312817500164762396508422170882113277912139892578125
0.00277700371749233475282547800588872632943093776702880859375
0.0004915129842993338181444951118237440823577344417572021484375
0.001537439199746586278305660044907199335284531116485595703125
0.000775122133636614303424383631835326013970188796520233154296875
0.0023870236513903364712618770937524459441192448139190673828125
0.000713292384170927085650093513180536319850943982601165771484375
0.0004503473090153420452415311547866849650745280086994171142578125
0.0017485505828517488267903612353393327794037759304046630859375
0.269891662448644653604645782252191565930843353271484375
0.0013458815260673872953034457822241165558807551860809326171875
0.005464151538908481632594860144536141888238489627838134765625
0.005042070355266332903898529593789135105907917022705078125
0.0024734395614359528693670942089966047205962240695953369140625
0.00120499380791443404421781071533814611029811203479766845703125
0.00016031936225772370411928047229110916305216960608959197998046875
0.003555387405212968345014079574184506782330572605133056640625
0.0004317929236276540840185067526846296459552831947803497314453125
0.007067633952246978566724688874955973005853593349456787109375
0.000111918759739637610419078772583389991268632002174854278564453125
0.000451091977010946681807268543451527875731699168682098388671875
0.0007040733084431849940487690986401503323577344417572021484375
0.0021751359314657746531207482831860033911652863025665283203125
0.000483021065520006231963634490966796875
0.00207942144857952392056343882131841382943093776702880859375
0.0006455261804512702449032612861401503323577344417572021484375
0.00027230703220993746939415647290161359705962240695953369140625
