5420550926995.9375
8311440597481
3806234106434.75
5554312599563.9375
4324462264205.4375
13055202898678.875
10508123462032.6875
4179160729506.25
6341634163329.0625
6148924079900.3125
3100361814630.5625
2951191817496.5625
8536604451266.1875
6519700757499.3125
6831792325395.0625
3055187040362.125
6470646214425
6451148944389.4375
4237395079638.4375
4820029883594
4497893389429.5625
8093455717481.5625
4746684664437.8125
6037027107291.9375
4870433568476.375
5236985357966.625
6017702301867.25
8931429905578.125
7199229703980.4375
5950702379880.75
5090195608876.5
3355852391167.1875
8360614511676.5
4955546177695.625
5807954698726.25
4150191545459.875
5301049774010.375
5847264852788.5
5631301858166.3125
6621936584726.375
2848305644891.25
12507357089146.5625
8857842578804.75
5391347207180.9375
3872767924286.6875
4241051690164.6875
7105632477580.25
6321980457818.9375
6423824489187.8125
5399280793698.1875
5764661053047.3125
6454255537623.125
6804027741078.0625
4638138330504.1875
3326074735741.3125
8575946945547.3125
5639537629036.3125
5638298241106
3682962619501.375
3148488614810.875
8385096237163.875
6859290442963.25
3832803986322.6875
9784424313438.5625
3862835925186.9375
12727571937622.0625
2873834164490.9375
4844071508317.875
9523517781010.9375
7434388179115.8125
4657672515454.875
8591261458015.1875
6746785954573.375
3533494437101.1875
3263417235783.875
8662043742509.875
8602218896994
7092250035785.1875
11406426233530
2943336866840.25
6002964058536.625
3623180924353
5576920980996.8125
10358254514757.625
4198860256982.625
3549688854502.8125
4428110504634.25
14118415457298.9375
7668637626233.625
3461749957449.0625
12891794082053.3125
4413599330897.75
9088994603979.75
4237641720193.6875
3194077771405.75
9889788797453.3125
10863382415920.875
7510921630050.3125
6877692027873.625
6962541897866.125
9212622659249.8125
3395035260520.1875
11000766020174.1875
3790388238268.5
3921611078709.125
4775103607794.3125
7610436753483.875
6337287416191.625
4668711238402.8125
6875751117868.0625
2823760411604.0625
6071928835510.75
8988561685151.75
3853601029299.6875
3677531038054.625
7174528440075.5
5454791964575.5625
3975671481551.9375
5566607799980.375
5670255246315.6875
3644223282722.1875
5231781197769.5
5464302455903.25
4309084853127.375
6416714371811
7337485561525.1875
6063181740537.1875
8057801821125.0625
7957739456971.5
11225868134660.0625
5028747648193.5625
4550815683593.625
5468349526180.125
4449064096717.3125
4799904723826.5625
5825391539914
8156656331558.125
7054802373513.8125
2730593582935.3125
6747300016521.125
8255703957119.375
3400376021822.0625
16395370701366.375
5907036612944.3125
3727615457651.8125
5151314658484.25
7783150094830.6875
4872504018377.0625
5637067834096.3125
2820867283679.875
9742434699870.75
