108421918503724033
107937888793066344
105149617005399920
126638774283423027
105079386243160032
134882455709585369
124208821095311036
129500721724187783
98995612927934417
115238219537032201
97558591961025742
151104474698018404
183140095148159075
145902178673789086
115052191696254385
143716160356027953
109798509763380986
139226012535368841
136408179889852215
126188871968050687
128639816527132701
126033684261794418
129402897276771450
112824383947071205
106299281078149359
94904671001725696
103397337464336712
123881568862015654
123083244791790411
77050525764538120
147483006423169339
112293181852561760
86468665350970944
104273485063902668
125035497004523513
131203059010039398
114069355732145862
129252363482265436
113860787425319784
151944980246540402
128921421567232841
131765015111686172
119189481361708268
92856054099994383
128038322271701745
112986106398887255
100496900502619991
109144552275545104
108104172280415705
104931524847783597
148875008814215215
154618574038183785
127219485956361591
97042393867728971
123629829603853551
142270131367463003
111233650476921870
162309906648912006
126694762959397173
158435837961846581
134085202899039699
165963348974586312
101111675384448845
144260940913116640
125615249561357045
177862636622842336
112252453657390287
118131522021227659
119126215542717853
116569008204035090
151181265191813700
103702541676951124
112922320582794026
105181024744368061
117344594263729732
93213756790580046
95218095579630947
120025673567867898
106872324814221143
96368641647387613
171200731952611644
116053344955823511
116895721084600411
114865016919704737
133181467621360986
114650892459456682
174480540869569264
94363533843569074
165370915805877730
127855413215068241
117660128540428844
133794781824820157
117320589460854824
160521433071551330
124439732582896715
126584957980174296
184813297382501254
108761731439625731
142223178689202557
92899819054819300
132942834640444444
164524167353073204
123985596012579463
93742612374260369
102927711001362100
124859916584124079
132907577840979221
131519898216231433
136599612102534934
123420863911260092
117226260297706924
105167680972200840
151528518922467751
130146324685423513
117528165229881572
120831443433723147
115219515212769687
127598965019617680
124623453352163125
108017071086409086
110464172086257552
132152426935578958
128686302269100692
121812609785074662
128435496838029854
170732917214923121
109302102647394105
111785058760063613
113057117753032436
126487138238176410
140157389684789311
110514641236345145
112441225360465918
117694682240191065
129795266160194464
117782726414366850
120935684486340719
138123168112409156
131439588227569202
143997502062343917
177509588180716631
127148130374269988
100820443676952863
98731018775093706
123635164036203465
126412355258788016
122076717498578382
113412387781537200
118228912154711041
168032553793295193
149579664527952219
