0.988334119319915771484375
0.95291501283645640985042746251565404236316680908203125
0.99062854051589954718082253748434595763683319091796875
0.962577283382415771484375
0.9917719364166259765625
0.99423563480377197265625
0.9910030364990234375
0.9889056682586669921875
0.96930527687072765008480246251565404236316680908203125
0.99267864227294921875
0.95864903926849365234375
0.987040102481842041015625
0.968942224979400634765625
0.98726183176040638311832253748434595763683319091796875
0.953805983066558837890625
0.992633163928985595703125
0.99359393119812000616519753748434595763683319091796875
0.991288483142852783203125
0.98749589920043956414730246251565404236316680908203125
0.991384804248809814453125
0.986391484737396240234375
0.97738528251647960320980246251565404236316680908203125
0.978573739528656005859375
0.98277771472930919305355246251565404236316680908203125
0.99064916372299205438167746251565404236316680908203125
0.95943820476531982421875
0.98329102993011474609375
0.98808151483535755499332253748434595763683319091796875
0.98466050624847401007144753748434595763683319091796875
0.98052376508712757452457253748434595763683319091796875
0.98088502883911121710269753748434595763683319091796875
0.98603338003158558233707253748434595763683319091796875
0.9557476043701171875
0.97827279567718516961605246251565404236316680908203125
0.98550677299499522820980246251565404236316680908203125
0.984400212764739990234375
0.99324119091033935546875
0.993132114410400390625
0.986841619014739990234375
0.98979383707046519891292746251565404236316680908203125
0.96384280920028675421207253748434595763683319091796875
0.99053788185119640008480246251565404236316680908203125
0.97866123914718639031917746251565404236316680908203125
0.95288991928100597039730246251565404236316680908203125
0.99264490604400634765625
0.96885544061660755499332253748434595763683319091796875
0.98705071210861194952457253748434595763683319091796875
0.98746961355209361688167746251565404236316680908203125
0.98418098688125599249332253748434595763683319091796875
0.991144597530364990234375
0.97498995065689075811832253748434595763683319091796875
0.99267649650573719366519753748434595763683319091796875
0.99321401119232177734375
0.98546653985977161749332253748434595763683319091796875
0.975702226161956787109375
0.985969066619873046875
0.977321565151214599609375
0.985259532928466796875
0.954179584980010986328125
0.98031646013259876593082253748434595763683319091796875
0.9849224090576171875
0.978017628192901611328125
0.98934066295623779296875
0.975354373455047607421875
0.9612407684326171875
0.9674072265625
0.9926364421844482421875
0.982681453227996826171875
0.98805236816406238897769753748434595763683319091796875
0.993524849414825439453125
0.98896872997283935546875
0.95054048299789439813167746251565404236316680908203125
0.98508739471435557977230246251565404236316680908203125
0.97310358285903919561832253748434595763683319091796875
0.95264565944671641961605246251565404236316680908203125
0.96317398548126220703125
0.95735758543014515264957253748434595763683319091796875
0.97842675447464000360042746251565404236316680908203125
0.96163618564605723992855246251565404236316680908203125
0.96823227405548095703125
0.98312151432037364617855246251565404236316680908203125
0.97927510738372802734375
0.98552083969116199835269753748434595763683319091796875
0.982983291149139404296875
0.96721637248992919921875
0.99518144130706798211605246251565404236316680908203125
0.98729562759399402960269753748434595763683319091796875
0.99312323331832874639957253748434595763683319091796875
0.99084508419036876336605246251565404236316680908203125
0.98969984054565440789730246251565404236316680908203125
0.9847660064697265625
0.98605060577392578125
0.95932471752166759149105246251565404236316680908203125
0.99263626337051402703792746251565404236316680908203125
0.984795391559600830078125
0.992648780345916748046875
0.971618592739105224609375
0.98169147968292236328125
0.989609062671661376953125
0.98908561468124400750667746251565404236316680908203125
0.98200666904449462890625
0.98405164480209361688167746251565404236316680908203125
0.99346840381622314453125
0.97980284690856922491519753748434595763683319091796875
0.988955914974212646484375
0.94897919893264759405582253748434595763683319091796875
0.974205434322357177734375
0.97153759002685557977230246251565404236316680908203125
0.994363486766815185546875
0.9891569614410400390625
0.96344959735870361328125
0.9911096096038818359375
0.98593932390213001593082253748434595763683319091796875
0.98842394351959239617855246251565404236316680908203125
0.99113023281097401007144753748434595763683319091796875
0.9935405254364013671875
0.991095602512359619140625
0.987835705280303955078125
0.986627101898193359375
0.98991572856903076171875
0.97846424579620361328125
0.99325257539749156610042746251565404236316680908203125
0.986456096172332763671875
0.990214526653289794921875
0.98470485210418701171875
0.97389179468154918328792746251565404236316680908203125
0.98581773042678844110042746251565404236316680908203125
0.99338316917419444695980246251565404236316680908203125
0.98379004001617442742855246251565404236316680908203125
0.965043723583221435546875
0.99361866712570201531917746251565404236316680908203125
0.98363894224166881219417746251565404236316680908203125
0.99016416072845458984375
0.993713438510894775390625
0.977540493011474609375
0.98567837476730357781917746251565404236316680908203125
0.96018344163894642218082253748434595763683319091796875
0.99128353595733642578125
0.9835684299468994140625
0.980683863162994384765625
0.98362821340560924188167746251565404236316680908203125
0.97373688220977783203125
0.98928028345108043328792746251565404236316680908203125
0.98778426647186279296875
0.99624240398406982421875
0.99166405200958240850894753748434595763683319091796875
0.969851553440093994140625
0.98047971725463878289730246251565404236316680908203125
0.973237931728363037109375
0.97731208801269520147769753748434595763683319091796875
0.98514455556869517938167746251565404236316680908203125
