83.7237627506256103515625
84.6277387142181396484375
84.4068038463592529296875
86.1366178989410400390625
86.8324906826019287109375
83.68624114990234375
83.6409795284271240234375
82.5830633640289306640625
84.386703014373779296875
84.4144599437713623046875
82.6275241374969482421875
84.5493462085723876953125
85.016345977783203125
84.3933317661285400390625
85.1186687946319580078125
85.7898166179656982421875
83.6227390766143798828125
83.2758448123931884765625
83.3650305271148681640625
84.7690532207489013671875
83.95412540435791015625
82.082275390625
83.38962078094482421875
86.2497260570526123046875
83.764683246612548828125
87.74268341064453125
86.3859727382659912109375
87.9018552303314208984375
88.4207203388214111328125
84.5958864688873291015625
84.4218103885650634765625
86.4788653850555419921875
83.38704204559326171875
85.3754138946533203125
84.112340450286865234375
85.1845591068267822265625
85.6464507579803466796875
86.73019123077392578125
82.3496723175048828125
83.618766307830810546875
84.9009406566619873046875
84.3433754444122314453125
84.04516315460205078125
85.1947419643402099609375
85.0427646636962890625
83.5470016002655029296875
89.2680346965789794921875
82.8962743282318115234375
82.1546490192413330078125
82.0741083621978759765625
86.0654065608978271484375
81.5980479717254638671875
82.3443057537078857421875
83.31445980072021484375
81.6718394756317138671875
84.4332373142242431640625
82.8210031986236572265625
84.6008083820343017578125
83.6461169719696044921875
84.1480715274810791015625
84.510007381439208984375
84.2507269382476806640625
84.4364345073699951171875
84.4049074649810791015625
83.2060291767120361328125
82.86084270477294921875
83.0272958278656005859375
84.9676697254180908203125
84.8235847949981689453125
84.08426380157470703125
85.2797420024871826171875
86.3943598270416259765625
84.24675846099853515625
86.0778255462646484375
86.1555740833282470703125
84.8819944858551025390625
84.897797107696533203125
83.84734439849853515625
83.9994370937347412109375
83.682528018951416015625
83.8019535541534423828125
84.2493164539337158203125
83.3875191211700439453125
84.9205214977264404296875
637.59512996673583984375
84.74254703521728515625
84.3559119701385498046875
82.879803180694580078125
83.693647861480712890625
85.0949180126190185546875
84.5490381717681884765625
81.85420131683349609375
81.929812908172607421875
83.8686702251434326171875
85.47731876373291015625
84.644171237945556640625
85.725350856781005859375
85.102587223052978515625
85.7097952365875244140625
86.6442353725433349609375
84.068143367767333984375
85.1202566623687744140625
83.277453899383544921875
83.15221118927001953125
86.512502193450927734375
84.8408300876617431640625
84.7495746612548828125
83.1623823642730712890625
84.5188672542572021484375
83.67345905303955078125
84.2259609699249267578125
83.9060046672821044921875
85.16357421875
86.385219573974609375
83.737027645111083984375
84.213166713714599609375
82.5485436916351318359375
83.0132181644439697265625
84.0374686717987060546875
82.527426242828369140625
82.0341243743896484375
86.7626268863677978515625
82.836471080780029296875
84.8652451038360595703125
85.26705646514892578125
84.2719757556915283203125
84.6850059032440185546875
85.3111264705657958984375
81.843862056732177734375
85.7045543193817138671875
83.918670177459716796875
84.227805614471435546875
83.7681319713592529296875
85.39364147186279296875
85.2336647510528564453125
84.7429563999176025390625
85.196907520294189453125
82.96210193634033203125
82.9602754116058349609375
86.069868564605712890625
90.130688190460205078125
90.2567131519317626953125
84.81694126129150390625
84.439807891845703125
84.7879264354705810546875
84.42235279083251953125
83.981676578521728515625
84.7885630130767822265625
85.893484592437744140625
85.432620525360107421875
84.152500152587890625
