2848.9499999999998181010596454143524169921875
3766.6875
18270.51250000000072759576141834259033203125
3365.3249999999998181010596454143524169921875
5277.9250000000001818989403545856475830078125
6167.649999999999636202119290828704833984375
4778.475000000000363797880709171295166015625
2587.0124999999998181010596454143524169921875
3985.3625000000001818989403545856475830078125
5369.3125
61356.699999999997089616954326629638671875
7096.0749999999998181010596454143524169921875
4127.149999999999636202119290828704833984375
65616.41250000000582076609134674072265625
7671.712499999999636202119290828704833984375
46611.012499999997089616954326629638671875
22356.5999999999985448084771633148193359375
3120.33750000000009094947017729282379150390625
4310.6750000000001818989403545856475830078125
5141.3125
2690.75
7731.8000000000001818989403545856475830078125
5767.274999999999636202119290828704833984375
21169.7874999999985448084771633148193359375
10650.95000000000072759576141834259033203125
15917.774999999999636202119290828704833984375
11140.0625
3879.0124999999998181010596454143524169921875
3630.7375000000001818989403545856475830078125
2024.47499999999990905052982270717620849609375
12455.787500000000363797880709171295166015625
3174.4875000000001818989403545856475830078125
5162.524999999999636202119290828704833984375
3981.22499999999990905052982270717620849609375
3445.4875000000001818989403545856475830078125
23295.67499999999927240423858165740966796875
78321.47500000000582076609134674072265625
1813.22499999999990905052982270717620849609375
4635.024999999999636202119290828704833984375
7671.5625
4238.1999999999998181010596454143524169921875
5739.1374999999998181010596454143524169921875
13352.274999999999636202119290828704833984375
6035.75
6974.9250000000001818989403545856475830078125
4252.2375000000001818989403545856475830078125
4921.6125000000001818989403545856475830078125
8495.86249999999927240423858165740966796875
7733.337499999999636202119290828704833984375
5315.662500000000363797880709171295166015625
4170.6125000000001818989403545856475830078125
13851.850000000000363797880709171295166015625
8725.5625
7968.475000000000363797880709171295166015625
5964.7375000000001818989403545856475830078125
4201.024999999999636202119290828704833984375
6614.4375
2393.7375000000001818989403545856475830078125
23610.42499999999927240423858165740966796875
4025.6750000000001818989403545856475830078125
27295.9625000000014551915228366851806640625
9613.61249999999927240423858165740966796875
4268.6750000000001818989403545856475830078125
5258.600000000000363797880709171295166015625
6072.6875
8799.774999999999636202119290828704833984375
1453.84999999999990905052982270717620849609375
2079.84999999999990905052982270717620849609375
58227.324999999997089616954326629638671875
4203.2375000000001818989403545856475830078125
4016.5625
5854.587499999999636202119290828704833984375
7137.0124999999998181010596454143524169921875
5462.2624999999998181010596454143524169921875
5440.9250000000001818989403545856475830078125
4451.162500000000363797880709171295166015625
10359.412500000000363797880709171295166015625
4285.774999999999636202119290828704833984375
4702.5500000000001818989403545856475830078125
4914.75
84727.46249999999417923390865325927734375
3672.02500000000009094947017729282379150390625
4229.524999999999636202119290828704833984375
139817.02499999999417923390865325927734375
6898.587499999999636202119290828704833984375
4143.8625000000001818989403545856475830078125
4620.225000000000363797880709171295166015625
6439.5625
4224.162500000000363797880709171295166015625
5429.024999999999636202119290828704833984375
4451.125
5447.0124999999998181010596454143524169921875
4685.1999999999998181010596454143524169921875
6646.899999999999636202119290828704833984375
15802.087499999999636202119290828704833984375
3181
3040.28749999999990905052982270717620849609375
12468.899999999999636202119290828704833984375
6166.087499999999636202119290828704833984375
64568.324999999997089616954326629638671875
11747.92499999999927240423858165740966796875
9598.23749999999927240423858165740966796875
2318.59999999999990905052982270717620849609375
2887.90000000000009094947017729282379150390625
16456.26250000000072759576141834259033203125
33217.6624999999985448084771633148193359375
6307.7375000000001818989403545856475830078125
5229.375
3431.9875000000001818989403545856475830078125
5596.0749999999998181010596454143524169921875
5214.274999999999636202119290828704833984375
51510.7874999999985448084771633148193359375
14555.662500000000363797880709171295166015625
4625.899999999999636202119290828704833984375
3303.1125000000001818989403545856475830078125
10965.0625
64626.637499999997089616954326629638671875
5143.274999999999636202119290828704833984375
1485.299999999999954525264911353588104248046875
6947.399999999999636202119290828704833984375
6554.337499999999636202119290828704833984375
12498.4375
26707.92499999999927240423858165740966796875
3034.78749999999990905052982270717620849609375
5917.524999999999636202119290828704833984375
106662.41250000000582076609134674072265625
2437.6875
3614.0124999999998181010596454143524169921875
4145.350000000000363797880709171295166015625
7486.787500000000363797880709171295166015625
19744.57500000000072759576141834259033203125
4636.024999999999636202119290828704833984375
5176.899999999999636202119290828704833984375
8199.70000000000072759576141834259033203125
5326.337499999999636202119290828704833984375
3288.7375000000001818989403545856475830078125
7661.6750000000001818989403545856475830078125
2965.9375
2544.0749999999998181010596454143524169921875
3936.5625
6085.7375000000001818989403545856475830078125
2561.27500000000009094947017729282379150390625
7959.462499999999636202119290828704833984375
2706.75
5451.9875000000001818989403545856475830078125
6001.8000000000001818989403545856475830078125
19780.45000000000072759576141834259033203125
3082.59999999999990905052982270717620849609375
4797.899999999999636202119290828704833984375
8167.625
4021.75
