597449.07252273824997246265411376953125
265761
419451.874150312622077763080596923828125
352529
428735
974589.63220331608317792415618896484375
113521
210975
266984.249932548613287508487701416015625
285935
307105
228305
246559
456259.575651682098396122455596923828125
322270.9354628138826228678226470947265625
285935
210975
428735
515201
594820.733865703456103801727294921875
646811.84650768409483134746551513671875
329295
546415
428735
307105
647569
228305
518852.2644066322245635092258453369140625
377142.8782584105501882731914520263671875
241417.6742808665148913860321044921875
417663.7515644719242118299007415771484375
415025.5853648984921164810657501220703125
265761
329295
307105
456385
210975
307105
150415
737455.298076504957862198352813720703125
318974.3679098421125672757625579833984375
352529
612575
346826.052443536114878952503204345703125
753468.724152487120591104030609130859375
265761
402225
178991
573747.14677314064465463161468505859375
773664
376831
760495
307105
352529
210975
265761
265761
550914.73486227472312748432159423828125
246559
228305
802297
364860.0191957890638150274753570556640625
503833.20459115155972540378570556640625
307105
329295
265761
194545
487889.6284781820140779018402099609375
228305
305324.3917533401981927454471588134765625
428735
546415
352529
336582.1124504986801184713840484619140625
977817.16900213272310793399810791015625
422171.7966752253123559057712554931640625
565740.92789938743226230144500732421875
402225
228305
329295
462451.62590626650489866733551025390625
352529
267160.9324430263950489461421966552734375
651041.40426911576651036739349365234375
546415
228305
352529
307105
402225
747834.8845162983052432537078857421875
477695.8640149706625379621982574462890625
402225
372819.9965446714195422828197479248046875
329295
265761
137345
590617.8612124114297330379486083984375
352529
535935.11763349152170121669769287109375
885841
460246.8242786920745857059955596923828125
285935
468279.82235954585485160350799560546875
543459.070333786425180733203887939453125
402225
194545
402225
352529
640612.123891379334963858127593994140625
210975
535668
402225
356280.8150224359123967587947845458984375
683871
285155.1506505949073471128940582275390625
246559
329670.0716393251786939799785614013671875
125055
228305
515201
546415
307105
680012.318999958224594593048095703125
285935
285935
456385
428735
307105
456385
281402.52316032978706061840057373046875
446970
730081.044649465940892696380615234375
612575
596173.14677314064465463161468505859375
376831
428735
246559
268471.1202054070890881121158599853515625
246559
546415
402225
246559
228305
527364.301531833480112254619598388671875
428735
505906.3112450498738326132297515869140625
307105
265761
782736.622490099747665226459503173828125
578865
425512.5305409287684597074985504150390625
