83.2087495326995849609375
83.5977919101715087890625
83.6010472774505615234375
86.207769870758056640625
86.4706745147705078125
83.3215949535369873046875
83.656996250152587890625
81.5054137706756591796875
84.236039638519287109375
84.28380107879638671875
82.443350315093994140625
84.58927249908447265625
85.229794025421142578125
84.1300175189971923828125
84.471456050872802734375
85.1881368160247802734375
82.8076560497283935546875
83.4418184757232666015625
82.2191464900970458984375
84.074295520782470703125
84.3640305995941162109375
81.1101729869842529296875
81.232700347900390625
85.0875899791717529296875
83.1724567413330078125
83.6625015735626220703125
85.8188149929046630859375
88.1002347469329833984375
87.640799999237060546875
84.060078144073486328125
84.9584853649139404296875
85.690462589263916015625
82.382363796234130859375
83.239787578582763671875
83.5036947727203369140625
85.4035069942474365234375
84.8366992473602294921875
85.383257389068603515625
85.3660547733306884765625
83.5402476787567138671875
84.5700500011444091796875
84.555855274200439453125
82.973915576934814453125
85.0255935192108154296875
85.057863712310791015625
83.5084674358367919921875
83.1395359039306640625
82.5644352436065673828125
82.1437366008758544921875
81.8999726772308349609375
85.1188335418701171875
82.3913934230804443359375
81.347535610198974609375
82.0827925205230712890625
83.3665168285369873046875
83.9480597972869873046875
81.86511135101318359375
82.4185521602630615234375
81.9822599887847900390625
84.177445888519287109375
83.495160579681396484375
83.130252838134765625
83.390825748443603515625
84.1540300846099853515625
82.8543140888214111328125
82.9337828159332275390625
81.9040279388427734375
84.8955323696136474609375
84.2247455120086669921875
83.50183868408203125
83.46075534820556640625
84.5061471462249755859375
83.80859375
84.646194934844970703125
85.7682631015777587890625
84.6202442646026611328125
84.2162888050079345703125
83.9413149356842041015625
84.42354297637939453125
83.5396382808685302734375
83.317699432373046875
83.5172116756439208984375
83.316055774688720703125
84.9260785579681396484375
5277.370734691619873046875
84.016390323638916015625
84.171192169189453125
84.799954891204833984375
82.85827541351318359375
82.892172336578369140625
84.2133738994598388671875
83.8245151042938232421875
81.14269256591796875
83.120090007781982421875
83.2384583950042724609375
84.2531101703643798828125
85.22531414031982421875
84.8933904170989990234375
86.534511089324951171875
85.8790376186370849609375
83.178859710693359375
83.611732959747314453125
82.0752093791961669921875
82.67224216461181640625
86.2081263065338134765625
85.0085380077362060546875
83.884010791778564453125
82.9209034442901611328125
84.6210796833038330078125
83.4302351474761962890625
83.8584215641021728515625
83.5030002593994140625
85.9547951221466064453125
85.002231597900390625
83.4226534366607666015625
83.3204381465911865234375
81.5874843597412109375
82.0638153553009033203125
83.911221981048583984375
81.4946238994598388671875
81.1165637969970703125
86.1958086490631103515625
85.9869425296783447265625
84.553753376007080078125
84.5077311992645263671875
83.7102334499359130859375
84.9515533447265625
84.1409995555877685546875
81.2297084331512451171875
81.5211298465728759765625
83.7267849445343017578125
83.4433591365814208984375
82.541889667510986328125
84.583527088165283203125
84.855547428131103515625
84.1438157558441162109375
84.6166360378265380859375
84.5021989345550537109375
81.836780071258544921875
85.4149286746978759765625
90.9209547042846821796047152020037174224853515625
90.34312915802001953125
84.546748638153076171875
85.24556255340576171875
84.6180870532989501953125
84.672428131103515625
83.1688983440399169921875
85.6337397098541259765625
85.0934755802154541015625
84.9207665920257568359375
84.9182426929473876953125
