227616482
306525246
219091357
225107536
206709385
273380779
292498660
271867355
218974228
154665459
205173915
206042060
156011536
160620442
230737621
282632507
279672711
234184413
203168070
204208015
277400140
294634932
287931252
172717542
242505879
97678157
238210175
141916806
215179978
162203622
253992138
87855220
296009847
285930477
291401558
214205945
317406585
268688716
205181355
288300610
256176424
362621400
181959589
221985731
303801865
283546725
295894703
200931947
247903149
114645970
243210298
263710954
203113434
273769919
151698838
208681064
266821058
313116907
291560581
324846825
247823638
179151302
333092866
221724262
230260920
314005795
259066042
298015114
180290046
259163333
223705724
288073324
294284276
283046675
261750926
218700554
247192091
166702578
233347737
299164376
268926986
215189946
325209271
249802348
275654236
224871885
224323092
222649428
246122588
155069418
250512414
217957429
283990452
297346896
210853502
284855570
310562109
125937381
275860024
244648334
215247341
208864819
247810552
268445033
270646730
128093169
160061569
269062115
259715626
273227719
284905098
214985295
190709915
310011989
317147397
281794725
312364621
315616390
189981092
271333460
230061583
194830458
311259855
223140741
280298510
246171979
209551249
196358168
310055651
190645823
279802445
229398196
205062490
151616582
295571246
230586492
248664814
194613605
248287158
254250345
296410375
201235830
99178877
225495730
125206224
217436458
279401165
258981801
246086182
266742082
270417109
