1.735102176666259765625
1.747189998626708984375
1.7314722537994384765625
1.7290403842926023170178950749686919152736663818359375
1.74541378021240234375
1.739656925201416015625
1.7485904693603515625
1.7408618927001950904553950749686919152736663818359375
1.7829654216766355201428950749686919152736663818359375
1.7724812030792236328125
1.7713425159454345703125
1.7683918476104736328125
1.7682297229766845703125
1.777022838592529296875
1.7886402606964111328125
1.7577412128448486328125
1.7448451519012451171875
1.7388761043548583984375
1.7225201129913330078125
1.72992610931396484375
1.723858356475830078125
1.719666957855224609375
1.70937633514404296875
1.723783016204833984375
1.678369045257568359375
1.691684246063232421875
1.673545360565185546875
1.674228668212890625
1.7019860744476318359375
1.6720430850982666015625
1.6698005199432373046875
1.664684772491455078125
1.6899421215057373046875
1.700375080108642578125
1.6988871097564695045178950749686919152736663818359375
1.7230107784271240234375
1.7106544971466064453125
1.704351902008056640625
1.6919443607330322265625
1.695227146148681640625
1.7461278438568115234375
1.73935604095458984375
1.7487905025482177734375
1.731738567352294921875
1.738075733184814453125
1.7163817882537841796875
1.7310683727264404296875
1.7343399524688720703125
1.7206828594207763671875
1.711267948150634765625
1.7055470943450927734375
1.715939044952392578125
1.7135064601898191138928950749686919152736663818359375
1.7043416500091552734375
1.7087767124176023170178950749686919152736663818359375
1.7068288326263427734375
1.7477939128875732421875
1.739739894866943359375
1.729058742523193359375
1.7248623371124267578125
1.7505152225494384765625
1.7168080806732177734375
1.719275951385498046875
1.722276210784912109375
1.7700836658477783203125
1.7470300197601318359375
1.7513556480407717064196049250313080847263336181640625
1.73792362213134765625
1.7428476810455322265625
1.7245674133300779029553950749686919152736663818359375
1.7338616847991943359375
1.744806766510009765625
1.651790618896484375
1.651278972625732421875
1.7096748352050779029553950749686919152736663818359375
1.6362655162811279296875
1.7000370025634765625
1.67796421051025390625
1.6553881168365480736071049250313080847263336181640625
1.6343352794647216796875
1.7568070888519287109375
1.76374149322509765625
1.74085140228271484375
1.733089923858642578125
1.735255718231201171875
1.7324621677398681640625
1.7526438236236572265625
1.7337324619293212890625
1.7391026020050048828125
1.7376263141632080078125
1.727706432342529296875
1.727161407470703125
1.7298972606658935546875
1.7187716960906982421875
1.7098042964935304954821049250313080847263336181640625
1.76941680908203125
1.7811844348907470703125
1.76873779296875
1.7832605838775636986071049250313080847263336181640625
1.77005672454833984375
1.7585394382476808861071049250313080847263336181640625
1.765048503875732421875
1.7346761226654052734375
1.7584660053253173828125
1.7489469051361083984375
1.753396511077880859375
1.7362949848175048828125
1.7333948612213136986071049250313080847263336181640625
1.7073018550872804954821049250313080847263336181640625
1.7529060840606689453125
1.7679150104522705078125
1.750466823577880859375
1.7581264972686767578125
1.7496836185455322265625
1.7463741302490234375
1.74454498291015625
1.7638194561004640892321049250313080847263336181640625
1.7556326389312744140625
1.758427143096923828125
1.7578830718994140625
1.75361347198486328125
1.72649383544921875
1.7404673099517822265625
1.7520616054534912109375
1.7610895633697509765625
1.761814594268798828125
1.7583477497100830078125
1.8020508289337160423571049250313080847263336181640625
1.7620565891265869140625
1.7497217655181884765625
1.7849822044372560814196049250313080847263336181640625
1.7714633941650390625
1.8340082168579103782946049250313080847263336181640625
1.7806684970855712890625
1.762115001678466796875
1.759460926055908203125
1.7646100521087646484375
1.7766003608703611060803950749686919152736663818359375
1.7555377483367919921875
1.76339244842529296875
1.76364612579345703125
1.7477326393127439185803950749686919152736663818359375
1.7727344036102294921875
1.7453563213348388671875
1.7311077117919921875
1.7255878448486328125
1.71802806854248046875
1.724630832672119140625
1.767482280731201171875
1.752707004547119140625
1.7161645889282228782946049250313080847263336181640625
