4185487
4193742
2952686
4185487
4185487
2952686
3929391
2952686
4185487
2952686
3171245
2952686
4185487
2952686
2696590
2696590
2952686
4193742
3171245
3929455
2952686
2952686
2952686
4185487
4185487
2952686
2960941
2952686
2960941
2952686
2952686
4185487
2960941
3196202
2952686
4193742
2696590
2696590
2952686
2952686
2952686
3937774
2960941
3171245
4185487
2952686
2696590
2952686
4185487
2952686
4185487
3929455
2952686
2952686
2952686
2952686
3171245
2952686
4193742
2696590
2952686
2952686
3929391
3196202
2952686
2696590
2696590
2952686
2952686
2952686
2952686
3196202
2952686
4185487
2952686
4185487
2952686
2952686
2696590
2696590
4185487
2952686
2696590
2952686
2952686
2952686
4193742
3937774
4185487
3937774
4185487
3171245
2952686
2952686
3171245
2952686
2696590
2952686
2952686
2952686
4185487
4185487
2952686
4185487
3929391
2952686
3937774
2696590
2952686
2952686
4185487
2952686
4185487
2696590
2952686
4185487
4185487
3179500
2952686
3171245
2952686
2952686
2952686
4185487
2952686
2952686
2952686
2952686
3196202
2952686
2952686
3929455
4185487
2952686
2952686
2952686
4185487
4185487
2952686
2952686
3929455
4185487
4185487
3196202
4185487
2952686
2952686
2952686
2952686
3929391
2960941
