0.99414575099945068359375
0.990848243236541748046875
0.99593293666839599609375
0.970105111598968505859375
0.988035619258880615234375
0.997271120548248291015625
0.95787394046783447265625
0.99537694454193115234375
0.966219604015350341796875
0.991149485111236572265625
0.964170992374420166015625
0.976857841014862060546875
0.973179280757904052734375
0.988841533660888671875
0.99002969264984130859375
0.987578868865966796875
0.95789468288421630859375
0.993642270565032958984375
0.9946339130401611328125
0.977949202060699462890625
0.9903318881988525390625
0.9879705905914306640625
0.98514044284820556640625
0.991401374340057373046875
0.9877681732177734375
0.970376789569854736328125
0.986429035663604736328125
0.984078347682952880859375
0.983899772167205810546875
0.973576724529266357421875
0.9869835376739501953125
0.98935186862945556640625
0.969967901706695556640625
0.9864132404327392578125
0.987218320369720458984375
0.992148876190185546875
0.996689379215240478515625
0.96027743816375732421875
0.986190617084503173828125
0.958094656467437744140625
0.970072686672210693359375
0.989435255527496337890625
0.984079778194427490234375
0.968547642230987548828125
0.994716942310333251953125
0.974885463714599609375
0.988572418689727783203125
0.99544775485992431640625
0.992879092693328857421875
0.96000111103057861328125
0.98546111583709716796875
0.985330164432525634765625
0.9862411022186279296875
0.98753416538238525390625
0.978832244873046875
0.976777255535125732421875
0.989935338497161865234375
0.982724845409393310546875
0.954602777957916259765625
0.987879574298858642578125
0.990079462528228759765625
0.9880487918853759765625
0.98634827136993408203125
0.972452342510223388671875
0.9642698764801025390625
0.985644996166229248046875
0.99477660655975341796875
0.985667526721954345703125
0.993845283985137939453125
0.995931804180145263671875
0.987943351268768310546875
0.969893872737884521484375
0.989001452922821044921875
0.972620487213134765625
0.995021820068359375
0.95811426639556884765625
0.975732743740081787109375
0.984150409698486328125
0.988479197025299072265625
0.995919167995452880859375
0.983539879322052001953125
0.979361116886138916015625
0.991405308246612548828125
0.99247801303863525390625
0.98162364959716796875
0.982682406902313232421875
0.99297809600830078125
0.983154118061065673828125
0.99219930171966552734375
0.985079288482666015625
0.986960232257843017578125
0.982857882976531982421875
0.989380419254302978515625
0.9876797199249267578125
0.989674389362335205078125
0.988338470458984375
0.981591999530792236328125
0.9687044620513916015625
0.996975958347320556640625
0.992110431194305419921875
0.97718369960784912109375
0.984228312969207763671875
0.995677649974822998046875
0.969524204730987548828125
0.986253917217254638671875
0.993830204010009765625
0.982817232608795166015625
0.971930921077728271484375
0.96582376956939697265625
0.991212785243988037109375
0.965981066226959228515625
0.994780600070953369140625
0.991253316402435302734375
0.986236155033111572265625
0.995934784412384033203125
0.9861605167388916015625
0.98645150661468505859375
0.997601449489593505859375
0.98840701580047607421875
0.965498983860015869140625
0.9553167819976806640625
0.989723742008209228515625
0.985662400722503662109375
0.99707925319671630859375
0.9691956043243408203125
0.9820005893707275390625
0.9919717311859130859375
0.96453917026519775390625
0.989510595798492431640625
0.972190797328948974609375
0.997509539127349853515625
0.970076024532318115234375
0.9965598583221435546875
0.981633245944976806640625
0.985020458698272705078125
0.99143469333648681640625
0.96714580059051513671875
0.987392485141754150390625
0.993328034877777099609375
0.992048919200897216796875
0.981250941753387451171875
0.97875559329986572265625
0.993414402008056640625
0.9690754413604736328125
0.997211754322052001953125
0.98557341098785400390625
0.98082172870635986328125
0.9815781116485595703125
0.97472655773162841796875
0.9839513301849365234375
0.98241984844207763671875
