0.054638855159282684326171875
0.0600243248045444488525390625
0.07294161617755889892578125
0.059437692165374755859375
0.0532891191542148590087890625
0.0554638467729091644287109375
0.09166251122951507568359375
0.0722733438014984130859375
0.0693292915821075439453125
0.06197960674762725830078125
0.06724371016025543212890625
0.0460908226668834686279296875
0.0711108744144439697265625
0.07586850225925445556640625
0.07115219533443450927734375
0.06617923080921173095703125
0.0554082430899143218994140625
0.0579874813556671142578125
0.0553084202110767364501953125
0.070060253143310546875
0.073195196688175201416015625
0.0532462410628795623779296875
0.0550506114959716796875
0.0709815323352813720703125
0.079719312489032745361328125
0.0614329688251018524169921875
0.049047701060771942138671875
0.0599605739116668701171875
0.0601452179253101348876953125
0.08786596357822418212890625
0.0605523288249969482421875
0.055941946804523468017578125
0.06261925399303436279296875
0.065854452550411224365234375
0.058705396950244903564453125
0.09233188629150390625
0.10432220995426177978515625
0.0871650278568267822265625
0.076268412172794342041015625
0.047688670456409454345703125
0.0581910274922847747802734375
0.063796781003475189208984375
0.06551085412502288818359375
0.0519921295344829559326171875
0.051805086433887481689453125
0.076120518147945404052734375
0.06653665006160736083984375
0.0717392265796661376953125
0.069270692765712738037109375
0.06719078123569488525390625
0.0653999149799346923828125
0.063965059816837310791015625
0.069068677723407745361328125
0.061347134411334991455078125
0.06572632491588592529296875
0.065417371690273284912109375
0.0461928658187389373779296875
0.06874151527881622314453125
0.0789874494075775146484375
0.06220267713069915771484375
0.0521953962743282318115234375
0.08670012652873992919921875
0.0596386976540088653564453125
0.05866385996341705322265625
0.043410956859588623046875
0.06715182960033416748046875
0.048030011355876922607421875
0.0585575662553310394287109375
0.12517563998699188232421875
0.07790748775005340576171875
0.062575347721576690673828125
0.053588099777698516845703125
0.0507063381373882293701171875
0.0623435787856578826904296875
0.0509296841919422149658203125
0.065577022731304168701171875
0.09933768212795257568359375
0.06542836129665374755859375
0.063757754862308502197265625
0.070209510624408721923828125
0.09817142784595489501953125
0.086977235972881317138671875
0.057282149791717529296875
0.0569823496043682098388671875
0.063961170613765716552734375
0.065603129565715789794921875
0.06260605156421661376953125
0.083517782390117645263671875
0.05094771087169647216796875
0.0618686974048614501953125
0.051302947103977203369140625
0.06496034562587738037109375
0.0606139786541461944580078125
0.06299306452274322509765625
0.0682042539119720458984375
0.0758927762508392333984375
0.0728564560413360595703125
0.066923208534717559814453125
0.0578063987195491790771484375
0.05855940282344818115234375
0.0509823299944400787353515625
0.0498106963932514190673828125
0.0567973367869853973388671875
0.0556083954870700836181640625
0.07012043893337249755859375
0.0617192424833774566650390625
0.067225255072116851806640625
0.067832358181476593017578125
0.05072797834873199462890625
0.0542459376156330108642578125
0.061197362840175628662109375
0.08259911835193634033203125
0.0674003064632415771484375
0.0693128108978271484375
0.06822900474071502685546875
0.057021491229534149169921875
0.07184158265590667724609375
0.073710031807422637939453125
0.0626588165760040283203125
0.0549337826669216156005859375
0.0513070337474346160888671875
0.0657838881015777587890625
0.060806356370449066162109375
0.083486236631870269775390625
0.044869340956211090087890625
0.0826753675937652587890625
0.059444211423397064208984375
0.071589358150959014892578125
0.0574447400867938995361328125
0.057125784456729888916015625
0.07066945731639862060546875
0.0609407462179660797119140625
0.062505193054676055908203125
0.046904750168323516845703125
0.0469552688300609588623046875
0.069800861179828643798828125
0.063029341399669647216796875
0.081059105694293975830078125
0.048797138035297393798828125
0.059227563440799713134765625
0.06961928308010101318359375
0.064082838594913482666015625
0.047846294939517974853515625
0.064349949359893798828125
0.059242390096187591552734375
0.0425494015216827392578125
0.05516910552978515625
0.0506728179752826690673828125
0.0623696334660053253173828125
0.07171513140201568603515625
0.06829012930393218994140625
