119374379
108526044
118166410
121544002
117714139
119084053
115229464
118372469
122946640
135845877
117359788
123666451
128257597
132382202
137976867
115540219
106229197
110823767
113719277
118218529
121884814
119254335
128740740
130834768
111693733
137257885
132415534
119923618
155412321
126120787
122589040
151907508
120392273
110133931
110359441
120803254
106506349
106605801
108386031
116136936
126778855
118112112
129145812
127331926
115268310
115939695
112307333
124238851
112433168
109730084
129822845
111671965
124933085
112911504
121658020
110431908
115812923
116056408
117323391
114290892
121139446
132471574
131271074
117608352
126857220
112187108
100207435
107486244
129233241
124903045
134499859
109666224
106015010
115568973
118046156
114584556
104551360
140178246
109943458
115475689
120028985
115914776
108678358
144385097
119230743
121147487
132585675
129022639
109780347
124117123
102385998
120197205
125493400
109535050
113419857
116793130
108363751
134231758
115134888
110223252
121429337
116649213
117784488
113975874
106467437
133135540
125347482
110066145
140019290
112387522
125305416
129558630
119654971
109205932
118697227
116981143
117527023
132021230
134541283
120614483
127622784
122452409
106967889
149688269
115192055
125269458
132042218
132786761
104738959
128316232
124807621
122831016
118318811
127827165
127543952
117749787
114020627
111311489
96924623
118657272
129832725
125213446
141689954
121669296
125038678
121449358
123890300
107731217
108370477
118834381
122825401
