5.7192173004150390625
5.624439239501953125
5.65720367431640625
5.85703754425048828125
5.463283538818359375
6.2458591461181640625
6.29757404327392578125
7.018252849578857421875
6.529112339019775390625
5.576095104217529296875
4.62319278717041015625
5.3648681640625
5.912574291229248046875
5.469053745269775390625
5.721241474151611328125
6.255631923675537109375
5.500233173370361328125
5.25791454315185635692841970012523233890533447265625
5.073064327239990234375
5.65203762054443359375
4.8778591156005859375
5.69307994842529296875
5.082874774932861328125
4.820039272308349609375
5.34329891204833984375
6.006070613861083984375
5.3724536895751953125
5.59633350372314453125
5.06698703765869140625
7.2946796417236328125
4.276953220367431640625
5.11331844329833984375
5.0488681793212890625
5.323336124420166015625
4.732940673828125
7.028514862060546875
4.76616001129150390625
10.1365652084350603701068394002504646778106689453125
5.09417247772216796875
4.48613834381103515625
4.519447803497314453125
5.103742122650146484375
4.735942363739013671875
4.97017955780029296875
5.2086658477783203125
5.51627349853515625
6.1960239410400390625
4.209032535552978515625
5.7539920806884765625
5.018538951873779296875
4.600860118865966796875
4.3923473358154296875
5.9606151580810546875
5.5099544525146484375
4.403430938720703125
5.23732709884643643505341970012523233890533447265625
5.190476894378662109375
4.6262607574462890625
5.05373382568359375
6.41619205474853515625
6.290535449981689453125
5.5027141571044921875
5.431731700897216796875
5.481247425079345703125
4.943272113800048828125
4.887043476104736328125
5.08469867706298828125
5.15590572357177734375
5.323345184326171875
5.663034915924072265625
5.56441974639892578125
4.6376171112060546875
4.426022052764892578125
5.38004302978515625
4.75792598724365234375
5.6891574859619140625
5.751594066619873046875
5.628268718719482421875
5.29954051971435635692841970012523233890533447265625
5.9464740753173828125
5.5425567626953125
5.47751617431640625
6.7215938568115234375
6.933851718902587890625
4.765935420989990234375
5.21183490753173828125
5.28018093109130859375
5.243585109710693359375
5.786282062530517578125
4.83893299102783203125
4.97716236114502041942841970012523233890533447265625
5.21022748947143643505341970012523233890533447265625
6.0749912261962890625
6.001094818115234375
5.817556858062744140625
4.47948408126831143505341970012523233890533447265625
4.558748722076416015625
4.63268280029296875
4.7357807159423828125
4.5611591339111328125
5.538542270660400390625
4.884359836578369140625
5.621285915374755859375
5.56950664520263671875
4.94030284881591796875
5.555221080780029296875
4.99956512451171875
5.711857318878173828125
4.529170989990234375
6.193687915802001953125
4.77464389801025390625
5.60962390899658203125
4.21042537689208984375
5.369779109954833984375
4.982789516448974609375
5.507695674896240234375
4.97448062896728515625
5.296512126922607421875
5.1051025390625
4.7373218536376953125
5.9314327239990234375
5.564913272857666015625
5.2119312286376953125
5.57532215118408203125
5.224450588226318359375
5.297613620758056640625
5.40624904632568359375
5.202605724334716796875
4.87773036956787109375
4.8538188934326171875
5.462009906768798828125
4.64750003814697265625
4.498609066009521484375
4.651749134063720703125
5.1379184722900390625
5.13693141937255859375
5.030405521392822265625
5.88569355010986328125
5.678889751434326171875
5.204749584197998046875
5.745082378387451171875
5.230503559112548828125
4.934129238128662109375
4.974948406219482421875
5.04357242584228515625
4.908183574676513671875
5.381068706512451171875
5.114992618560791015625
5.6832828521728515625
4.377899646759033203125
5.50367736816406338817841970012523233890533447265625
