-1.925692833167904183255814132280647754669189453125
-1.8615338598553921034550739932456053793430328369140625
-2.026336250974270836167079323786310851573944091796875
-2.043284859746972159655342693440616130828857421875
-1.95203984564153198988378790090791881084442138671875
-2.05984597073864161842493558651767671108245849609375
-1.9390828897825620469319574112887494266033172607421875
-1.9138325893893008977642011814168654382228851318359375
-2.125478190529892952298496311414055526256561279296875
-1.8840755417752035327794146724045276641845703125
-2.072777479264163336125648129382170736789703369140625
-2.006201912438080992018285542144440114498138427734375
-1.9386684385922825502035493627772666513919830322265625
-2.013576906103672126135961661930195987224578857421875
-2.1453509911767252305025976966135203838348388671875
-1.93599384462674262152859228081069886684417724609375
-1.9053743910926324023336064783507026731967926025390625
-2.145518339042543853878441950655542314052581787109375
-1.8786081822243134720196167108952067792415618896484375
-1.8314961163463225890524199712672270834445953369140625
-2.035064793644599578925635796622373163700103759765625
-2.108394358747684993460325131309218704700469970703125
-2.03668915662466520899442912195809185504913330078125
-1.7549922318743791382900099051767028868198394775390625
-1.882617708140242651637663584551773965358734130859375
-1.7908265433847885272911071297130547463893890380859375
-2.04979793401045373713031949591822922229766845703125
-2.16722906249291735747419807012192904949188232421875
-1.954453184948043098501102576847188174724578857421875
-1.9823915229047799346773217621375806629657745361328125
-1.783440136420211263867940942873246967792510986328125
-1.927562407838904423584835967631079256534576416015625
-1.9157753716454462011853365766000933945178985595703125
-1.717274898609593147824625702924095094203948974609375
-2.110216637436403974703580388450063765048980712890625
-1.931616751030627909813119913451373577117919921875
-1.8955167894700892805559533371706493198871612548828125
-2.078633092358500800145293396781198680400848388671875
-2.152396099038202503805905507761053740978240966796875
-1.81294950657858944254030575393699109554290771484375
-1.8190730407583901584445129628875292837619781494140625
-2.040372921681514295499937361455522477626800537109375
-1.88242548970247725037552299909293651580810546875
-2.142097094074854712886235574842430651187896728515625
-2.024701786369770939444379109772853553295135498046875
-2.09414125105128423598443987430073320865631103515625
-2.23054080215571826073528427514247596263885498046875
-2.104573158570585800219987504533492028713226318359375
-2.07092490908442083963336699525825679302215576171875
-1.99316520908492833541458821855485439300537109375
-1.999591499625037016585338278673589229583740234375
-1.893725345799015524761443884926848113536834716796875
-2.115498473658835809629863433656282722949981689453125
-1.9138776651579429977090285319718532264232635498046875
-1.9531720275306481138244407702586613595485687255859375
-1.67887331981799281521716693532653152942657470703125
-1.9952589284402950653429797966964542865753173828125
-2.042484573145898263391018190304748713970184326171875
-1.637131099389919075548505134065635502338409423828125
-1.7288677699091519190943699868512339890003204345703125
-1.8014202852463789827908158258651383221149444580078125
-2.022383038058660265079424789291806519031524658203125
-1.756092891800193456219858489930629730224609375
-1.6375475215880823665060006533167324960231781005859375
-1.9428012510160208581311280795489437878131866455078125
-2.00499464415330663769054808653891086578369140625
-1.8537084201061617694250571730663068592548370361328125
-1.990157512388226468402763202902860939502716064453125
-1.9546879434936526021004965514293871819972991943359375
-2.22922514768293300591039951541461050510406494140625
-1.69034190749201140846480484469793736934661865234375
-1.90088535602080721531592644168995320796966552734375
-1.98404980491645499540709352004341781139373779296875
-1.930959566160054929895295572350732982158660888671875
-1.8270546887838126082215239875949919223785400390625
-1.99608911896690965903644610079936683177947998046875
-1.6596760117689601798929288634099066257476806640625
-2.078200368377562501365218849969096481800079345703125
-2.074786873162325573360931230126880109310150146484375
-1.910363975208575926245657683466561138629913330078125
-2.072589114125139797550900766509585082530975341796875
-1.815911993976651928051069262437522411346435546875
-1.760868609952713104149779610452242195606231689453125
-1.9250685628183321629336433034040965139865875244140625
-2.2287546289784021524837953620590269565582275390625
-1.958601721649913418588084823568351566791534423828125
-1.9544256266794330922920153170707635581493377685546875
-2.057335728044245026779890395118854939937591552734375
-1.8858867152349285678525347975664772093296051025390625
-2.109792514337945679159247447387315332889556884765625
-1.997560785217706413874338977620936930179595947265625
-1.628831903866206243236547379638068377971649169921875
-2.062841031155581816847188747487962245941162109375
-1.8570046986807551281373207530123181641101837158203125
-1.96976087079681594360636154306121170520782470703125
-2.103234683231253843160857286420650780200958251953125
-2.030329736281367924988217055215500295162200927734375
-1.96899387187356200712429199484176933765411376953125
-2.087462218896046550753453630022704601287841796875
-1.950339262608781876195962468045763671398162841796875
-1.86556462001731571120899388915859162807464599609375
-1.864481298919990148732495072181336581707000732421875
-2.0089605624206541278908844105899333953857421875
-1.777808361683710369760547109763137996196746826171875
-2.010095440751138884394322303705848753452301025390625
-2.18696174129475906511288485489785671234130859375
-1.9563226588060091959420105922617949545383453369140625
-1.862160969522608677806374544161371886730194091796875
-1.8341396630300248471456825427594594657421112060546875
-1.8872579597808982754258977365680038928985595703125
-1.9788024723746786559530619342694990336894989013671875
-1.9700364272027266476783324833377264440059661865234375
-1.835679078032925293229027374763973057270050048828125
-1.9501653354849548538396675212425179779529571533203125
-2.20825092144152979045657048118300735950469970703125
-1.63270157092201717574653230258263647556304931640625
-1.8890491836367189204537453406373970210552215576171875
-2.024284617059995294852114966488443315029144287109375
-2.08989078588127608071545182610861957073211669921875
-1.8295989667717023063886472300509922206401824951171875
-1.943449216460278794471605579019524157047271728515625
-1.709303168198917699527328295516781508922576904296875
-2.268847425554401997516151823219843208789825439453125
-2.1746614632582197401688972604461014270782470703125
-2.022774817203481401151066165766678750514984130859375
-1.9777903210878100548342217734898440539836883544921875
-2.10548203423304958192829872132278978824615478515625
-2.104227532263969191461683294619433581829071044921875
-2.114112708511241667252988918335177004337310791015625
-1.9355823278487214178511521822656504809856414794921875
-1.814273663631098543191910721361637115478515625
-1.8989683751545467504939779246342368423938751220703125
-2.00785348970784927047361634322442114353179931640625
-2.05222136878436600682107382453978061676025390625
-2.251552551837658455724522355012595653533935546875
-1.97367831674788529738862052909098565578460693359375
-1.553986422954742874225075865979306399822235107421875
-2.16859370104386872668555952259339392185211181640625
-1.8057259641372984670937285045511089265346527099609375
-1.8935454907923692235982571219210512936115264892578125
-1.8908340270548695816188455864903517067432403564453125
-1.96584472458210246514909158577211201190948486328125
-2.08558144219736174562740416149608790874481201171875
-1.963725076896607024679042297066189348697662353515625
-1.721445643493421329139891895465552806854248046875
-2.081402766141773330588193857693113386631011962890625
-2.226039624293232321861069067381322383880615234375
-1.9632581881810480251004946694592945277690887451171875
-1.8849849792713671003951958482502959668636322021484375
-1.8958359070387464928586496171192266047000885009765625
-2.1416950352182180239424269529990851879119873046875
