0.9951241016387939453125
0.99550902843475341796875
0.99057912826538074835269753748434595763683319091796875
0.97714710235595703125
0.999675571918487548828125
0.97492486238479603155582253748434595763683319091796875
0.97331297397613525390625
0.98794519901275634765625
0.99710875749588001593082253748434595763683319091796875
0.988328278064727783203125
0.98130834102630615234375
0.99333035945892322882144753748434595763683319091796875
0.98849517107009876593082253748434595763683319091796875
0.98185002803802479132144753748434595763683319091796875
0.99579906463623035772769753748434595763683319091796875
0.99916130304336558953792746251565404236316680908203125
0.96181285381317138671875
0.97718203067779541015625
0.97977977991104114874332253748434595763683319091796875
0.999912261962890625
0.97724813222885120733707253748434595763683319091796875
0.995914876461029052734375
0.99244791269302357061832253748434595763683319091796875
0.99933147430419921875
0.97066915035247802734375
0.993038713932037353515625
0.98550719022750843389957253748434595763683319091796875
0.989668190479278564453125
0.989575088024139404296875
0.99918377399444580078125
0.98987126350402843133480246251565404236316680908203125
0.98906409740447998046875
0.98617076873779296875
0.98876035213470458984375
0.993296205997467041015625
0.98096561431884754522769753748434595763683319091796875
0.98889952898025523797542746251565404236316680908203125
0.99624478816986083984375
0.99937778711318958624332253748434595763683319091796875
0.99362343549728404656917746251565404236316680908203125
0.99608600139617919921875
0.98536622524261474609375
0.995668888092041015625
0.99854749441146839483707253748434595763683319091796875
0.98138552904129039422542746251565404236316680908203125
0.98386806249618519171207253748434595763683319091796875
0.9984033107757568359375
0.998644053936004638671875
0.990718364715576171875
0.9898869991302490234375
0.97575962543487559930355246251565404236316680908203125
0.99503415822982799188167746251565404236316680908203125
0.99138772487640380859375
0.992370665073394775390625
0.99034267663955677374332253748434595763683319091796875
0.97682476043701160772769753748434595763683319091796875
0.97188425064086925164730246251565404236316680908203125
0.99882471561431884765625
0.98464620113372802734375
0.983648002147674560546875
0.989868640899658203125
0.9976079463958740234375
0.98862886428832996710269753748434595763683319091796875
0.959544360637664794921875
0.9979074001312255859375
0.9833915233612060546875
0.984973132610321044921875
0.97158509492874156610042746251565404236316680908203125
0.98897618055343639031917746251565404236316680908203125
0.982917368412017822265625
0.9975736141204833984375
0.980577170848846435546875
0.994890391826629638671875
0.96892488002777099609375
0.986236035823822021484375
0.99991589784622203485042746251565404236316680908203125
0.996397554874420166015625
0.998804390430450439453125
0.98793411254882801397769753748434595763683319091796875
0.972255289554595947265625
0.9997689723968505859375
0.99988281726837158203125
0.97989499568939197882144753748434595763683319091796875
0.980550110340118408203125
0.99202620983123779296875
0.972312748432159423828125
0.99549239873886119500667746251565404236316680908203125
0.98944211006164561883480246251565404236316680908203125
0.9973051548004150390625
0.982674658298492431640625
0.99624329805374156610042746251565404236316680908203125
0.99810230731964122430355246251565404236316680908203125
0.96330171823501598016292746251565404236316680908203125
0.96734321117401123046875
0.99783349037170399054019753748434595763683319091796875
0.97969007492065440789730246251565404236316680908203125
0.9945442676544189453125
0.994245350360870361328125
0.992218077182769775390625
0.98775982856750477179019753748434595763683319091796875
0.98757958412170399054019753748434595763683319091796875
0.974504292011260986328125
0.990199387073516845703125
0.97481393814086925164730246251565404236316680908203125
0.98276865482330322265625
0.97309869527816761358707253748434595763683319091796875
0.98850381374359119757144753748434595763683319091796875
0.98068755865097034796207253748434595763683319091796875
0.99508875608444202764957253748434595763683319091796875
0.98870944976806640625
0.974468529224395751953125
0.99649214744567882195980246251565404236316680908203125
0.995836913585662841796875
0.99323713779449462890625
0.989427387714385986328125
0.9920151233673095703125
0.97988450527191162109375
0.99304699897766124383480246251565404236316680908203125
0.99451041221618641241519753748434595763683319091796875
0.97427618503570556640625
0.96689647436141956671207253748434595763683319091796875
0.999511182308197021484375
0.989422500133514404296875
0.99377375841140758172542746251565404236316680908203125
0.97443860769271839483707253748434595763683319091796875
0.98690134286880482061832253748434595763683319091796875
0.99801313877105723992855246251565404236316680908203125
0.99691271781921397820980246251565404236316680908203125
0.990027606487274169921875
0.98842370510101318359375
0.99643796682357799188167746251565404236316680908203125
0.999428451061248779296875
0.999575555324554443359375
0.985096633434295654296875
0.99661028385162364617855246251565404236316680908203125
0.988687574863433837890625
0.99062359333038318975894753748434595763683319091796875
0.985731899738311767578125
0.997780025005340576171875
0.98781353235244762078792746251565404236316680908203125
0.9946782588958740234375
0.99508965015411376953125
0.99306023120880115850894753748434595763683319091796875
0.993593275547027587890625
0.99505698680877685546875
0.97866404056549083367855246251565404236316680908203125
0.9751789569854736328125
0.98317778110504161492855246251565404236316680908203125
0.993359744548797607421875
0.984449565410614013671875
0.9803941249847412109375
