0.44785583019256591796875
0.4762074947357177734375
0.58791553974151611328125
0.45160615444183349609375
0.459557592868804876129473768742172978818416595458984375
0.494396030902862493316973768742172978818416595458984375
0.35839748382568359375
0.266070723533630315582598768742172978818416595458984375
0.50410497188568115234375
0.425416648387908880035723768742172978818416595458984375
0.51725614070892333984375
0.500342905521392822265625
0.58205854892730712890625
0.3396480083465576171875
0.323227822780609075348223768742172978818416595458984375
0.44115340709686279296875
0.557792127132415771484375
0.390820384025573674957598768742172978818416595458984375
0.5316984653472900390625
0.66786038875579833984375
0.539702236652374267578125
0.4858281612396240234375
0.361319124698638916015625
0.380036830902099609375
0.5023193359375
0.573100745677947998046875
0.48452222347259521484375
0.6286008358001708984375
0.464094340801239013671875
0.43831336498260498046875
0.5146026611328125
0.321710824966430608551348768742172978818416595458984375
0.461880028247833196441973768742172978818416595458984375
0.467687308788299505035723768742172978818416595458984375
0.5323312282562255859375
0.301473557949066106598223768742172978818416595458984375
0.407331883907318115234375
0.278907001018524114410723768742172978818416595458984375
0.548367798328399658203125
0.4873845577239990234375
0.648347795009613037109375
0.394133269786834716796875
0.434199094772338811676348768742172978818416595458984375
0.558102428913116455078125
0.47454547882080078125
0.426564395427703801910723768742172978818416595458984375
0.485149562358856201171875
0.499968111515045110504473768742172978818416595458984375
0.417881488800048772613848768742172978818416595458984375
0.54600870609283447265625
0.529490888118743896484375
0.448856413364410400390625
0.499396026134490911285723768742172978818416595458984375
0.3817708492279052734375
0.429474771022796575348223768742172978818416595458984375
0.3521564006805419921875
0.41355311870574951171875
0.468005836009979192535723768742172978818416595458984375
0.40157139301300048828125
0.385558009147643987457598768742172978818416595458984375
0.49055087566375732421875
0.468682587146758977691973768742172978818416595458984375
0.561186492443084716796875
0.295158088207244873046875
0.559911787509918212890625
0.537563979625701904296875
0.493065655231475774566973768742172978818416595458984375
0.494293868541717473785723768742172978818416595458984375
0.564626395702362060546875
0.39041864871978759765625
0.374544918537139892578125
0.527401149272918701171875
0.430210411548614501953125
0.479430317878723089020098768742172978818416595458984375
0.595409333705902099609375
0.565304338932037353515625
0.4975602626800537109375
0.544795930385589599609375
0.432075798511505126953125
0.559953033924102783203125
0.43072855472564697265625
0.5692188739776611328125
0.421442568302154485504473768742172978818416595458984375
0.5828006267547607421875
0.53748321533203125
0.490358233451843206207598768742172978818416595458984375
0.453368842601776123046875
0.4275171756744384765625
0.437157630920410100738848768742172978818416595458984375
0.521381318569183349609375
0.57198607921600341796875
0.536027133464813232421875
0.53124749660491943359375
0.445260703563690185546875
0.533961832523345947265625
0.49478614330291748046875
0.395741403102874700348223768742172978818416595458984375
0.347432136535644475738848768742172978818416595458984375
0.3827841281890869140625
0.524585545063018798828125
0.438944280147552490234375
0.482759833335876409332598768742172978818416595458984375
0.5456836223602294921875
0.417307317256927490234375
0.596040546894073486328125
0.505363762378692626953125
0.404225170612335205078125
0.437446653842926025390625
0.436525046825408880035723768742172978818416595458984375
0.42782008647918701171875
0.531060695648193359375
0.44531977176666259765625
0.4646465778350830078125
0.431952536106109619140625
0.523452579975128173828125
0.457877635955810491363848768742172978818416595458984375
0.285148382186889592926348768742172978818416595458984375
0.417509198188781682770098768742172978818416595458984375
0.443727374076843206207598768742172978818416595458984375
0.486162960529327392578125
0.5865414142608642578125
0.374494075775146484375
0.524608194828033447265625
0.485283553600311279296875
0.365173697471618596832598768742172978818416595458984375
0.49415147304534912109375
0.3181293010711669921875
0.480986058712005615234375
0.459971189498901311676348768742172978818416595458984375
0.381616830825805608551348768742172978818416595458984375
0.4537181854248046875
0.552584826946258544921875
0.349025785923004094879473768742172978818416595458984375
0.44169080257415771484375
0.37904918193817138671875
0.50803244113922119140625
0.432449698448181096832598768742172978818416595458984375
0.462342441082000676910723768742172978818416595458984375
0.53137743473052978515625
0.394927799701690673828125
0.490661680698394775390625
0.51826393604278564453125
0.513273417949676513671875
0.460091829299926702301348768742172978818416595458984375
0.309469938278198186676348768742172978818416595458984375
0.392243444919586181640625
0.423020243644714299957598768742172978818416595458984375
0.4794504642486572265625
0.49132359027862548828125
0.436137497425079290191973768742172978818416595458984375
0.452587306499481201171875
