2.2244160175323486328125
2.2480413913726806640625
2.2306263446807861328125
2.238368988037109819089209850062616169452667236328125
2.230708599090576171875
2.237707138061522993410790149937383830547332763671875
2.2158641815185546875
2.2394335269927978515625
2.2361142635345458984375
2.2509133815765380859375
2.2370417118072509765625
2.22687625885009765625
2.2392022609710693359375
2.22672176361083984375
2.232486724853515625
2.2111704349517822265625
2.2305023670196533203125
2.226476669311522993410790149937383830547332763671875
2.2089216709136962890625
2.23535823822021484375
2.2282140254974365234375
2.2224042415618896484375
2.204231739044189453125
2.2168838977813720703125
2.2315361499786376953125
2.241785526275634765625
2.2707068920135498046875
2.2377605438232421875
2.2371132373809814453125
2.2428767681121826171875
2.2207486629486083984375
2.2319557666778564453125
2.2076895236968994140625
2.19205760955810546875
2.2301242351531982421875
2.2031776905059814453125
2.198658466339111328125
2.215295791625977006589209850062616169452667236328125
2.1827652454376220703125
2.205715656280517578125
2.1775302886962890625
2.182514667510986328125
2.1736907958984375
2.1855456829071044921875
2.1804015636444091796875
2.190532684326171875
2.1766812801361083984375
2.1667568683624267578125
2.1893713474273681640625
2.185105800628662109375
2.1893661022186279296875
2.2038500308990478515625
2.22126007080078125
2.188917636871337890625
2.1750457286834716796875
2.1790111064910888671875
2.206585407257080078125
2.2014324665069580078125
2.1922168731689453125
2.218425750732421875
2.224799633026123046875
2.18430233001708984375
2.1804358959197998046875
2.19059085845947265625
2.226373195648193803464209850062616169452667236328125
2.2144806385040283203125
2.208006381988525390625
2.2685129642486572265625
2.2139682769775390625
2.21033477783203125
2.212865352630615234375
2.2045352458953857421875
2.2616798877716064453125
2.2488803863525390625
2.2525341510772705078125
2.2568385601043701171875
2.2425081729888916015625
2.2415277957916259765625
2.247177600860595703125
2.25395107269287109375
2.259417057037353515625
2.2693455219268798828125
2.249312877655029296875
2.234122753143310546875
2.232464313507080078125
2.32289791107177734375
2.2365419864654541015625
2.2348425388336181640625
2.21849346160888671875
2.217830181121826171875
2.2070915699005126953125
2.2517955303192138671875
2.226673126220703125
2.205036878585814985598290149937383830547332763671875
2.2333042621612548828125
2.1982605457305908203125
2.1924026012420654296875
2.1960785388946533203125
2.2158367633819580078125
2.194055557250977006589209850062616169452667236328125
2.2060964107513427734375
2.211303234100341796875
2.1864793300628662109375
2.1659491062164306640625
2.1789605617523193359375
2.1905248165130615234375
2.1629822254180908203125
2.1468937397003173828125
2.1391570568084716796875
2.2445900440216064453125
2.19870281219482421875
2.2031357288360595703125
2.2166807651519775390625
2.2242450714111328125
2.216491222381591796875
2.2129423618316650390625
2.1909427642822265625
2.1671142578125
2.1576645374298095703125
2.1578152179718017578125
2.149814605712890180910790149937383830547332763671875
2.139578342437744140625
2.170055389404296875
2.2555706501007080078125
2.223039150238037109375
2.24249172210693359375
2.2224462032318115234375
2.2666923999786376953125
2.229198217391968217526709850062616169452667236328125
2.2341349124908447265625
2.1700687408447265625
2.1898441314697265625
2.1737210750579833984375
2.16172027587890625
2.18175792694091796875
2.17157077789306640625
2.1787779331207275390625
2.20641231536865234375
2.207088947296142578125
2.20759677886962890625
2.206894397735595703125
2.2170546054840087890625
2.1985561847686767578125
2.1918699741363525390625
2.2517254352569580078125
2.2664318084716796875
2.2527573108673095703125
2.27157878875732421875
2.2415254116058349609375
2.2556591033935546875
2.2355849742889404296875
