106788477
99774227
113247197
110503509
109350101
107959616
105622683
112556618
112565995
134239034
107718861
118372644
114949775
121414247
130147106
108673602
97523331
102949283
103151896
116343057
112985827
114011623
116467966
121958484
101624036
126331278
121906410
117533157
143418108
126081736
111721776
139120814
109109279
102065805
103977648
112694429
101095022
99094181
100197545
105551828
115698586
110344821
119651402
112710429
106319619
107578656
104504072
113234723
103629034
103693805
119667498
105184902
117632665
104128798
122184859
101206700
104838213
108375609
107576728
100773855
111305812
124751281
121682346
104662745
113825126
103664419
93229239
104385689
123586930
115562990
125192187
101195524
100210277
108464492
111886727
105783963
96205652
127632275
102927107
107683695
111487130
108713864
103728804
133518566
107429848
112895745
123120733
114659862
103783072
113242786
96925948
111053877
120420832
102329248
105012092
109491302
100434250
125721348
108999997
102966372
101925907
107618461
106185466
106412945
98681064
118963031
116567704
98180683
124708217
106180985
116343010
118370966
113408312
101002989
108285262
103881298
106805844
122509545
123091402
113839967
116457203
112585677
99470148
134066861
104646740
119687695
116663911
122811181
94868061
118878922
111853154
109930537
100929669
131102618
120333247
107459991
107657082
99374250
89872340
109845422
120584316
116103462
131286529
112495546
112013862
114401743
114340161
100434591
102203098
110064665
111961323
