0.67367397844804777218286062634433619678020477294921875
0.64914333898702825109694458660669624805450439453125
0.6349140134521393807887079674401320517063140869140625
0.62862704416998094192337021013372577726840972900390625
0.6195357970666799385384138076915405690670013427734375
0.6713149858413256509948041639290750026702880859375
0.64455763073995464562671031671925447881221771240234375
0.5985138912314786896473606248036958277225494384765625
0.6378100809563973516702617416740395128726959228515625
0.656177833777734864639796796836890280246734619140625
0.6425452319935447409449125188984908163547515869140625
0.5613224291355145556536854201112873852252960205078125
0.59976411975696330980412085409625433385372161865234375
0.55264104697623694928410031934618018567562103271484375
0.6615791120933198765641236605006270110607147216796875
0.5156344234095289191799338368582539260387420654296875
0.625431990801590398376674784230999648571014404296875
0.54594257902647880253965695374063216149806976318359375
0.64632894289136100240966698038391768932342529296875
0.6373887395261170762950087009812705218791961669921875
0.616873108741396780629884233349002897739410400390625
0.5976148694328953236976076368591748178005218505859375
0.63226854224784923008684245360200293362140655517578125
0.65056329650081734516930964673520065844058990478515625
0.6484823481247070642297103404416702687740325927734375
0.61090729450117986498725031196954660117626190185546875
0.6688742576815547291602115365094505250453948974609375
0.64518705836757217486621129864943213760852813720703125
0.63231314272122307595935808421927504241466522216796875
0.62239340532421361107395796352648176252841949462890625
0.61540629462962759266275725167361088097095489501953125
0.64298168879621553362113672847044654190540313720703125
0.6286430786197259035219531142502091825008392333984375
0.61230959649471927708219709529657848179340362548828125
0.6274726660121954235904695451608859002590179443359375
0.60358465170359065776750639997771941125392913818359375
0.63118864239909056035315870758495293557643890380859375
0.59178849560619084524404343028436414897441864013671875
0.62657320237095148751649276164243929088115692138671875
0.62747563508573467316864480380900204181671142578125
0.66660932959324015190105683359433896839618682861328125
0.6361381624233060083639657023013569414615631103515625
0.62808571766298737504286009425413794815540313720703125
0.64051807186672726768250640816404484212398529052734375
0.65317279677707562601796098533668555319309234619140625
0.68310684116555975275986156702856533229351043701171875
0.6572268194991266465621038150857202708721160888671875
0.61648096671915653121942568759550340473651885986328125
0.6610979656117965674866354675032198429107666015625
0.67967457900437644457980468359892256557941436767578125
0.55679662389120299081923803896643221378326416015625
0.57229864848051292813835289052804000675678253173828125
0.6603624246702886058102421884541399776935577392578125
0.63923741539437395342559966593398712575435638427734375
0.615927816538159422776743667782284319400787353515625
0.61595242117940329773517760258982889354228973388671875
0.659273214273679020180907173198647797107696533203125
0.58971919786721438416776663871132768690586090087890625
0.6525851169760155112697930235299281775951385498046875
0.5803088572811290202224654422025196254253387451171875
0.64013406360028002328732554815360344946384429931640625
0.488200196790443907701728676329366862773895263671875
0.65270264175059355959973572680610232055187225341796875
0.62692327386719892690081223918241448700428009033203125
0.5908283639142963838963851230801083147525787353515625
0.60580945633924476734222253071493469178676605224609375
0.65369176524382843762595030057127587497234344482421875
0.63031330878311109255918154303799383342266082763671875
0.663015343446808014249427287722937762737274169921875
0.63200469878505050047579061356373131275177001953125
0.6225994659234970196592939828406088054180145263671875
0.67368311007639614107489478556090034544467926025390625
0.66426726001768254814550118680926971137523651123046875
0.67992372489144836666952187442802824079990386962890625
0.6385080793077977379113008282729424536228179931640625
0.64730407840995651813642552951932884752750396728515625
0.66209915825287080082262036739848554134368896484375
0.6246840740577959127932672345195896923542022705078125
0.67128924848138871173119923696503974497318267822265625
0.62916665550758210656567825935781002044677734375
0.60623602544199062247542997283744625747203826904296875
0.677975168054697707731293121469207108020782470703125
0.6707286463565524936569772762595675885677337646484375
0.63549137705631142392093124726670794188976287841796875
0.5583964568743169376574542184243910014629364013671875
0.6519580433784619710735341868712566792964935302734375
0.52325324612562928994208277799771167337894439697265625
0.61668751804794730286829462784226052463054656982421875
0.566677521175552367793670782702974975109100341796875
0.6295804599436920501176473408122546970844268798828125
0.6636866532225933479338664255919866263866424560546875
0.65047876502796386777305315263220109045505523681640625
0.63570887679752419163747845232137478888034820556640625
0.577925629221206715868675019009970128536224365234375
0.647374395543354186344231493421830236911773681640625
0.631736648807589507015336494077928364276885986328125
0.492520084896391152629036014332086779177188873291015625
0.63831219069728561965604285433073528110980987548828125
0.60709484118642487171513266730471514165401458740234375
0.68669157764237842567212055655545555055141448974609375
0.64309245171847140287724187146523036062717437744140625
0.5869158190576426736839721343130804598331451416015625
0.64630528389208163897450276635936461389064788818359375
0.6711281294573103739509178922162391245365142822265625
0.60590698392944031258622317182016558945178985595703125
0.65739014288730024393458961640135385096073150634765625
0.6154869095117223576352216696250252425670623779296875
0.6417814384883320233399217613623477518558502197265625
0.60235371561971440268479227597708813846111297607421875
0.666186042497705965814702722127549350261688232421875
0.64816837464953935832312481579720042645931243896484375
0.6454197988288239429266468505375087261199951171875
0.6014587791048662257509249684517271816730499267578125
0.6436305461876070665994120645336806774139404296875
0.64170336310123265999294517314410768449306488037109375
0.62770929942512865284953704758663661777973175048828125
0.62785514138224141067468053734046407043933868408203125
0.65176869570980777712776443877373822033405303955078125
0.65133940696870273878715806858963333070278167724609375
0.6524729765650592039349930928437970578670501708984375
0.64533679889780037886026775595382787287235260009765625
0.62969570560333665287799931320478208363056182861328125
0.618029312122740481783012000960297882556915283203125
0.6275745923535749337673905756673775613307952880859375
0.6465112560646255612795130218728445470333099365234375
0.5991253847674269383816181289148516952991485595703125
0.62565512760369446088049016907461918890476226806640625
0.66417261558630347195730792009271681308746337890625
0.6353482154583802721248275702237151563167572021484375
0.56314729672948538041765687012230046093463897705078125
0.61844093679155653919821133968071080744266510009765625
0.6399715419972638041912205153494141995906829833984375
0.66187897492918867925482118153013288974761962890625
0.61666592534708486450512054943828843533992767333984375
0.6358312524589797565255366862402297556400299072265625
0.60598944634893481264725778601132333278656005859375
0.6350229039617969473141556591144762933254241943359375
0.5911027677543929659265131704160012304782867431640625
0.59508008790223121398099692669347859919071197509765625
0.61377743441632548471176278326311148703098297119140625
0.56025223796935541553665416358853690326213836669921875
0.5793437493292803441846672285464592278003692626953125
0.65717987192575832988694628511439077556133270263671875
0.63429695998594837202944063392351381480693817138671875
0.646947688885845639816807306488044559955596923828125
0.6198569218274532222068273767945356667041778564453125
0.6366142546500446197654810021049343049526214599609375
0.64062740369441206755851681009517051279544830322265625
0.64978541887097451823507299195625819265842437744140625
0.53209301279313425681039007031358778476715087890625
0.5576418539529421902756212148233316838741302490234375
