-1.2704418
-1.6336789
-2.464953
-1.3837574
-1.7971101
-1.0314028
-1.2836342
-1.0640804
-1.3882679
-1.193498
-1.1387289
-1.2133447
-1.0476961
-1.8553741
-1.3654888
-1.8428774
-1.3925917
-1.2049167
-1.3059971
-1.107468
-1.5387274
-2.2037425
-1.5943472
-1.3667558
-1.2206422
-1.5973046
-2.2202935
-1.0765194
-0.950717
-1.0817016
-1.111749
-1.2736425
-1.2049965
-1.180879
-2.0866253
-1.4552141
-0.78013575
-1.1184683
-1.391478
-1.1374669
-1.5119238
-1.7957096
-1.0531296
-1.554739
-1.0731874
-2.993723
-1.4133762
-1.2410018
-0.86789405
-0.8420071
-0.9303715
-0.9766675
-1.5861518
-1.2673275
-1.1912327
-0.9932002
-1.1059091
-1.3833752
-2.1866183
-1.3986347
-1.7186149
-1.5751144
-1.0115788
-1.1698687
-1.2851623
-0.8260698
-1.2178764
-1.5272505
-1.6407915
-1.052717
-1.1117437
-1.305099
-1.0864697
-1.473983
-1.1993155
-1.0468103
-0.97975445
-2.2885454
-1.1435368
-1.4506793
-1.1420918
-1.6080881
-1.0543741
-1.5544312
-1.1102363
-1.7203388
-1.2482224
-1.1155641
-1.7645376
-1.0346806
-1.4200253
-1.2936504
-1.3283625
-1.5057276
-1.5214494
-1.2983545
-1.5528853
-0.99861676
-1.1610363
-1.0240239
-1.311543
-1.4612906
-1.4423087
-1.8370435
-1.1069252
-2.1726341
-1.1063733
-1.5310718
-1.2091872
-1.3075233
-1.0105667
-1.2755104
-1.6497854
-0.9583933
-1.188432
-1.0429914
-1.8954709
-1.6881213
-1.1688166
-1.1869991
-1.3414276
-1.0681403
-1.0007472
-1.4439796
-1.0548654
-1.0687035
-1.7484057
-1.3561654
-0.84683037
-1.4537747
-1.48324
-0.92832154
-1.0251949
-0.9608269
-1.1775744
-1.0177672
-1.0659319
-1.3058043
-1.0336106
-1.1134868
-1.1813936
-1.59554
-2.3498278
-0.8909408
-0.8582949
-1.1106275
-1.2086227
-1.1823382
-1.6088254
-1.0802623
-1.0929509
