0.141029242632884022068395779569982551038265228271484375
0.19064017031067093110863197580329142510890960693359375
0.10729666749306117357054546346262213774025440216064453125
0.1512587650531437566403525352143333293497562408447265625
0.1317495787481544333719085670963977463543415069580078125
0.2353410204284747120340171022689901292324066162109375
0.208843045758535961198276709183119237422943115234375
0.12266772178273026294714753703374299220740795135498046875
0.161258637051750641777658756836899556219577789306640625
0.1609923522230267689536731268162839114665985107421875
0.10285325837539149862465137630351819097995758056640625
0.095363198688499350996750081321806646883487701416015625
0.193257574330772008419643270826782099902629852294921875
0.162388907684276107001863920231699012219905853271484375
0.169347464812787340537880709234741516411304473876953125
0.09980088576066022121313636716877226717770099639892578125
0.1608753711053155510679602002710453234612941741943359375
0.16183348781333439792007311552879400551319122314453125
0.12264051886704079030732117416846449486911296844482421875
0.12272055129504234882720226096353144384920597076416015625
0.10596838163405790378401860607482376508414745330810546875
0.186157057074670506668923053439357317984104156494140625
0.12335522484546170007835286241970607079565525054931640625
0.155203992736917595340884190591168589890003204345703125
0.1297755814891831394053411941058584488928318023681640625
0.13169964438555570307443076671916060149669647216796875
0.1614033377747572384208751827827654778957366943359375
0.1938039474160929975798950408716336823999881744384765625
0.1738826601849311759284688605475821532309055328369140625
0.1410673295872330312850095879184664227068424224853515625
0.13412863741349345669817694215453229844570159912109375
0.11149328497546236171888978105926071293652057647705078125
0.1846406952622508812478230311171500943601131439208984375
0.1340617045333729329126271068162168376147747039794921875
0.1527413367869953353395118256230489350855350494384765625
0.107426395205551639122631968348287045955657958984375
0.138050389767063685919623594600125215947628021240234375
0.144327609615955310129464805868337862193584442138671875
0.142758865062452222627342734995181672275066375732421875
0.154612292040326393394167325823218561708927154541015625
0.08235922793797727237130601452008704654872417449951171875
0.2393475018146182520251130654287408106029033660888671875
0.1937920498497721910613478257801034487783908843994140625
0.14509928204384203720422874539508484303951263427734375
0.112501732843294954822255249382578767836093902587890625
0.11725583985272138021205279301284463144838809967041015625
0.1723173955541893731524538679877878166735172271728515625
0.163224591268431584722975458134897053241729736328125
0.154566700334407169936667969523114152252674102783203125
0.1252136686152511557690303334311465732753276824951171875
0.1561292569082064485286309718503616750240325927734375
0.150924372006176810145916533656418323516845703125
0.1659954806773662472352270924602635204792022705078125
0.1381743604002863279323065626158495433628559112548828125
0.10172702982179311625987594425168936140835285186767578125
0.195924942811839863932021899017854593694210052490234375
0.156249470892992514681196780657046474516391754150390625
0.1414714918452613934274353368891752324998378753662109375
0.1008624637580754213050937551088281907141208648681640625
0.10123374067997441272392933342416654340922832489013671875
0.175529907448221889065820278119645081460475921630859375
0.161529083643380200197015028606983833014965057373046875
0.10876620575089097908705326744893682189285755157470703125
0.211108405145499722355140193030820228159427642822265625
0.1219957006500475837906805054444703273475170135498046875
0.24060326195934067516901677663554437458515167236328125
0.10406494176987017563629223104726406745612621307373046875
0.12053778330494667458960833528180955909192562103271484375
0.1877866792504361004301216553358244709670543670654296875
0.178042112866130641801731826490140520036220550537109375
0.1314637846415422639534398285832139663398265838623046875
0.19064422585665141696154023520648479461669921875
0.1735533915596672027703561980160884559154510498046875
0.11047512075794853336763168272227630950510501861572265625
0.079689517467909476433618465307517908513545989990234375
0.1918263003278084521951996066491119563579559326171875
0.179970802688907915989346975038642995059490203857421875
0.16432786441039504143901694988016970455646514892578125
0.2297161304006354043405480069850455038249492645263671875
0.0807839141524629156254633244316210038959980010986328125
0.1407805092979916572470955316020990721881389617919921875
0.100700978278278896471675807333667762577533721923828125
0.1428797823350307083511978589740465395152568817138671875
0.20685156884544542155168755925842560827732086181640625
0.12394993697152435763175759575460688211023807525634765625
0.1105807756813575182253117645814199931919574737548828125
0.12946439304808876613606116734445095062255859375
0.25424890104696096226888357705320231616497039794921875
0.1811709268078227907938781982011278159916400909423828125
0.07776708934557856334190972802389296703040599822998046875
0.2367709298354467584157845294612343423068523406982421875
0.1258281157497949387380486996335093863308429718017578125
0.20014192502867256262533146582427434623241424560546875
0.12702284732587099114198281313292682170867919921875
0.09391389501627200875333301155478693544864654541015625
0.2097532179932752594009315316725405864417552947998046875
0.21329018617369699395425186594366095960140228271484375
0.1829599423248791378870947710311156697571277618408203125
0.1701440251740655440482186122608254663646221160888671875
0.1619566944320158796699615777470171451568603515625
0.202789525597570408077530146329081617295742034912109375
0.11474736116515359130030304868341772817075252532958984375
0.2148761814893807298165739894102443940937519073486328125
0.11226226010564920032575031427768408320844173431396484375
0.11035852047888038141021382898543379269540309906005859375
0.13954653687827323071957152933464385569095611572265625
0.1789890019628097295179003367593395523726940155029296875
0.161280604664921167756830300277215428650379180908203125
0.132540229126216602129062493986566551029682159423828125
0.1753375408903330434640110979671590030193328857421875
0.08985385735317917565989631611955701373517513275146484375
0.1395697173786401290573877531642210669815540313720703125
0.1953091916415218010083520994157879613339900970458984375
0.09880764949936067520486204784901929087936878204345703125
0.11043824234744492596149711971520446240901947021484375
0.1747995484747190408914008230567560531198978424072265625
0.1510682603383566025012640920976991765201091766357421875
0.1228460067460577509468322432439890690147876739501953125
0.1539814200210570527271869423202588222920894622802734375
0.150445950155393803893133508609025739133358001708984375
0.1068716819282653773814928399588097818195819854736328125
0.141906692077436835663917236161069013178348541259765625
0.138626799813481527134939597090124152600765228271484375
0.108373730718332950129223490876029245555400848388671875
0.167033020780571306307393797396798618137836456298828125
0.1613568642708722855605429913339321501553058624267578125
0.1546838740940830458914234668554854579269886016845703125
0.1816572771527009411141051486993092112243175506591796875
0.1797053285804463274022424457143642939627170562744140625
0.230537116893133664508042102170293219387531280517578125
0.1325553418170515584950663878771592862904071807861328125
0.12069987168153716028395905368597595952451229095458984375
0.147653679540160787109215334567124955356121063232421875
0.1296412771106327799230939490371383726596832275390625
0.14190281941439641943958349656895734369754791259765625
0.1468903361867837931153957242713659070432186126708984375
0.1907633929253782223423030472986283712089061737060546875
0.1679926332152736900837908251560293138027191162109375
0.08752878202543369623445101979086757637560367584228515625
0.168059258013551648947014882651274092495441436767578125
0.1868670541252690775468892070421134121716022491455078125
0.1016605203219656250457347823612508364021778106689453125
0.280584874287608754261924559614271856844425201416015625
0.1483325132948852542735806991913705132901668548583984375
0.1184616139036218651625631537172012031078338623046875
0.1479356650496078395828902785069658420979976654052734375
0.1875120330202413310161091430927626788616180419921875
0.129408674203089990584203405887819826602935791015625
0.1427138349736311317972337064929888583719730377197265625
0.084828857756956310698370771206100471317768096923828125
0.20565635935337145401291536472854204475879669189453125
