4623227
3067124
3412758
2120257
2359816
4706518
1467655
2106054
2336964
3582970
2636919
1478296
3362902
2224412
1928086
2914477
2712714
3826314
3384130
3004179
5094103
3046072
2293120
1477948
3625606
4364857
4725535
3600468
3474420
2805381
3783528
2866907
2433777
3865338
3825759
1552997
2616797
3409753
2793716
3407929
3267550
1908885
2048634
2398755
3179204
2537525
2906221
3835516
3104982
3384291
3208088
2554220
4295983
2735306
1868818
1705840
4589331
3852834
4354847
2093228
3736862
3156173
4323276
4423185
2815244
1551241
2852479
4094038
3777070
3863830
3608453
3821196
2108350
4044856
1742340
3977453
4310701
4034247
3605969
2118349
2805545
2002223
3073636
2154201
3992698
2457036
4378318
2524643
2256422
2768461
2955973
3568497
3457648
4385126
1853483
3795303
3893032
1914671
2995124
3114908
3830940
2893089
4838668
2417404
3181128
3188426
3491029
2482127
3087843
4016839
3858269
1929075
3890395
2976806
4648296
3640386
1794007
3254964
3215313
4106081
4196146
4264341
2592885
4177840
3148608
2893525
1766394
4189469
4862407
2762289
2040252
4076282
3483602
4148623
3046793
3617350
3553390
3082658
3373340
4205282
2244046
3160343
3297470
3683186
3102035
2820787
2370099
3388124
3209888
4015786
2950301
