169.2808597087860107421875
165.0800487995147705078125
53.8602502346038818359375
169.312995433807373046875
175.031089305877685546875
166.6782321929931640625
167.085998058319091796875
175.8115489482879638671875
164.5295565128326416015625
167.298847198486328125
171.050167083740234375
166.646484375
167.0105974674224853515625
168.9311192035675048828125
167.8486731052398681640625
168.434646129608154296875
174.5614011287689208984375
172.14768886566162109375
162.3998558521270751953125
172.25113391876220703125
170.88822460174560546875
165.6735746860504150390625
161.4721834659576416015625
169.11725902557373046875
176.4970910549163818359375
170.398355007171630859375
160.15484619140625
173.504980564117431640625
164.8836209774017333984375
168.29621601104736328125
167.0334703922271728515625
164.152437686920166015625
173.14911937713623046875
164.849489688873291015625
163.5923216342926025390625
165.43766117095947265625
169.96024322509765625
174.471075534820556640625
172.7589590549468994140625
159.1238853931427001953125
167.684978961944580078125
165.6904957294464111328125
162.4565677642822265625
169.9395487308502197265625
169.5379765033721923828125
168.384511470794677734375
164.1959207057952880859375
167.029315948486328125
161.7382156848907470703125
169.2044975757598876953125
170.6100327968597412109375
165.3186466693878173828125
167.93631267547607421875
168.995783329010009765625
167.7311637401580810546875
164.8165667057037353515625
167.0267431735992431640625
172.430645465850830078125
174.3188660144805908203125
169.7069938182830810546875
169.940627574920625875165569595992565155029296875
168.0583050251007080078125
170.626341342926053812334430404007434844970703125
162.526245594024658203125
163.8740451335906982421875
160.482293605804443359375
162.3602807521820068359375
165.532466411590576171875
169.296268463134765625
165.8203742504119873046875
163.62969207763671875
168.4740540981292724609375
167.9986956119537353515625
163.6410992145538330078125
169.3280086517333984375
170.9118010997772216796875
172.499383449554443359375
167.0975539684295654296875
167.474277973175048828125
168.5720119476318359375
164.6692523956298828125
170.4273183345794677734375
168.71543788909912109375
169.6502330303192138671875
168.5789124965667724609375
171.2735612392425537109375
169.001837253570556640625
166.441771030426053812334430404007434844970703125
163.1906530857086181640625
170.527268886566162109375
165.5364491939544677734375
165.1796605587005615234375
169.3781826496124267578125
167.04517650604248046875
168.7165815830230712890625
172.8742702007293701171875
171.9599559307098388671875
172.170887470245361328125
171.81496143341064453125
169.536821842193603515625
170.77714824676513671875
170.7192356586456298828125
165.0677144527435302734375
175.512932777404813577959430404007434844970703125
165.517462253570556640625
167.6701281070709228515625
167.9127056598663330078125
166.9918234348297119140625
168.317653179168701171875
169.809326648712158203125
172.146858692169189453125
167.799994230270414163896930404007434844970703125
167.6458694934844970703125
168.3900487422943115234375
166.8770511150360107421875
163.3516466617584228515625
172.80445194244384765625
169.1615273952484130859375
168.103735446929931640625
171.2303597927093505859375
168.6021206378936767578125
163.500520229339599609375
165.59339237213134765625
163.5086872577667236328125
171.932302951812744140625
173.75764369964599609375
165.8011150360107421875
165.869682788848876953125
169.4922792911529541015625
164.67530536651611328125
165.050139904022216796875
168.9379460811614990234375
170.0513527393341064453125
167.6708414554595947265625
170.728048801422119140625
165.4599552154541015625
166.3944084644317626953125
172.5498044490814208984375
175.770035266876220703125
168.812351703643798828125
171.1713984012603759765625
172.055378437042236328125
170.7417032718658447265625
166.7003233432769775390625
163.81916046142578125
173.6675260066986083984375
166.16165924072265625
168.5433199405670166015625
173.441626071929931640625
164.077763080596923828125
165.1859104633331298828125
