0.97059762477874755859375
0.971969306468963623046875
0.99327862262725841180355246251565404236316680908203125
0.97033756971359241827457253748434595763683319091796875
0.96316647529602039679019753748434595763683319091796875
0.976959764957427978515625
0.96799224615097034796207253748434595763683319091796875
0.991757214069366455078125
0.97561627626419078485042746251565404236316680908203125
0.96528768539428722039730246251565404236316680908203125
0.967412173748016357421875
0.9907438755035400390625
0.976579368114471435546875
0.99084502458572398797542746251565404236316680908203125
0.96668320894241321905582253748434595763683319091796875
0.96526944637298583984375
0.98038619756698597296207253748434595763683319091796875
0.993757545948028564453125
0.961941182613372802734375
0.956358015537261962890625
0.9668695926666259765625
0.98416340351104736328125
0.988106429576873779296875
0.96275091171264637335269753748434595763683319091796875
0.9750201702117919921875
0.97085344791412364617855246251565404236316680908203125
0.98667049407958984375
0.99108982086181640625
0.9887230396270751953125
0.984900176525115966796875
0.98547971248626720086605246251565404236316680908203125
0.988613069057464599609375
0.96323662996292125360042746251565404236316680908203125
0.98785674571990955694644753748434595763683319091796875
0.995876729488372802734375
0.98838627338409423828125
0.98245501518249522820980246251565404236316680908203125
0.96550816297531116827457253748434595763683319091796875
0.9733295440673828125
0.957993805408477783203125
0.9785072803497314453125
0.99388521909713756219417746251565404236316680908203125
0.9709236621856689453125
0.96690213680267322882144753748434595763683319091796875
0.9672448635101318359375
0.98054552078247081414730246251565404236316680908203125
0.990993440151214599609375
0.9709541797637939453125
0.95697665214538563116519753748434595763683319091796875
0.96678251028060924188167746251565404236316680908203125
0.97845298051834117547542746251565404236316680908203125
0.97325992584228515625
0.964458048343658447265625
0.98801267147064197882144753748434595763683319091796875
0.980668246746063232421875
0.991005480289459228515625
0.98313510417938243524105246251565404236316680908203125
0.97122359275817882195980246251565404236316680908203125
0.96431314945220958367855246251565404236316680908203125
0.991618692874908447265625
0.98977792263030994757144753748434595763683319091796875
0.982091426849365234375
0.945259749889373779296875
0.97690290212631236688167746251565404236316680908203125
0.971860349178314208984375
0.98218786716461181640625
0.96821504831314075811832253748434595763683319091796875
0.9907333850860595703125
0.964053094387054443359375
0.97091007232666015625
0.994017660617828369140625
0.971307575702667236328125
0.98916506767272960320980246251565404236316680908203125
0.98265117406845081671207253748434595763683319091796875
0.968258321285247802734375
0.9718844890594482421875
0.963911831378936767578125
0.96132868528366077764957253748434595763683319091796875
0.971515834331512451171875
0.97639560699462879522769753748434595763683319091796875
0.983510792255401611328125
0.9878699779510498046875
0.95814472436904918328792746251565404236316680908203125
0.986511707305908203125
0.9749848842620849609375
0.96012675762176524774105246251565404236316680908203125
0.992030560970306396484375
0.97707873582839954718082253748434595763683319091796875
0.966854870319366455078125
0.96997833251953125
0.95933902263641357421875
0.99037116765975963250667746251565404236316680908203125
0.972319543361663818359375
0.956198632717132568359375
0.9899766445159912109375
0.99566864967346202508480246251565404236316680908203125
0.97366678714752197265625
0.96070319414138805047542746251565404236316680908203125
0.99237966537475597039730246251565404236316680908203125
0.95888203382492076531917746251565404236316680908203125
0.98869186639785755499332253748434595763683319091796875
0.98976570367813121453792746251565404236316680908203125
0.961063563823699951171875
0.986196815967559814453125
0.99182158708572398797542746251565404236316680908203125
0.96127605438232421875
0.9808280467987060546875
0.978087484836578369140625
0.96385091543197642938167746251565404236316680908203125
0.958652913570404052734375
0.973269999027252197265625
0.95981013774871837274105246251565404236316680908203125
0.990900337696075439453125
0.98931330442428599969417746251565404236316680908203125
0.95400923490524280889957253748434595763683319091796875
0.96607601642608642578125
0.99235630035400401727230246251565404236316680908203125
0.967777788639068603515625
0.99339544773101795538394753748434595763683319091796875
0.97415387630462635382144753748434595763683319091796875
0.958938896656036376953125
0.965255439281463623046875
0.99110907316207874639957253748434595763683319091796875
0.9927160739898681640625
0.958622515201568603515625
0.977854788303375244140625
0.993260085582733154296875
0.96393615007400523797542746251565404236316680908203125
0.96252703666687000616519753748434595763683319091796875
0.976075112819671630859375
0.970801413059234619140625
0.96816241741180419921875
0.99435222148895263671875
0.968435585498809814453125
0.982430994510650634765625
0.991814553737640380859375
0.964823424816131591796875
0.96169000864028919561832253748434595763683319091796875
0.9874515533447265625
0.951441109180450439453125
0.98553931713104236944644753748434595763683319091796875
0.98314940929412841796875
0.99227017164230357781917746251565404236316680908203125
0.97471332550048839227230246251565404236316680908203125
0.97982662916183482781917746251565404236316680908203125
0.97808706760406483038394753748434595763683319091796875
0.9802477359771728515625
0.98232424259185802117855246251565404236316680908203125
0.98026317358016956671207253748434595763683319091796875
0.98264896869659423828125
0.98925083875656116827457253748434595763683319091796875
