169.701145172119140625
165.1068322658538818359375
52.930242061614990234375
169.4389040470123291015625
174.7711431980133056640625
166.7496321201324462890625
167.999335765838623046875
176.0557420253753662109375
164.696897983551053812334430404007434844970703125
168.0064327716827392578125
172.274758815765380859375
166.583322048187255859375
167.004577159881591796875
169.3390233516693115234375
167.8328483104705810546875
168.4380342960357666015625
174.5340945720672607421875
173.0677525997161865234375
162.5218257904052734375
172.1594789028167724609375
170.8269541263580322265625
166.58383655548095703125
161.71836376190185546875
168.6112277507781982421875
177.428638935089111328125
167.518404722213773538896930404007434844970703125
161.09646892547607421875
174.4589703083038330078125
164.8658199310302734375
168.2157442569732666015625
167.131024837493896484375
164.2628421783447265625
172.9877948760986328125
164.4667732715606689453125
163.270313739776611328125
165.917758941650390625
169.4466230869293212890625
176.468419551849365234375
172.58412933349609375
158.5009405612945556640625
167.7117664813995361328125
165.1445090770721435546875
162.3416841030120849609375
170.1406738758087158203125
169.37042331695556640625
169.433749675750732421875
164.730429172515869140625
167.6400649547576904296875
161.2007715702056884765625
169.200932025909423828125
171.3093166351318359375
165.8304026126861572265625
168.243009090423583984375
169.166391849517822265625
167.7711422443389892578125
165.2212555408477783203125
167.182724714279146382978069595992565155029296875
173.9307868480682373046875
173.2473671436309814453125
169.302341461181640625
169.9866173267364501953125
168.53843212127685546875
170.3106615543365478515625
161.545652866363525390625
163.9981467723846435546875
161.0138263702392578125
162.0139992237091064453125
165.5996532440185546875
170.113607883453369140625
166.2348082065582275390625
163.5813758373260498046875
167.34503936767578125
168.2412624359130859375
163.49683666229248046875
172.35340404510498046875
171.316627979278564453125
172.1782648563385009765625
167.6082546710968017578125
166.8916022777557373046875
168.6197283267974853515625
164.395164966583251953125
171.113699436187744140625
168.790119171142578125
170.7802698612213134765625
168.488615512847900390625
171.897823333740234375
168.967723846435546875
166.8712174892425537109375
162.41604518890380859375
170.2038147449493408203125
165.449860095977783203125
164.9391210079193115234375
170.07969188690185546875
167.18317508697509765625
168.84054851531982421875
172.6194057464599609375
171.8846795558929443359375
172.119527339935302734375
171.6918652057647705078125
169.3921337127685546875
171.10558032989501953125
169.5988006591796875
165.1083619594573974609375
174.2081248760223388671875
166.50786495208740234375
167.6659076213836669921875
169.0505483150482177734375
167.7426202297210693359375
169.2169964313507080078125
169.6610529422760009765625
171.7112071514129638671875
166.5072152614593505859375
167.968282222747802734375
168.260633945465087890625
167.3920128345489501953125
163.8777267932891845703125
172.7646129131317138671875
170.5878489017486572265625
166.893849849700927734375
170.6642322540283203125
168.69122028350830078125
163.5921154022216796875
165.4174747467041015625
162.71507358551025390625
171.9793155193328857421875
172.7225863933563232421875
166.211128711700439453125
165.6586792469024658203125
169.353762149810791015625
164.2284905910491943359375
164.3627779483795166015625
168.2059123516082763671875
170.2076089382171630859375
168.0936920642852783203125
170.0630939006805419921875
165.4498174190521240234375
166.8214461803436279296875
172.31501102447509765625
175.5675423145294189453125
169.3428342342376708984375
171.617508411407470703125
171.9683125019073486328125
170.5554549694061279296875
166.3346850872039794921875
163.69202327728271484375
173.8996298313140869140625
167.6145675182342529296875
169.84550571441650390625
173.3951957225799560546875
164.274747371673583984375
164.8095033168792724609375
