43.584274
64.42063
59.557636
60.85682
56.526695
60.238235
58.550335
59.566948
57.27971
28.782259
60.01566
42.018635
65.384636
62.571434
45.667492
38.759804
66.52246
56.134224
50.196793
59.216995
49.907585
54.654297
36.791756
39.30504
53.123787
54.812836
38.970295
69.91745
53.064484
50.34182
43.77086
38.371574
45.007282
62.083134
48.047665
40.11114
41.044975
54.66165
48.595123
39.038956
47.184544
54.74516
41.06975
74.97928
37.644604
45.32705
60.50682
37.416695
35.438908
81.98161
51.935005
42.508286
58.83868
49.35282
44.172337
45.902206
79.019264
40.020184
52.09382
36.20298
29.861975
59.626183
57.237434
36.392944
66.85047
63.00019
64.49243
41.099434
72.60133
39.98563
57.222908
57.82397
49.322388
50.686142
44.260292
41.020134
59.915367
51.335037
49.678486
54.50383
47.068455
54.116577
81.43782
44.736244
42.936577
62.55157
55.832153
77.39272
36.81704
37.92562
52.497097
36.9543
47.46926
65.60119
40.267933
55.97528
30.978731
54.97769
49.520645
40.889572
46.11003
43.72873
50.963642
41.475456
52.51809
74.701195
50.183914
56.2764
55.83989
44.139473
61.664402
41.179466
42.889534
41.73197
45.63149
43.23563
66.30816
34.348454
48.66029
54.512917
52.413887
42.532524
58.77095
41.22966
46.55098
57.751892
58.893806
56.13597
41.72605
52.050205
47.61927
64.01254
69.551636
49.880516
43.245674
48.25181
38.802155
64.968185
60.19329
48.82879
48.278206
39.19504
45.227066
35.348785
59.816826
35.79709
40.676926
63.249043
63.388138
56.96275
33.5264
