-7.1429273512123803158146984060294926166534423828125
-8.0262184893517289907549638883210718631744384765625
-7.58832653836275827785584624507464468479156494140625
-6.7652456550985622385496753850020468235015869140625
-6.58447299472096148065247689373791217803955078125
-7.966762372991670559940757812000811100006103515625
-7.93594320431576871754941748804412782192230224609375
-7.31625206352690948818917604512535035610198974609375
-6.085848385423094697443957556970417499542236328125
-4.246823497878150277529130107723176479339599609375
-6.57200104986142985552532991277985274791717529296875
-7.250792677977329958594054915010929107666015625
-6.737612153952039051318934070877730846405029296875
-6.3117992381085006314833663054741919040679931640625
-7.3738966486742842931789709837175905704498291015625
-7.66892110064730303520263987593352794647216796875
-8.0197061201903050431383235263638198375701904296875
-7.7740386268256447266367104020901024341583251953125
-7.54215383872233946505048152175731956958770751953125
-5.69723708759719738026205959613434970378875732421875
-7.77949111803088211303247589967213571071624755859375
-7.68297749776865668280834142933599650859832763671875
-7.016989243446172253015902242623269557952880859375
-6.6643569647221188034791339305229485034942626953125
-7.08226858436300954480202562990598380565643310546875
-6.81793986727461476249345651012845337390899658203125
-6.8263776284646073833073387504555284976959228515625
-6.786324186541303760122900712303817272186279296875
-7.44716541827008438048096650163643062114715576171875
-6.4937251275886165302608787897042930126190185546875
-7.1729669057349809691004338674247264862060546875
-6.05607853110239258143110419041477143764495849609375
-7.79376436381485060422846800065599381923675537109375
-7.40795080530724536771458588191308081150054931640625
-7.43943866448047597117465556948445737361907958984375
-7.60184093451726994317141361534595489501953125
-8.3704763456196786819418775849044322967529296875
-7.8374454038203555938935096492059528827667236328125
-6.92074086823844059068733258754946291446685791015625
-8.0987224272041462569404757232405245304107666015625
-5.508897048766190351898330845870077610015869140625
-7.95556776075447569240850498317740857601165771484375
-6.61275247457311277088365386589430272579193115234375
-6.8745402237179344950845916173420846462249755859375
-7.6561887144289482165504523436538875102996826171875
-7.321818327594119324430721462704241275787353515625
-7.70326410219001100898594813770614564418792724609375
-7.6894537628186423461329468409530818462371826171875
-7.91580399354616215390478828339837491512298583984375
-7.17106710532769131560826281202025711536407470703125
-8.05344996089336717659534770064055919647216796875
-7.42740217864637930489379868959076702594757080078125
-7.49626371740395125442546486738137900829315185546875
-7.4319108278713930104686369304545223712921142578125
-5.92586965433455503671211772598326206207275390625
-6.26361447433149454155909552355296909809112548828125
-7.41341558868139571814026567153632640838623046875
-7.55315302965741519614084609202109277248382568359375
-7.67341391070063760793118490255437791347503662109375
-7.75586798519685505226561872405000030994415283203125
-6.4362746715890946092031299485825002193450927734375
-7.11476287175167954046628437936305999755859375
-7.59944497057909007509124421630986034870147705078125
-6.62610104417559053757713627419434487819671630859375
-7.1557059871639996373460235190577805042266845703125
-8.0487987657854009881930323899723589420318603515625
-7.0676895456209223311816458590328693389892578125
-8.1222396496640385521459393203258514404296875
-6.0992984625314523583483605762012302875518798828125
-8.20496378930484837610492832027375698089599609375
-6.77960241828197940350264616427011787891387939453125
-7.74062460114515982212424205499701201915740966796875
-8.2348376585925979753710635122843086719512939453125
-8.067321969703936446194347809068858623504638671875
-7.0906965134193473687673758831806480884552001953125
-7.24954972071989089954513474367558956146240234375
-7.63728790385995015554954079561866819858551025390625
-6.4450444153173425121394757297821342945098876953125
-7.43299420872282468053526827134191989898681640625
-7.45105998164911653702802141197025775909423828125
-7.4849315944705505643241849611513316631317138671875
-7.1763858683014607464656364754773676395416259765625
-7.94981570638743750834009915706701576709747314453125
-6.7283445003587711852333086426369845867156982421875
-7.171583051152939702888033934868872165679931640625
-8.1702902131877248592672913218848407268524169921875
-7.50650548184859989220285569899715483188629150390625
-8.018084495032798741931401309557259082794189453125
-7.511082028375057006996939890086650848388671875
-6.93567963318485869450569225591607391834259033203125
-6.77120222121147197213986146380193531513214111328125
-7.38174223400702800290673621930181980133056640625
-8.20219152060239053980694734491407871246337890625
-7.46982579936898272165990420035086572170257568359375
-6.80257453393702338217963188071735203266143798828125
-8.298450677137982012254724395461380481719970703125
-7.78036540187957914582739249453879892826080322265625
-6.12596518495709307927654663217253983020782470703125
-7.31519664822544957161198908579535782337188720703125
-7.09404942165203333814815778168849647045135498046875
-7.66926203970915754126735919271595776081085205078125
-7.54103880239294266374372455175034701824188232421875
-7.57085611022368443201457921531982719898223876953125
-7.14556329309509319358539869426749646663665771484375
-7.772332886363866322199100977741181850433349609375
-6.24678796037380035244268583483062684535980224609375
-6.97239428189183652051497119828127324581146240234375
-6.70209930210760962410176944104023277759552001953125
-7.168898361454655088209619862027466297149658203125
-7.6812237256094153536878366139717400074005126953125
-6.804061800534260129325048183090984821319580078125
-6.35437771087373359790717586292885243892669677734375
-7.21063719978910189212228942778892815113067626953125
-8.2419917383983527514601519214920699596405029296875
-7.69703093430026275001409885589964687824249267578125
-7.30910095616381649819004451273940503597259521484375
-8.4679066744525695042966617620550096035003662109375
-7.77314249720302807844518611091189086437225341796875
-7.954887982224615683435331447981297969818115234375
-7.5078112926772728741298124077729880809783935546875
-7.6509811168158616823120610206387937068939208984375
-6.9193678218936600643473866512067615985870361328125
-7.1713661464281361901385025703348219394683837890625
-6.9086766611852485908684684545733034610748291015625
-7.4529773222611570560047766775824129581451416015625
-8.3473421842999950825969790457747876644134521484375
-7.79600011797557979065231847926042973995208740234375
-6.79322141304670257255793330841697752475738525390625
-7.69255344973959598320334407617338001728057861328125
-5.9667043350974235949024659930728375911712646484375
-8.2270225074815872545741513022221624851226806640625
-7.4441881786816335164758129394613206386566162109375
-6.280503554482979922113372595049440860748291015625
-5.70073944108070751468630987801589071750640869140625
-8.1234979785802163831931466120295226573944091796875
-6.4757190512211177946255702408961951732635498046875
-7.31889949313569587729944032616913318634033203125
-7.34154039710234229687557672150433063507080078125
-7.72464400804491280183583512553013861179351806640625
-7.59004897851424065180481193237937986850738525390625
-7.60010005305649460893846480757929384708404541015625
-6.72855039427686829611729990574531257152557373046875
-6.24646561319420445812511388794519007205963134765625
-6.83771608243542505789491769974119961261749267578125
-5.8679374344386570072629183414392173290252685546875
-6.76505797729120761374588255421258509159088134765625
-7.5795977963784171294037150801159441471099853515625
-6.45937291719557382663197131478227674961090087890625
-7.09730134515742605572086176835000514984130859375
-7.59769524757140235493579893955029547214508056640625
-7.653186820172745541412950842641294002532958984375
