83.7349452972412109375
84.1493785381317138671875
84.1635282039642333984375
86.840076446533203125
86.6072976589202880859375
83.4266293048858642578125
83.691551685333251953125
83.031798839569091796875
84.590822696685791015625
84.8216037750244140625
82.6942946910858154296875
84.658730983734130859375
84.3264448642730712890625
84.1889445781707763671875
84.8665316104888916015625
85.136818408966064453125
83.61875057220458984375
84.0549533367156982421875
83.5543577671051025390625
84.4549272060394287109375
84.022494792938232421875
82.0201466083526611328125
81.976858615875244140625
85.923199176788330078125
83.873633861541748046875
84.3112504482269287109375
86.1429054737091064453125
88.30107975006103515625
88.3628787994384765625
85.1565120220184326171875
84.564843654632568359375
86.9236934185028076171875
83.9175870418548583984375
83.7999732494354248046875
84.12427997589111328125
86.343224048614501953125
85.4481456279754638671875
86.75215244293212890625
83.17285442352294921875
84.25191211700439453125
84.971221446990966796875
85.400355815887451171875
83.403999805450439453125
85.536915302276611328125
85.7255687713623046875
83.8668887615203857421875
89.7138655185699462890625
83.1674277782440185546875
82.486525058746337890625
82.5842144489288330078125
85.8124001026153564453125
82.7259042263031005859375
81.921409130096435546875
83.255087375640869140625
83.661364078521728515625
84.4557335376739501953125
83.374132633209228515625
83.5768482685089111328125
82.741969585418701171875
84.671968936920166015625
83.433472156524658203125
83.8903896808624267578125
84.4896543025970458984375
84.624523639678955078125
83.1098763942718505859375
83.3235661983489990234375
82.5530393123626708984375
85.3043253421783447265625
84.9821684360504150390625
83.983898639678955078125
84.1403329372406005859375
85.719177722930908203125
85.1632158756256103515625
85.5588748455047607421875
85.68720149993896484375
85.11254978179931640625
84.91609859466552734375
83.8488461971282958984375
84.7851650714874267578125
83.8772680759429931640625
83.98548984527587890625
84.0157413482666015625
83.882083892822265625
85.077301502227783203125
488.920285701751708984375
84.7666757106781005859375
83.90359973907470703125
84.1258699893951416015625
83.48320102691650390625
83.868267059326171875
84.1513621807098388671875
83.2371981143951416015625
81.3910000324249267578125
83.7450504302978515625
84.0694978237152099609375
84.889537811279296875
85.0670278072357177734375
85.3487818241119384765625
86.7113780975341796875
86.350666522979736328125
84.465910434722900390625
85.30953884124755859375
82.7651674747467041015625
83.10484790802001953125
87.41479587554931640625
85.55118846893310546875
84.9871046543121337890625
83.593824863433837890625
83.899291515350341796875
83.9121658802032470703125
84.5901510715484619140625
83.7348744869232177734375
85.48499584197998046875
85.01345348358154296875
83.1557109355926513671875
83.405315876007080078125
82.348595142364501953125
82.76011562347412109375
84.92798328399658203125
82.55219364166259765625
82.094827175140380859375
86.597942352294921875
86.6667978763580322265625
85.27361392974853515625
84.89693737030029296875
83.706001758575439453125
85.7206637859344482421875
85.0904560089111328125
81.7001054286956787109375
82.0099847316741943359375
83.8096044063568115234375
84.0872724056243896484375
83.7347300052642822265625
85.33405971527099609375
85.23990535736083984375
84.60125255584716796875
85.1222400665283203125
84.95316028594970703125
82.8263518810272216796875
85.402658939361572265625
91.5661544799804829608547152020037174224853515625
91.0558445453643798828125
85.149013996124267578125
85.09966278076171875
84.823063373565673828125
85.194765567779541015625
83.7581546306610107421875
85.4130542278289794921875
85.8136341571807861328125
85.5799808502197265625
85.55280303955078125
