0.98650562763214111328125
0.98520267009735107421875
0.998303472995758056640625
0.9817092418670654296875
0.998853385448455810546875
0.9873993396759033203125
0.981452167034149169921875
0.99633884429931640625
0.982325077056884765625
0.98593032360076904296875
0.9846107959747314453125
0.99180328845977783203125
0.984539091587066650390625
0.958182513713836669921875
0.9890210628509521484375
0.988090693950653076171875
0.990094244480133056640625
0.998050153255462646484375
0.976199448108673095703125
0.97826731204986572265625
0.973478019237518310546875
0.971358358860015869140625
0.960442245006561279296875
0.962978839874267578125
0.98804676532745361328125
0.98705005645751953125
0.973983108997344970703125
0.96113407611846923828125
0.945627629756927490234375
0.969340145587921142578125
0.9706408977508544921875
0.974858939647674560546875
0.975840628147125244140625
0.96170711517333984375
0.9934175014495849609375
0.970666468143463134765625
0.99176800251007080078125
0.984024524688720703125
0.970834314823150634765625
0.992339670658111572265625
0.983511626720428466796875
0.9952375888824462890625
0.980170547962188720703125
0.9814627170562744140625
0.98441278934478759765625
0.99637806415557861328125
0.976656496524810791015625
0.98634874820709228515625
0.984560072422027587890625
0.973114430904388427734375
0.981906414031982421875
0.985607624053955078125
0.9787862300872802734375
0.9950191974639892578125
0.980042278766632080078125
0.992769658565521240234375
0.990139186382293701171875
0.97748553752899169921875
0.980684578418731689453125
0.9376981258392333984375
0.995576918125152587890625
0.985103070735931396484375
0.968000590801239013671875
0.9799511432647705078125
0.98081481456756591796875
0.950715541839599609375
0.986516296863555908203125
0.951609313488006591796875
0.99921882152557373046875
0.9981327056884765625
0.965884983539581298828125
0.991394221782684326171875
0.997592508792877197265625
0.993010818958282470703125
0.984677255153656005859375
0.987013280391693115234375
0.989262521266937255859375
0.97522532939910888671875
0.9826452732086181640625
0.988588511943817138671875
0.975660622119903564453125
0.99569714069366455078125
0.981027781963348388671875
0.977317154407501220703125
0.991199195384979248046875
0.9856374263763427734375
0.9935410022735595703125
0.98130285739898681640625
0.972851693630218505859375
0.99873828887939453125
0.97366416454315185546875
0.98884904384613037109375
0.982508599758148193359375
0.983213961124420166015625
0.971768081188201904296875
0.975818932056427001953125
0.985191762447357177734375
0.976097643375396728515625
0.992793560028076171875
0.979452669620513916015625
0.99561536312103271484375
0.996526062488555908203125
0.981774508953094482421875
0.99022781848907470703125
0.9954707622528076171875
0.966181814670562744140625
0.973321735858917236328125
0.98266732692718505859375
0.9764912128448486328125
0.968059957027435302734375
0.98288631439208984375
0.984656870365142822265625
0.992726624011993408203125
0.989599883556365966796875
0.998313128948211669921875
0.99521219730377197265625
0.994990825653076171875
0.98545742034912109375
0.98439252376556396484375
0.981342256069183349609375
0.966399967670440673828125
0.998962581157684326171875
0.995386600494384765625
0.99554431438446044921875
0.993662774562835693359375
0.991156160831451416015625
0.9753029346466064453125
0.997878253459930419921875
0.969049394130706787109375
0.987008273601531982421875
0.978257656097412109375
0.97951495647430419921875
0.997640907764434814453125
0.993649959564208984375
0.960623204708099365234375
0.994518935680389404296875
0.977202594280242919921875
0.96976816654205322265625
0.997016429901123046875
0.97153961658477783203125
0.973532974720001220703125
0.9889471530914306640625
0.97786426544189453125
0.980486214160919189453125
0.996037900447845458984375
0.99566853046417236328125
0.997533857822418212890625
0.96323680877685546875
0.990361690521240234375
0.98673248291015625
0.989616096019744873046875
