-0.168003885261714447363345925623434595763683319091796875
-0.195093325972557074532431897750939242541790008544921875
-0.19416097491979600331291067050187848508358001708984375
-0.1827274414524436008111507590001565404236316680908203125
-0.1793860485404729920855260161260957829654216766357421875
-0.1849657959118485572869161615017219446599483489990234375
-0.20031297869980335679684912975062616169452667236328125
-0.1801425653696060169561832253748434595763683319091796875
-0.1940805008262395936480260161260957829654216766357421875
-0.1800819966942071859161700331242172978818416595458984375
-0.1840966276079416263922183816248434595763683319091796875
-0.1988593610376119535931849213739042170345783233642578125
-0.1807745872810483100945333490017219446599483489990234375
-0.1903315403312444697991878683751565404236316680908203125
-0.1970542526990175236090152566248434595763683319091796875
-0.1920160883292555686896463384982780553400516510009765625
-0.188701532371342184379869877375313080847263336181640625
-0.18528888642787932905520165149937383830547332763671875
-0.1919407517090439829754444645004696212708950042724609375
-0.1926270926743745837139698551254696212708950042724609375
-0.1919404269009828689629415521267219446599483489990234375
-0.20429156173020601716672217662562616169452667236328125
-0.189501267336308953925794185124686919152736663818359375
-0.1911561712995171469220423432489042170345783233642578125
-0.1892760486528277386053531472498434595763683319091796875
-0.196651718281209475502890882125939242541790008544921875
-0.192835333123803132071572008499060757458209991455078125
-0.1959681317955255519525081808751565404236316680908203125
-0.2002436301857233036383121316248434595763683319091796875
-0.18586672715842722514167917324812151491641998291015625
-0.1900120954588055688372350005010957829654216766357421875
-0.198383449986577031776135981999686919152736663818359375
-0.1872889724746346351569314947482780553400516510009765625
-0.19346203781664372822746145175187848508358001708984375
-0.1819871161878109100396017083767219446599483489990234375
-0.1969999968633055764666295317510957829654216766357421875
-0.193381204679608342811292231999686919152736663818359375
-0.19135472144931553462043893887312151491641998291015625
-0.1931334627047181229375638622514088638126850128173828125
-0.188951402716338645593197043126565404236316680908203125
-0.19602404545992613282834327037562616169452667236328125
-0.19902698170393706700309621737687848508358001708984375
-0.17483985807746649232541358287562616169452667236328125
-0.17022482898086310765251027987687848508358001708984375
-0.198949099928140638038343013249686919152736663818359375
-0.18818535782396794697746145175187848508358001708984375
-0.2069784619286656468517549001262523233890533447265625
-0.1962552321702241975298619536260957829654216766357421875
-0.1884444602578878302789888721235911361873149871826171875
-0.190048383027315137550061763249686919152736663818359375
-0.1947596813365816970087252002485911361873149871826171875
-0.1944892045482993214733369313762523233890533447265625
-0.1999131589382886764472146978732780553400516510009765625
-0.1955564600974321332049754573745303787291049957275390625
-0.1950851524248719270904217637507827021181583404541015625
-0.180037216097116481439144308751565404236316680908203125
-0.183074839115142828926963147750939242541790008544921875
-0.19355490863323210337654245449812151491641998291015625
-0.190089507550001146629625736750313080847263336181640625
-0.1919031272083520922588917301254696212708950042724609375
-0.1764517972245812360565508924992172978818416595458984375
-0.1936224058642983525402314626262523233890533447265625
-0.1880480823665857392779088286260957829654216766357421875
-0.1812305206060409457080595529987476766109466552734375
-0.182879019007086751624768794499686919152736663818359375
-0.187721317820250976904361550623434595763683319091796875
-0.193034914731979367896741450749686919152736663818359375
-0.191318529024720185294228258499060757458209991455078125
-0.1898527973890304643145299223760957829654216766357421875
-0.2057993787154555331841976340001565404236316680908203125
-0.1850938236713409457134815738754696212708950042724609375
-0.19902372092008591142331397350062616169452667236328125
-0.190360550470650202736777600875939242541790008544921875
-0.19929899614304302790657175137312151491641998291015625
-0.1917650232464075121807667301254696212708950042724609375
-0.182970399782061587945491965001565404236316680908203125
-0.1977587340027093798511259592487476766109466552734375
-0.1856468122825026545452686832504696212708950042724609375
-0.1957062775269150789458905137507827021181583404541015625
-0.2015940757468342725555743299992172978818416595458984375
-0.177174737155437467261975825749686919152736663818359375
-0.1809831447154283401435037603732780553400516510009765625
-0.1948647304251790168816427240017219446599483489990234375
-0.1905847079306840774481912603732780553400516510009765625
-0.185951173491775978430240456873434595763683319091796875
-0.1970350812003016371942720752485911361873149871826171875
-0.1932234890013933281682767528764088638126850128173828125
-0.1847050441056490022173619536260957829654216766357421875
-0.19881112374365328410164011074812151491641998291015625
-0.1951546678692102354535364838739042170345783233642578125
-0.19233234144747257676755225475062616169452667236328125
-0.18281534280627964594856393887312151491641998291015625
-0.19680015288293362107907569225062616169452667236328125
-0.1918324609473347763799466747514088638126850128173828125
-0.182560843229293834344417746251565404236316680908203125
-0.1858865051344037178093770990017219446599483489990234375
-0.19929321296513080596923828125
-0.194635920748114588096910893000313080847263336181640625
-0.18847511708736419677734375
-0.1999194487184286217473783153764088638126850128173828125
-0.2414606418088078576555943755010957829654216766357421875
-0.1869696025550365570122579583767219446599483489990234375
-0.190254152454435832009238538375939242541790008544921875
-0.1788924942165613096722864838739042170345783233642578125
-0.19486943226307629206672800137312151491641998291015625
-0.1863378322124481234478565738754696212708950042724609375
-0.18978870391845703569089209850062616169452667236328125
-0.1576409632340073641021405137507827021181583404541015625
-0.175555325858294974938900168126565404236316680908203125
-0.2031383788958191771722994189985911361873149871826171875
-0.1805472150072455483904576567510957829654216766357421875
-0.166240597665309908226305424250313080847263336181640625
-0.195581540651619423254459206873434595763683319091796875
-0.1926073774322867304675810373737476766109466552734375
-0.173387105986475942298596919499686919152736663818359375
-0.189989731013774865164833727249060757458209991455078125
-0.1963372343033552291924337396267219446599483489990234375
-0.2007810134440660421173419081242172978818416595458984375
-0.196319373138248931542904074376565404236316680908203125
-0.188356203325092785849648180374060757458209991455078125
-0.1924629736691713388641034043757827021181583404541015625
-0.1910913188382983296520478688762523233890533447265625
-0.1849250351265072922490872997514088638126850128173828125
-0.1952228304371237677106165619989042170345783233642578125
-0.186126759909093386635703382125939242541790008544921875
-0.1932544437423348304694314947482780553400516510009765625
-0.1745642490312457051349070979995303787291049957275390625
-0.1896952204778790396222376557489042170345783233642578125
-0.1971229288354515996051219417495303787291049957275390625
-0.1894629106298089116222627126262523233890533447265625
-0.156690174899995315893619363123434595763683319091796875
-0.1846575316414237055706593082504696212708950042724609375
-0.1749964661151170719488590066248434595763683319091796875
-0.18082390528172254118288719837437383830547332763671875
-0.1939406254887580949297642973760957829654216766357421875
-0.168145019039511678382581294499686919152736663818359375
-0.1863652383163571235602518072482780553400516510009765625
-0.188527588322758676842028080500313080847263336181640625
-0.1784999826550483781328892973760957829654216766357421875
-0.19921680342406034025515282337437383830547332763671875
-0.192072040103375918373984632125939242541790008544921875
-0.186600776575505722387759988123434595763683319091796875
-0.196365475133061406776135981999686919152736663818359375
-0.18926835279911757847770559237687848508358001708984375
-0.1860265396907925528058314057489042170345783233642578125
-0.186331834122538564368909419499686919152736663818359375
-0.182230388335883619621569096125313080847263336181640625
-0.1986744515970349234113001557489042170345783233642578125
-0.1918580237776041086394940293757827021181583404541015625
-0.19759685579687358281120168612687848508358001708984375
-0.1871152628213167135040606581242172978818416595458984375
