0.34651360754781090900422668710234574973583221435546875
0.359956013387942308501266097664483822882175445556640625
0.371738113290220884010750523884780704975128173828125
0.38966011870958527918418212721007876098155975341796875
0.354902674488877523106822309273411519825458526611328125
0.343141845001179002228042236311011947691440582275390625
0.360216153960991214422193706923280842602252960205078125
0.399494556139891709989342416520230472087860107421875
0.310384595704478793987135532006504945456981658935546875
0.364779322755900192731814968283288180828094482421875
0.315834590776287116309362090760259889066219329833984375
0.396539864906373384911830726196058094501495361328125
0.394799888616693406273583377696922980248928070068359375
0.375956998827839894428137768045417033135890960693359375
0.3517716945061371003333761109388433396816253662109375
0.37163913049728380944003447439172305166721343994140625
0.36044264060927400095124539802782237529754638671875
0.3848349153853882764764193780138157308101654052734375
0.38449083401078787414206772155012004077434539794921875
0.34468429084819607322032197771477513015270233154296875
0.399132189953340599242181951922248117625713348388671875
0.389217069662139592001182109015644527971744537353515625
0.4082615839799839108081869198940694332122802734375
0.366995424281868098947967382628121413290500640869140625
0.347535051810647310777113716540043242275714874267578125
0.336440083741132822670039104195893742144107818603515625
0.360232385628415807676816484672599472105503082275390625
0.370122866008206707899574894327088259160518646240234375
0.382286227822580315649503290842403657734394073486328125
0.31578590500623537895563686106470413506031036376953125
0.36902162472340160892514404622488655149936676025390625
0.3515690217623557156656488587032072246074676513671875
0.33523923634115238012753934526699595153331756591796875
0.355714946543342513951557748441700823605060577392578125
0.360356388194886301246100401840521953999996185302734375
0.33637360811435790264312117869849316775798797607421875
0.330533084405220112245160635211504995822906494140625
0.374004123321643788813162245787680149078369140625
0.346610865426516812082269325401284731924533843994140625
0.397849031281981513341605705136316828429698944091796875
0.364023754369739827030372225635801441967487335205078125
0.362373357365373516270068421363248489797115325927734375
0.322485028835104492461738345809862948954105377197265625
0.30898509158054132672788227864657528698444366455078125
0.383385644817067383627318122307769954204559326171875
0.35683947890256162427391473102034069597721099853515625
0.37753950995940088741775753078400157392024993896484375
0.3568797546835533740505752575700171291828155517578125
0.3585837648623833029404295302811078727245330810546875
0.35646616818500798107294258443289436399936676025390625
0.374904132489578600928581408879836089909076690673828125
0.390066008280285203557724571510334499180316925048828125
0.37324180053243172228150115188327617943286895751953125
0.337594315801730104897870887725730426609516143798828125
0.3615724823847747959604248535470105707645416259765625
0.39793599992093231509926454236847348511219024658203125
0.3456105479782463074656106982729397714138031005859375
0.414094645621930712575675670450436882674694061279296875
0.36059391947927210697599775812705047428607940673828125
0.433048722440133093680714182482915930449962615966796875
0.368853794975619819762613360580871812999248504638671875
0.38003023681676262324202753006829880177974700927734375
0.3420308851874060973585756073589436709880828857421875
0.368484641321880079800621388130821287631988525390625
0.379087289163968998995102310800575651228427886962890625
0.438270590125455383745389781324774958193302154541015625
0.37103071538775200810533760886755771934986114501953125
0.37335614347108159183363795818877406418323516845703125
0.36680853916937739001014051609672605991363525390625
0.36603596302387819694246218205080367624759674072265625
0.380552103073361625007464681402780115604400634765625
0.340344677182345789479001041399897076189517974853515625
0.350765631673709610272027248356607742607593536376953125
0.339283778653676704184505297234863974153995513916015625
0.3609177451112530743415618417202495038509368896484375
0.326981844393092302425429807044565677642822265625
0.337829514505345873676134260676917620003223419189453125
0.378762016442711402230969497395562939345836639404296875
0.34206430606741211608579078529146499931812286376953125
0.36921118106562988980812178851920180022716522216796875
0.38898971392455827800205270250444300472736358642578125
0.32597732576192151032756783024524338543415069580078125
0.3730960244043168838601332026883028447628021240234375
0.37626393313558847975031085297814570367336273193359375
0.342404880705419800701605481663136743009090423583984375
0.363915103124508088061617172570549882948398590087890625
0.403501563981364885780322993014124222099781036376953125
0.3530777530206627989883827467565424740314483642578125
0.40225890859495760931707764029852114617824554443359375
0.365677888156503205774328080224222503602504730224609375
0.351032254415487077192636888867127709090709686279296875
0.35627767890426020880312307781423442065715789794921875
0.391786133591437601975115967434248887002468109130859375
0.368501249046754797422664751138654537498950958251953125
0.411056560141517313144987610940006561577320098876953125
0.359471749962656073051903149462305009365081787109375
0.387505935820431801630547852255403995513916015625
0.363932176233329573999952799567836336791515350341796875
0.356308538650543404902037991632823832333087921142578125
0.3438955885475893925473656054236926138401031494140625
0.377164933491535292464647000088007189333438873291015625
0.40201631057531750368383427485241554677486419677734375
0.365843947766058608106476413013297133147716522216796875
0.348115378552579179949333365584607236087322235107421875
0.358296070488089479777471524357679300010204315185546875
0.330991923655804376469546923544839955866336822509765625
0.361558093015282577820102005716762505471706390380859375
0.344526523376495419359599736708332784473896026611328125
0.3877722364910856089892376985517330467700958251953125
0.347027022605510493402647398397675715386867523193359375
0.3661234627988771972439963064971379935741424560546875
0.359371171601953476315571833765716291964054107666015625
0.36399667736360952208229946336359716951847076416015625
0.379762815395109087912572931600152514874935150146484375
0.352729874466955806155965547077357769012451171875
0.384860317652671091170901718214736320078372955322265625
0.329735034832495721435208224647794850170612335205078125
0.3955200958751852180483865595306269824504852294921875
0.347034289054194811097175943359616212546825408935546875
0.377547728029574092278863872707006521522998809814453125
0.3772608543922590929042826246586628258228302001953125
0.39673131859405541543850404195836745202541351318359375
0.40067643189655377522484513974632136523723602294921875
0.3770641848136839779925821858341805636882781982421875
0.37945779502885590428462592171854339540004730224609375
0.400087065072549485922337453303043730556964874267578125
0.37308996267167671145870144755463115870952606201171875
0.354197547974867799069897955632768571376800537109375
0.345588636825345074665705169536522589623928070068359375
0.36403843006533109782907331464230082929134368896484375
0.399193899068059188106616375080193392932415008544921875
0.343164789050054874763873158372007310390472412109375
0.337804046821022219138086484235827811062335968017578125
0.344435272219706989371701411073445342481136322021484375
0.36860435216385079026935045476420782506465911865234375
0.349992486978001282604822108623920939862728118896484375
0.34597438765590260434379388243542052805423736572265625
0.383077433595437277791262431492214091122150421142578125
0.3774392486238669075504503780393861234188079833984375
0.371727785777966113212045229374780319631099700927734375
0.40191352610409791790146982748410664498805999755859375
0.3884170873097934073570058899349533021450042724609375
0.3581383817914163270046401521540246903896331787109375
0.36904052754652860723894036709680221974849700927734375
0.359597725441323012862682162449345923960208892822265625
0.409162796298914999137963377506821416318416595458984375
0.36385572144508682157493240083567798137664794921875
0.37650788099379417506185063757584430277347564697265625
0.352317455127378498236367931895074434578418731689453125
0.41738165277964911492603050646721385419368743896484375
0.403586020658239286174051585476263426244258880615234375
