0.6213661
0.6118015
0.39715448
0.64531684
0.42428833
0.44689322
0.52893794
0.5511811
0.37368166
0.2284091
0.3899737
0.4412729
0.52822727
0.39889422
0.6142824
0.43177596
0.53143847
0.4816547
0.43090793
0.55689514
0.41071934
0.5390541
0.6004885
0.44735283
0.5151024
0.5062832
0.3529334
0.4484896
0.6000928
0.47854498
0.34043372
0.41328976
0.5967878
0.7195717
0.3639097
0.5076599
0.32145038
0.5777185
0.46438482
0.40254274
0.536775
0.4244328
0.4781393
0.5677783
0.5103436
0.34187067
0.5450827
0.36353254
0.38721672
0.5129222
0.4433429
0.52851564
0.47565973
0.44540304
0.5192235
0.44614148
0.61290824
0.5357239
0.46578407
0.44509023
0.32199788
0.44070646
0.41328275
0.41192073
0.69566655
0.46061328
0.5939416
0.43224478
0.49975786
0.34165654
0.5014151
0.45669648
0.46615195
0.5659399
0.39575118
0.54507965
0.6717504
0.48694137
0.4792777
0.14479001
0.48407954
0.46992508
0.4751984
0.5573205
0.48796862
0.5482081
0.5814238
0.4644006
0.40384462
0.43586332
0.5918535
0.37327787
0.55992097
0.4449982
0.65993816
0.4807984
0.27067396
0.41316965
0.45835477
0.46278462
0.4313965
0.46801075
0.32792088
0.43440044
0.42447641
0.44376773
0.44804418
0.53851604
0.47201884
0.4208419
0.38656604
0.37052152
0.4816552
0.39327636
0.5159628
0.42051223
0.5304189
0.4635644
0.42261076
0.45166275
0.5199789
0.35499856
0.4641029
0.49430636
0.55114204
0.52902585
0.54988587
0.506475
0.5341129
0.38807052
0.53850275
0.56199795
0.7110636
0.43765086
0.380018
0.49062818
0.36819428
0.48950297
0.4887884
0.52107406
0.4855184
0.42494434
0.39054772
0.35125294
0.5134072
0.46950302
0.4693059
0.47311497
0.4825636
0.44181007
0.45386243
