0.369443832523542570189789557844051159918308258056640625
0.46910384268880911395882549186353571712970733642578125
0.388399537374672421119470300254761241376399993896484375
0.39583556095316907441628018204937689006328582763671875
0.460963933131350811489568286560825072228908538818359375
0.42645677753745558913323066008160822093486785888671875
0.385593973166518111383993527851998805999755859375
0.51557410187469898676937418713350780308246612548828125
0.445469548611125087944628830882720649242401123046875
0.268498944215780799282811130979098379611968994140625
0.34144653326660756587074274648330174386501312255859375
0.398976907627035803916015765935298986732959747314453125
0.432192705668577759059445497769047506153583526611328125
0.41755710179151839245292876512394286692142486572265625
0.3712256696876450323685503462911583483219146728515625
0.437659093095736306811005533745628781616687774658203125
0.36497464354844899592222873252467252314090728759765625
0.407650417602425430008139528581523336470127105712890625
0.487206492983453198775123382802121341228485107421875
0.228144615764019287329489316107355989515781402587890625
0.4770534505778005751608361606486141681671142578125
0.38700973877808986234327903730445541441440582275390625
0.28685129880861526263657879098900593817234039306640625
0.45785760464406732861419868640950880944728851318359375
0.4351167167742266972396691926405765116214752197265625
0.4687906700600301679315862202201969921588897705078125
0.4381609666942052339067004140815697610378265380859375
0.3500202929663298601070664517465047538280487060546875
0.374817823409083039631894962440128438174724578857421875
0.393409401312786177751235072719282470643520355224609375
0.423833286934382436061952148520504124462604522705078125
0.44151378520539108496478775123250670731067657470703125
0.41174118387811409203180801341659389436244964599609375
0.2416091404954536503435491567870485596358776092529296875
0.407982696739430050758556944856536574661731719970703125
0.40995068251843147510982134917867369949817657470703125
0.4461663663267880775009643912198953330516815185546875
0.392018210753991513950467151516932062804698944091796875
0.463054183930455776074808227349421940743923187255859375
0.413241892810314315198638723813928663730621337890625
0.31479723542083470899655139874084852635860443115234375
0.44033331008368026271426742823678068816661834716796875
0.400023091201451241882836029617465101182460784912109375
0.414781017156203024587313166193780489265918731689453125
0.4633230026726102845913146666134707629680633544921875
0.384619714634915121909131130450987257063388824462890625
0.454661259636855330512617001659236848354339599609375
0.390152591076072197129320784370065666735172271728515625
0.3770409092398117056887940634624101221561431884765625
0.35239200590848562821832956615253351628780364990234375
0.372741481075650915588681755252764560282230377197265625
0.40837445347692458152977224017377011477947235107421875
0.446553586472659469475132709703757427632808685302734375
0.426065592522349823045857419856474734842777252197265625
0.48959080298792134744445547767099924385547637939453125
0.33732671324780139077148533033323474228382110595703125
0.3253232052876366964255794300697743892669677734375
0.2696809887670872374343389310524798929691314697265625
0.398160240307850410435008825515978969633579254150390625
0.48896826418095162836152667296119034290313720703125
0.393072023378457424680476606226875446736812591552734375
0.387807574098528728967494316748343408107757568359375
0.3629582248944014377656230863067321479320526123046875
0.4639909583700099204861544421873986721038818359375
0.420029702975284191523996923933736979961395263671875
0.325818764383068337764370880904607474803924560546875
0.299061636619522175362106963802943937480449676513671875
0.380301505498797265403254641569219529628753662109375
0.4517264852324214263745716380071826279163360595703125
0.43112084457694288541773630640818737447261810302734375
0.370808766521252219927617943540099076926708221435546875
0.383509104125529187712118073250167071819305419921875
0.48889240394479960283291575251496396958827972412109375
0.443439364905159394414368989600916393101215362548828125
0.391276531029985108478541633303393609821796417236328125
0.320998569406058031905359939628397114574909210205078125
0.3754134356240446113162079200264997780323028564453125
0.433518151782848193409591885938425548374652862548828125
0.448099028711181068818092398942098952829837799072265625
0.08121857603120659352402554986838367767632007598876953125
0.4867058195064402070784126408398151397705078125
0.38565097812101989394051315684919245541095733642578125
0.439260826964241513081788070849142968654632568359375
0.459328938011990650647220491009647957980632781982421875
0.391379720839938494147958181201829575002193450927734375
0.360686957374923011787615223511238582432270050048828125
0.449926201595542030187147020114935003221035003662109375
0.278140630237626640397508026580908335745334625244140625
0.3820195137975053167878058957285247743129730224609375
0.37007317861122401847495666515897028148174285888671875
0.4048833744964230874074928578920662403106689453125
0.449567178878218509652242573793046176433563232421875
0.1546158981115779429416079437942244112491607666015625
0.36082167142658960745649210366536863148212432861328125
0.390868503081100493457000766284181736409664154052734375
0.13310574908801287019599612904130481183528900146484375
0.374414624683437946561781473064911551773548126220703125
0.39226804433996897980563289820565842092037200927734375
0.384741764615303794005995996485580690205097198486328125
0.40843227723074393420432670609443448483943939208984375
0.405542651935442644006712953341775573790073394775390625
0.39729127302748901140461157410754822194576263427734375
0.452243343353800175687950968494988046586513519287109375
0.44114377777774105293673301275703124701976776123046875
0.33361007980120216398489674247684888541698455810546875
0.337011057256064450182719838267075829207897186279296875
0.470541054866470076500917230077902786433696746826171875
0.427386960196186771465676201842143200337886810302734375
0.457293620140699241805037900121533311903476715087890625
0.382730070877836003884198134983307681977748870849609375
0.463185126063515417715876765214488841593265533447265625
0.320407535820511568669388680064002983272075653076171875
0.454510558600288272490530516733997501432895660400390625
0.397607091101677079247878054957254789769649505615234375
0.482211659361451883132332341119763441383838653564453125
0.298994194182240657919891191340866498649120330810546875
0.37230502327903514103724091910407878458499908447265625
0.427181521333545699548039920045994222164154052734375
0.410110767459941794044198104529641568660736083984375
0.45458445169147665421149895337293855845928192138671875
0.336295323441054894164636834830162115395069122314453125
0.38361363310151930239300099856336601078510284423828125
0.366406177828299373100406910452875308692455291748046875
0.4870787049946248004061999381519854068756103515625
0.443945498335017563196203127517946995794773101806640625
0.474692056946885598822660767837078310549259185791015625
0.435064415271595061884823962827795185148715972900390625
0.46224897828253175280366349397809244692325592041015625
0.4383256974720957099833640313590876758098602294921875
0.422594698714673089323667909411597065627574920654296875
0.394646042606225100346506451387540437281131744384765625
0.34781683352256986818673567540827207267284393310546875
0.335404369061192142442706654037465341389179229736328125
0.358302599890310158325945621982100419700145721435546875
0.427300718947925706192592087973025627434253692626953125
0.489862395058174027173691911229980178177356719970703125
0.457547443799780462203585784664028324186801910400390625
0.40386517789719056370500993580208159983158111572265625
0.432169255222182580045142685776227153837680816650390625
0.397584619957096541131846834105090238153934478759765625
0.4785717259577639826062522843130864202976226806640625
0.31401138526585203880614471927401609718799591064453125
0.41211348990272522740951899322681128978729248046875
0.467993886403562042719528335510403849184513092041015625
0.47723950208171095344056311660096980631351470947265625
0.386878933595132590284038087702356278896331787109375
0.291528915258663479104228599680936895310878753662109375
0.5057709879315603895832964553846977651119232177734375
0.439694290661394315833376822411082684993743896484375
0.48627723852987936314917760682874359190464019775390625
0.44584804209190742607660240537370555102825164794921875
