346431690
364267263
349321936
326258800
354323317
340838221
375041546
355329881
317494158
272781829
318429307
344866286
314139598
270940361
357788973
366119281
349433442
339273712
319859948
267655049
331340800
397617524
368710867
315157458
329626686
318741991
359466413
286640329
366522542
305701374
379442118
252603637
367809610
340842701
354534353
305463836
374206382
367041602
286283116
346812238
347252150
384727362
295808974
340329997
358926434
341405091
363900593
314402252
341180229
289944133
351562674
358932311
331112006
357936134
278648997
334731357
352227575
365974675
331931946
375236108
367237969
292560535
406104274
327248482
334372753
372653749
353344855
334448129
274637242
376543374
314160715
345751045
354669464
330826943
357222866
334398730
323453208
304658657
344951669
361989602
336713364
337887481
369919318
350533689
341511634
327288747
352782724
323727546
351710177
295855458
296459015
288912022
398001071
377912080
294285271
348060253
357859546
278785869
360876618
340850389
322405725
314289932
343657130
352781237
349149181
288053908
317749499
367160532
379313573
342746758
337859100
324612466
315368914
377055562
384910533
353890530
380374213
390576206
335445080
350904760
358480498
297184269
356441294
393219167
345347876
336993049
347942297
331494702
330258035
278704102
365276619
334439953
298075775
269151348
356917033
320389520
351271304
318366046
332806323
363369708
387699609
318382254
288518773
340445199
275229709
322580995
365505224
353037801
340310569
354124172
341402626
