2.2226283550262451171875
2.2454469203948974609375
2.2423150539398193359375
2.226112842559814453125
2.230118274688720703125
2.22059154510498046875
2.2193868160247802734375
2.2208588123321533203125
2.2385065555572509765625
2.2383940219879150390625
2.2291166782379150390625
2.22553539276123046875
2.2306840419769287109375
2.2219507694244384765625
2.2164838314056396484375
2.226735591888427734375
2.2061407566070556640625
2.221075534820556640625
2.209811687469482421875
2.23377227783203125
2.2180328369140625
2.2165286540985107421875
2.210577487945556640625
2.1987903118133544921875
2.2257382869720458984375
2.281207561492919921875
2.238037586212158203125
2.230132579803466796875
2.2542774677276611328125
2.2322428226470947265625
2.2972538471221923828125
2.227542877197265625
2.205402374267578125
2.1823775768280029296875
2.2159063816070556640625
2.2106907367706298828125
2.22602939605712890625
2.183897495269775390625
2.1971416473388671875
2.2077796459197998046875
2.2132568359375
2.1884191036224365234375
2.1901683807373046875
2.1887085437774658203125
2.186899662017822265625
2.1700074672698974609375
2.2113335132598876953125
2.1929988861083984375
2.1911852359771728515625
2.184631824493408203125
2.1872618198394775390625
2.1974380016326904296875
2.1989300251007080078125
2.18756008148193359375
2.1890747547149658203125
2.1713688373565673828125
2.1933224201202392578125
2.1939160823822021484375
2.2075483798980712890625
2.1878101825714111328125
2.193904876708984375
2.1894824504852294921875
2.1713998317718505859375
2.2165005207061767578125
2.2555868625640869140625
2.2199900150299072265625
2.216899394989013671875
2.2188107967376708984375
2.227844715118408203125
2.1993825435638427734375
2.20926952362060546875
2.209072589874267578125
2.2703626155853271484375
2.2508738040924072265625
2.2568032741546630859375
2.245113849639892578125
2.2602322101593017578125
2.24801349639892578125
2.242892742156982421875
2.2602336406707763671875
2.238343715667724609375
2.257099628448486328125
2.2305755615234375
2.2400457859039306640625
2.246318817138671875
2.2304134368896484375
2.236176967620849609375
2.2370836734771728515625
2.2305450439453125
2.2220942974090576171875
2.2200806140899658203125
2.2170391082763671875
2.2381994724273681640625
2.213674068450927734375
2.2253322601318359375
2.205753803253173828125
2.1950151920318603515625
2.200793743133544921875
2.2216036319732666015625
2.2013413906097412109375
2.204979419708251953125
2.2037537097930908203125
2.183121204376220703125
2.1475608348846435546875
2.1971457004547119140625
2.1723320484161376953125
2.184016704559326171875
2.13283443450927734375
2.1446764469146728515625
2.2268159389495849609375
2.235631942749022993410790149937383830547332763671875
2.228497982025146484375
2.2162952423095703125
2.233006954193115234375
2.2178304195404052734375
2.236391544342041015625
2.188812732696533203125
2.1573297977447509765625
2.167955875396728515625
2.1745929718017578125
2.1424343585968017578125
2.1362316608428955078125
2.152191162109375
2.2401611804962158203125
2.2146942615509033203125
2.2418115139007568359375
2.2449176311492919921875
2.264906406402587890625
2.230846405029296875
2.2645785808563232421875
2.1884624958038330078125
2.1955549716949462890625
2.157292842864990234375
2.1855335235595703125
2.1726367473602294921875
2.173923015594482421875
2.16065120697021484375
2.1994593143463134765625
2.204439640045166015625
2.20341968536376953125
2.215238094329833984375
2.2059652805328369140625
2.1918261051177978515625
2.194644451141357421875
2.2498176097869873046875
2.259548187255859375
2.25105190277099609375
2.2545983791351318359375
2.2477438449859619140625
2.250878810882568359375
2.243011474609375
