0.2786389850080013275146484375
0.2703523524105548858642578125
0.2778417877852916717529296875
0.2715953886508941650390625
0.271750070154666900634765625
0.282310418784618377685546875
0.2748915664851665496826171875
0.272443436086177825927734375
0.2727251462638378143310546875
0.2708188481628894805908203125
0.270649574697017669677734375
0.27039720118045806884765625
0.2714685834944248199462890625
0.2744608260691165924072265625
0.27448333799839019775390625
0.2722710035741329193115234375
0.272280029952526092529296875
0.274851568043231964111328125
0.272606901824474334716796875
0.27998925745487213134765625
0.285553060472011566162109375
0.270967461168766021728515625
0.27989916503429412841796875
0.275977171957492828369140625
0.2766959480941295623779296875
0.27856571972370147705078125
0.2694183476269245147705078125
0.275144241750240325927734375
0.273644901812076568603515625
0.2783432714641094207763671875
0.2750804722309112548828125
0.271858863532543182373046875
0.2744145579636096954345703125
0.2746174894273281097412109375
0.273412637412548065185546875
0.2801286093890666961669921875
0.274751484394073486328125
0.278955660760402679443359375
0.2739056646823883056640625
0.2807645834982395172119140625
0.2749618552625179290771484375
0.27423451840877532958984375
0.276976682245731353759765625
0.2713405229151248931884765625
0.2775989286601543426513671875
0.27715052664279937744140625
0.2738256119191646575927734375
0.27038617432117462158203125
0.2795493490993976593017578125
0.2864345274865627288818359375
0.2713317610323429107666015625
0.2808062620460987091064453125
0.2747925706207752227783203125
0.27147077023983001708984375
0.272394098341464996337890625
0.271268986165523529052734375
0.2682022489607334136962890625
0.280030153691768646240234375
0.2760100774466991424560546875
0.2736000157892704010009765625
0.2821077443659305572509765625
0.277937181293964385986328125
0.278052471578121185302734375
0.2711713016033172607421875
0.2688545249402523040771484375
0.2725189961493015289306640625
0.2681058309972286224365234375
0.2824259735643863677978515625
0.2796543352305889129638671875
0.27301616966724395751953125
0.2751808576285839080810546875
0.27238194644451141357421875
0.2692143432796001434326171875
0.2739257849752902984619140625
0.284644477069377899169921875
0.27477352321147918701171875
0.2838982641696929931640625
0.2759267799556255340576171875
0.2702215798199176788330078125
0.27903248369693756103515625
0.2819762788712978363037109375
0.2788036800920963287353515625
0.27785821259021759033203125
0.2759059853851795196533203125
0.2749948017299175262451171875
0.272434331476688385009765625
0.2723984159529209136962890625
0.2750270627439022064208984375
0.2728533335030078887939453125
0.2872122265398502349853515625
0.2738117761909961700439453125
0.275238685309886932373046875
0.273516468703746795654296875
0.2727180905640125274658203125
0.2765418924391269683837890625
0.271798543632030487060546875
0.2811979763209819793701171875
0.271175228059291839599609375
0.273838974535465240478515625
0.2775638736784458160400390625
0.27223193645477294921875
0.2697182334959506988525390625
0.2747887708246707916259765625
0.277451165020465850830078125
0.276957862079143524169921875
0.2699833028018474578857421875
0.27515290677547454833984375
0.274018116295337677001953125
0.27548278868198394775390625
0.2692310251295566558837890625
0.276236079633235931396484375
0.28131245076656341552734375
0.2738104127347469329833984375
0.284178547561168670654296875
0.2729754261672496795654296875
0.27275095880031585693359375
0.27021436393260955810546875
0.269893579185009002685546875
0.2691954784095287322998046875
0.27269925177097320556640625
0.274814777076244354248046875
0.275576747953891754150390625
0.2767149321734905242919921875
0.2791773639619350433349609375
0.2712722904980182647705078125
0.281572632491588592529296875
0.2756144739687442779541015625
0.2750238515436649322509765625
0.277376405894756317138671875
0.268681466579437255859375
0.27691064774990081787109375
0.2804993428289890289306640625
0.2748283855617046356201171875
0.2753730081021785736083984375
0.27048896253108978271484375
0.27879764139652252197265625
0.2705035991966724395751953125
0.275419853627681732177734375
0.2734598219394683837890625
0.27437998354434967041015625
0.273332886397838592529296875
0.274386726319789886474609375
0.267633818089962005615234375
0.2783580720424652099609375
0.273228563368320465087890625
0.26920719444751739501953125
0.26828970015048980712890625
0.2708790861070156097412109375
0.280381001532077789306640625
0.2795884609222412109375
0.276226945221424102783203125
