-31.3948676409688545163589878939092159271240234375
-28.86562322396662949586243485100567340850830078125
-29.5339772900076553696635528467595577239990234375
-29.784023879845886284556399914436042308807373046875
-36.00137529395368574114399962127208709716796875
-31.478682191549154367748997174203395843505859375
-33.44486978705617019613782758824527263641357421875
-30.05487278480345736397794098593294620513916015625
-35.06018758516660938084896770305931568145751953125
-30.497461992996615975926033570431172847747802734375
-28.662896358075844460699954652227461338043212890625
-29.829940003621384647658487665466964244842529296875
-29.0873980973945407413339125923812389373779296875
-25.73832401144998272002339945174753665924072265625
-28.879320695084430781207629479467868804931640625
-34.96662022079500076188196544535458087921142578125
-31.406227349485970279374669189564883708953857421875
-31.59999393047545623858241015113890171051025390625
-30.32788541425674111451371572911739349365234375
-32.74595309615165916738988016732037067413330078125
-28.47113846177268925430325907655060291290283203125
-30.392125579449793093544940347783267498016357421875
-24.051643997483598269582216744311153888702392578125
-28.4752526031574433318382943980395793914794921875
-30.932626505003469219445833005011081695556640625
-25.2890443837686547112753032706677913665771484375
-28.137442004723379085362466867081820964813232421875
-27.81834304197076335185556672513484954833984375
-32.68433832241937153639810276217758655548095703125
-27.4389775781805411725144949741661548614501953125
-31.436453492061755099484798847697675228118896484375
-31.715650309090332115147248259745538234710693359375
-30.407726106626686402023551636375486850738525390625
-31.81606178879366098044556565582752227783203125
-29.11965108220095999058685265481472015380859375
-28.7228196573222618326326482929289340972900390625
-34.26322861167806621551790158264338970184326171875
-31.676579017967110729614432784728705883026123046875
-28.4499107654790037713610217906534671783447265625
-29.01741363800062600830642622895538806915283203125
-39.7659577710392113658599555492401123046875
-30.0814784093242195694983820430934429168701171875
-27.932063906321477730898550362326204776763916015625
-28.546943013898829377694710274226963520050048828125
-30.087910473490975249433176941238343715667724609375
-25.528810679009151130003374419175088405609130859375
-31.449917083784054483430736581794917583465576171875
-26.330371025296582132568801171146333217620849609375
-31.6566913875507367492900812067091464996337890625
-35.10753108646590447960988967679440975189208984375
-25.004027764945139011842911713756620883941650390625
-37.461878028181700983623159117996692657470703125
-24.86727512890984570503860595636069774627685546875
-30.309175245134003517932796967215836048126220703125
-27.465464826616670990233615157194435596466064453125
-27.39241161804346091912520932964980602264404296875
-30.441154166777121048426124616526067256927490234375
-31.556792883355885948049035505391657352447509765625
-28.55902282621507737303545582108199596405029296875
-24.34037915476384483781657763756811618804931640625
-27.17776810975124845981554244644939899444580078125
-33.6895140103374473028452484868466854095458984375
-30.871852284571279056990533717907965183258056640625
-25.8825688685093382446211762726306915283203125
-28.818906358828893843337937141768634319305419921875
-26.590795575732787625611308612860739231109619140625
-29.864956910230770148473311564885079860687255859375
-29.403069467738315978522223304025828838348388671875
-28.492652795250368313872968428768217563629150390625
-29.7260383111685797530299169011414051055908203125
-28.036098820528621899939025752246379852294921875
-27.072262467350274306454593897797167301177978515625
-36.43469034582739141114871017634868621826171875
-28.77474188964203705154432100243866443634033203125
-31.97513848135539404893279424868524074554443359375
-30.111180409076300890092170448042452335357666015625
-28.57126000258298148537505767308175563812255859375
-31.7286267127024501633059117011725902557373046875
-32.904637478641006964608095586299896240234375
-27.516063815548459814408488455228507518768310546875
-29.304866425510912364416071795858442783355712890625
-27.745662087365641212954869843088090419769287109375
-26.72570332031074258338776417076587677001953125
-30.65671215299545337984454818069934844970703125
-36.048442893431541733662015758454799652099609375
-26.99939195487431931042010546661913394927978515625
-27.0174734338592514859556104056537151336669921875
-33.084569141343564524504472501575946807861328125
-27.2540169170815573806976317428052425384521484375
-26.1311213146179994737394736148416996002197265625
-30.53297564758985771504740114323794841766357421875
-30.361997489695486507343957782723009586334228515625
-28.397623055107903411453662556596100330352783203125
-35.18306557076972040931650553829967975616455078125
-29.528416714274026588782362523488700389862060546875
-27.24211099469352603819061187095940113067626953125
-28.709369066819721894034955766983330249786376953125
-30.196968981360587491735714138485491275787353515625
-32.5735119299492197342260624282062053680419921875
-30.905221176712945663211939972825348377227783203125
-32.76744789688638803681897115893661975860595703125
-29.94543982061392028981572366319596767425537109375
-32.30178708586780800260385149158537387847900390625
-28.695243275216295586460546473972499370574951171875
-36.63551706613051095473565510474145412445068359375
-30.346993291089244593194962362758815288543701171875
-36.5781549669261067947445553727447986602783203125
-31.71464855662635073940691654570400714874267578125
-29.238759906227489437924305093474686145782470703125
-30.587271907466405451714308583177626132965087890625
-28.467726312213113004645492765121161937713623046875
-32.26061598317844669736587093211710453033447265625
-29.47464985558818995059482404030859470367431640625
-33.10007838845695005147717893123626708984375
-33.8311534904520385680370964109897613525390625
-30.50311963641851065176524571143090724945068359375
-28.148636520542535066624623141251504421234130859375
-28.506976774345258007770098629407584667205810546875
-32.603433059819082018293556757271289825439453125
-30.827017156835008648840812384150922298431396484375
-30.964410813517321940935289603658020496368408203125
-26.52189531312708226096219732426106929779052734375
-37.7478156862176916774842538870871067047119140625
-29.736536532248980080339606502093374729156494140625
-33.24502400340566765635230694897472858428955078125
-32.27400838831818674634632770903408527374267578125
-26.922241412371700874928137636743485927581787109375
-31.3225744971650357229009387083351612091064453125
-30.167625928473928098583201062865555286407470703125
-31.61341448763658945608767680823802947998046875
-28.22787899094925734289063257165253162384033203125
-34.20280960498990197038438054732978343963623046875
-33.48858391120683819508485612459480762481689453125
-31.05215513723057796369175775907933712005615234375
-27.74041937288645698345135315321385860443115234375
-29.47568170539673104713074280880391597747802734375
-34.2469022178629955988071742467582225799560546875
-30.660839949416580196839277050457894802093505859375
-33.267979834589169740866054780781269073486328125
-28.583018576017611422912523266859352588653564453125
-28.82510073444137788101215846836566925048828125
-29.602674093187555826034440542571246623992919921875
-27.392723440439279869451638660393655300140380859375
-28.9476974278928338435434852726757526397705078125
-29.67167855088393224605169962160289287567138671875
-29.8229201080392840594868175685405731201171875
-31.5174277450748405726699274964630603790283203125
-31.15656715548073663057948579080402851104736328125
-28.4669448788303043329506181180477142333984375
-34.9827483036199708976710098795592784881591796875
-27.67324155652081429934696643613278865814208984375
