0.99863284826278675421207253748434595763683319091796875
0.999056279659271240234375
0.999071300029754638671875
0.99941623210906982421875
0.9980022907257080078125
0.99735748767852783203125
0.99868643283844005242855246251565404236316680908203125
0.998347580432891845703125
0.998630225658416748046875
0.99878787994384754522769753748434595763683319091796875
0.99691092967987060546875
0.998802125453948974609375
0.99890071153640758172542746251565404236316680908203125
0.99829131364822398797542746251565404236316680908203125
0.99971520900726318359375
0.998377263545989990234375
0.99808198213577281610042746251565404236316680908203125
0.99800068140029918328792746251565404236316680908203125
0.99772274494171142578125
0.999583423137664794921875
0.9992587566375732421875
0.99883854389190684930355246251565404236316680908203125
0.99918937683105479852230246251565404236316680908203125
0.997581422328948974609375
0.99726450443267822265625
0.99757379293441761358707253748434595763683319091796875
0.99897629022598277703792746251565404236316680908203125
0.994175612926483154296875
0.99920397996902476922542746251565404236316680908203125
1
0.99737197160720836297542746251565404236316680908203125
0.99878531694412242547542746251565404236316680908203125
1
0.99742412567138682977230246251565404236316680908203125
0.998807489871978759765625
0.99980801343917835577457253748434595763683319091796875
0.998196125030517578125
0.99886548519134521484375
0.99495613574981678350894753748434595763683319091796875
0.996988832950592041015625
0.9993088245391845703125
0.99760210514068603515625
0.992252409458160400390625
0.998272240161895751953125
0.99692374467849720343082253748434595763683319091796875
0.99891561269760120733707253748434595763683319091796875
0.998546779155731201171875
0.99749088287353515625
0.99857079982757557257144753748434595763683319091796875
0.997414648532867431640625
0.998650372028350830078125
0.99812495708465576171875
0.997073709964752197265625
0.997249424457550048828125
0.99882972240447998046875
0.99798500537872314453125
0.99840551614761363641292746251565404236316680908203125
0.99917542934417724609375
0.99795842170715320929019753748434595763683319091796875
0.999022066593170166015625
0.99733734130859375
0.99964767694473277703792746251565404236316680908203125
0.99867153167724598272769753748434595763683319091796875
0.994199275970458984375
0.99857151508331298828125
0.99972647428512562139957253748434595763683319091796875
0.99752438068389881475894753748434595763683319091796875
0.99894809722900401727230246251565404236316680908203125
0.999095261096954345703125
0.998297870159149169921875
0.997288405895233154296875
0.99874246120452880859375
0.998325765132904052734375
0.99993455410003662109375
0.99937444925308238641292746251565404236316680908203125
0.99615603685379039422542746251565404236316680908203125
0.99708551168441761358707253748434595763683319091796875
0.99703252315521240234375
0.99089342355728160516292746251565404236316680908203125
0.998972594738006591796875
0.99887686967849720343082253748434595763683319091796875
0.997895300388336181640625
0.99916559457778919561832253748434595763683319091796875
0.99817097187042236328125
0.99912065267562877313167746251565404236316680908203125
0.99890720844268798828125
0.999753892421722412109375
0.998895585536956787109375
0.999078214168548583984375
0.99898046255111683233707253748434595763683319091796875
0.99722176790237437860042746251565404236316680908203125
0.998901426792144775390625
0.99921065568923961297542746251565404236316680908203125
0.99855697154998779296875
0.99919712543487559930355246251565404236316680908203125
0.99618494510650634765625
0.99834859371185302734375
0.99897110462188720703125
0.99842643737792957647769753748434595763683319091796875
0.998422205448150634765625
0.99867492914199840203792746251565404236316680908203125
0.998238265514373779296875
0.99897944927215576171875
0.99888604879379283563167746251565404236316680908203125
0.99861669540405284539730246251565404236316680908203125
0.99891370534896839483707253748434595763683319091796875
0.999413013458251953125
0.993967592716217041015625
0.9990732669830322265625
0.99818235635757435186832253748434595763683319091796875
0.996919691562652587890625
0.99881094694137562139957253748434595763683319091796875
0.99883222579956043585269753748434595763683319091796875
0.99922674894332874639957253748434595763683319091796875
0.998413562774658203125
0.998565614223480224609375
0.99880820512771595343082253748434595763683319091796875
0.998859703540802001953125
0.99677360057830799444644753748434595763683319091796875
0.998021662235260009765625
0.99921286106109619140625
0.99911367893219005242855246251565404236316680908203125
0.99926447868347156866519753748434595763683319091796875
0.99886280298233043328792746251565404236316680908203125
0.99766218662261962890625
0.99951243400573719366519753748434595763683319091796875
0.99848794937133800164730246251565404236316680908203125
0.9990351200103759765625
0.998191177845001220703125
0.998472630977630615234375
0.99780255556106556280582253748434595763683319091796875
0.998836576938629150390625
0.99924194812774658203125
0.99855518341064442022769753748434595763683319091796875
0.999174058437347412109375
0.998929083347320556640625
0.98981308937072765008480246251565404236316680908203125
0.99714654684066761358707253748434595763683319091796875
0.99742507934570323602230246251565404236316680908203125
0.997870624065399169921875
0.99889278411865245477230246251565404236316680908203125
0.99913012981414794921875
0.997800767421722412109375
0.99942082166671764031917746251565404236316680908203125
0.99922478199005115850894753748434595763683319091796875
0.99929869174957275390625
0.999239504337310791015625
0.998089373111724853515625
0.998888313770294189453125
0.999025404453277587890625
0.999208867549896240234375
