2.2270638942718505859375
2.213478565216064453125
2.23699951171875
2.227298736572265625
2.2255413532257080078125
2.222492694854736328125
2.2388889789581298828125
2.21802997589111328125
2.221762180328369140625
2.24606227874755859375
2.219313144683837890625
2.231475353240966796875
2.228065490722655805910790149937383830547332763671875
2.2294788360595703125
2.220690250396728515625
2.2125914096832275390625
2.2031955718994140625
2.2233254909515380859375
2.2180500030517578125
2.22749996185302734375
2.2094380855560302734375
2.2176053524017333984375
2.196137905120849609375
2.2148888111114501953125
2.232896327972412109375
2.229494571685791015625
2.2521255016326904296875
2.23717594146728515625
2.2395875453948974609375
2.2299020290374755859375
2.2324082851409912109375
2.234264373779296875
2.180963039398193803464209850062616169452667236328125
2.19384098052978515625
2.200890064239501953125
2.22131443023681640625
2.205818653106689453125
2.203258037567138671875
2.185375213623046875
2.2257549762725830078125
2.174694538116455078125
2.1825158596038818359375
2.17833805084228515625
2.181745052337646484375
2.1930048465728759765625
2.177461147308349609375
2.2214982509613037109375
2.215270519256591796875
2.2024171352386474609375
2.1801931858062744140625
2.1864192485809326171875
2.2167422771453857421875
2.2000119686126708984375
2.182289600372314453125
2.176980495452880859375
2.1865198612213134765625
2.1967976093292236328125
2.1977789402008056640625
2.1916263103485107421875
2.188751697540283203125
2.196146488189697265625
2.18294811248779296875
2.194880008697509765625
2.170522212982177734375
2.218467235565185546875
2.2104818820953369140625
2.2610471248626708984375
2.21540355682373046875
2.2274553775787353515625
2.204800128936767578125
2.19690799713134765625
2.212872028350830078125
2.2428214550018310546875
2.2597777843475341796875
2.2538058757781982421875
2.253571033477783203125
2.2641184329986572265625
2.24494266510009765625
2.234961986541748046875
2.2350566387176513671875
2.2597482204437255859375
2.2473583221435546875
2.23571491241455078125
2.255729198455810546875
2.2410705089569091796875
2.2393448352813720703125
2.2249953746795654296875
2.2269465923309326171875
2.2328679561614990234375
2.224943637847900390625
2.2057507038116455078125
2.2150337696075439453125
2.233515262603760209714209850062616169452667236328125
2.21017742156982421875
2.23142337799072265625
2.2191560268402099609375
2.202187061309814453125
2.1870806217193603515625
2.216714382171630859375
2.2037069797515869140625
2.2088978290557861328125
2.217061519622802734375
2.170255184173583984375
2.1724369525909423828125
2.18147373199462890625
2.1642677783966064453125
2.1607987880706787109375
2.144900798797607421875
2.151020526885986328125
2.245972156524658203125
2.215363025665283203125
2.21823024749755859375
2.213637828826904296875
2.209711551666260209714209850062616169452667236328125
2.221393585205078125
2.2076284885406494140625
2.1460959911346435546875
2.177450656890869140625
2.133327484130859375
2.1381638050079345703125
2.150332927703857421875
2.1580922603607177734375
2.1463871002197265625
2.2298908233642578125
2.221472263336181640625
2.2769114971160888671875
2.23331546783447265625
2.2471725940704345703125
2.247189998626708984375
2.246921539306640625
2.1809175014495849609375
2.1713011264801025390625
2.17096996307373046875
2.162957668304443359375
2.18232631683349609375
2.1766231060028076171875
2.178884983062744140625
2.203594684600830078125
2.201770305633544921875
2.199980258941650390625
2.2054989337921142578125
2.2084805965423583984375
2.200487613677978515625
2.2041532993316650390625
2.24127197265625
2.2500078678131103515625
2.2707598209381103515625
2.2547626495361328125
2.239431858062744140625
2.24548053741455078125
2.2437674999237060546875
