-0.444336910626031700299876092685735784471035003662109375
-0.54014288518339104161469776954618282616138458251953125
-0.539971499270726074115600567893125116825103759765625
-0.477404166347368208445089976521558128297328948974609375
-0.38488535311614036071858890863950364291667938232421875
-0.3673409361022432761956224567256867885589599609375
-0.410005892815853922872548764644307084381580352783203125
-0.51724332444310772149975719003123231232166290283203125
-0.38012558852542432941135075452621094882488250732421875
-0.55445858888558874344454352467437274754047393798828125
-0.39405350549711026797439217261853627860546112060546875
-0.429617050092369778813150560381473042070865631103515625
-0.45741633884414423238951030725729651749134063720703125
-0.440771998923369323630794269774924032390117645263671875
-0.491358940053861881214203322087996639311313629150390625
-0.69720303673442007852401047784951515495777130126953125
-0.50231845427022303596231722622178494930267333984375
-0.448970750605184598658325967335258610546588897705078125
-0.47198155252874107734584185891435481607913970947265625
-0.5116822158472429382669588449061848223209381103515625
-0.5135898380773864513315629665157757699489593505859375
-0.4968518804132446842203307824092917144298553466796875
-0.4589934176480710004142338220844976603984832763671875
-0.53368788611559969670139480513171292841434478759765625
-0.357511105602702772277012854829081334173679351806640625
-0.5203018633624154620775925650377757847309112548828125
-0.66473962857658808189853516523726284503936767578125
-0.530959244933533636157108048791997134685516357421875
-0.432569891719375210215048355166800320148468017578125
-0.5146813594932095892175993867567740380764007568359375
-0.507496014169559028772482633939944207668304443359375
-0.50970329356146304444763472929480485618114471435546875
-0.43870065221900789165232481536804698407649993896484375
-0.430970363972237702210321685925009660422801971435546875
-0.558495627839033392803003152948804199695587158203125
-0.432880998025803431783486985295894555747509002685546875
-0.429680312133705888388846005909726954996585845947265625
-0.51393195523578183436796962268999777734279632568359375
-0.44299182629656896903469487369875423610210418701171875
-0.4778501217198425354837354461778886616230010986328125
-0.491888789120076774796785912258201278746128082275390625
-0.66560761008322033571715792277245782315731048583984375
-0.4195415508165079021551946425461210310459136962890625
-0.5808809611966239128122424517641775310039520263671875
-0.5362168833351683705501500298851169645786285400390625
-0.58776976623339816097058019295218400657176971435546875
-0.4432384647092622032005237997509539127349853515625
-0.4907845513960238381656608908087946474552154541015625
-0.440384872895547230253754378281882964074611663818359375
-0.424998692003637490444134527933783829212188720703125
-0.435183582844435756786793945138924755156040191650390625
-0.4496727975658896259147923046839423477649688720703125
-0.54126446443548703602033356219180859625339508056640625
-0.453543374118936359895570831213262863457202911376953125
-0.38959450317928523421784348101937212049961090087890625
-0.35308445763056539590252214111387729644775390625
-0.47765262152120679939315550655010156333446502685546875
-0.44393783450219859165741809192695654928684234619140625
-0.50609028785674314843134879993158392608165740966796875
-0.56995279791488628884366107740788720548152923583984375
-0.497175383097106904362050272538908757269382476806640625
-0.54180529307775915359712826102622784674167633056640625
-0.57003909357350679432130391433020122349262237548828125
-0.50181246797487499833323454367928206920623779296875
-0.55050140866207952772271028152317740023136138916015625
-0.389706912462388033180360480400850065052509307861328125
-0.434701950472128062497034761690883897244930267333984375
-0.465139752450156540586334585896111093461513519287109375
-0.58199340471210536662738377344794571399688720703125
-0.479700587341572115551713295644731260836124420166015625
-0.52777840392224018017941489233635365962982177734375
-0.493887618847960563339682948935660533607006072998046875
-0.51740463150504190092959788671578280627727508544921875
-0.471877341100050806677046466575120575726032257080078125
-0.42300690024053710924789584169047884643077850341796875
-0.5160013782433796603044129369664005935192108154296875
-0.48575426245574504502400259298156015574932098388671875
-0.537792152458031136319505094434134662151336669921875
-0.4339370399665438693403984871110878884792327880859375
-0.5303208324155661568255482052336446940898895263671875
-0.49896100156656064683602380682714283466339111328125
-0.39453668071471670319994018427678383886814117431640625
-0.5113108621950230858743680073530413210391998291015625
-0.606824455703534937356380396522581577301025390625
-0.51051305472920260886127152843982912600040435791015625
-0.504821968045798374902233263128437101840972900390625
-0.471186227987319627974471814013668335974216461181640625
-0.56296138131124229264656833038316108286380767822265625
-0.51529350167478293887057816391461528837680816650390625
-0.394467127595939326401008884204202331602573394775390625
-0.44047953927097338588936281666974537074565887451171875
-0.450055968540667372668195866936002857983112335205078125
-0.57014710569233384429566058315685950219631195068359375
-0.5620592601471396942969249721500091254711151123046875
-0.5016048545811184755649492217344231903553009033203125
-0.4714030947571199448020706768147647380828857421875
-0.51429263475862085908119070154498331248760223388671875
-0.481341189138804192992893149494193494319915771484375
-0.464137064828970491436876955049228854477405548095703125
-0.492919033629474256930080855454434640705585479736328125
-0.47355938703699906877631065071909688413143157958984375
-0.4888720952516079076843880102387629449367523193359375
-0.50798034074628672929208050845772959291934967041015625
-0.5779710524849723807250256868428550660610198974609375
-0.6012568326315073097276808766764588654041290283203125
-0.6187099121916197486115152059937827289104461669921875
-0.474509592767372201382869434382882900536060333251953125
-0.522937480133211618493760397541336715221405029296875
-0.5179173180128493481078066906775347888469696044921875
-0.518162527676494288897401929716579616069793701171875
-0.492995111767202953689803734960150904953479766845703125
-0.48539663070514704745761491722078062593936920166015625
-0.47710269479020006588854130313848145306110382080078125
-0.4229485957394782946749955954146571457386016845703125
-0.55780678098636837791701736932736821472644805908203125
-0.472857624801027498495642475972999818623065948486328125
-0.59459372643116292778131537488661706447601318359375
-0.5488680536287271483075755895697511732578277587890625
-0.5103939093018603490037321535055525600910186767578125
-0.502702893979086073983353344374336302280426025390625
-0.55230463895698755916185973546816967427730560302734375
-0.5215363109729078683329817067715339362621307373046875
-0.50661566548825953670842636711313389241695404052734375
-0.56405334097556647510174343551625497639179229736328125
-0.471224381911374445852658254807465709745883941650390625
-0.467706650775693566490787134171114303171634674072265625
-0.48624778769383547594173933248384855687618255615234375
-0.489607292889213396858139049072633497416973114013671875
-0.381897291026793983537146459639188833534717559814453125
-0.565479759815181726168020759359933435916900634765625
-0.5113712447994256393712930730544030666351318359375
-0.36829455745979966518888204518589191138744354248046875
-0.44515751959563532036412425441085360944271087646484375
-0.459302445452168195405562300948076881468296051025390625
-0.534920953623125416953598687541671097278594970703125
-0.432591731932504497404323728915187530219554901123046875
-0.408290024364030668113656474815797992050647735595703125
-0.5470550021615590008394747201236896216869354248046875
-0.455715778467654708538958630015258677303791046142578125
-0.4658783888980930765200128007563762366771697998046875
-0.52084244801894341581061098622740246355533599853515625
-0.465105885955624354100024220315390266478061676025390625
-0.486189921485787157617863840641803108155727386474609375
-0.39502867572457789346884737824439071118831634521484375
-0.4677903789053539096443046219064854085445404052734375
-0.5539351291113889796946523347287438809871673583984375
-0.55656806753116294661509755314909853041172027587890625
-0.43503262926119468101404663684661500155925750732421875
-0.483056311526513570964169730359571985900402069091796875
-0.406073135886355351953369563489104621112346649169921875
-0.455564169523544448825447261697263456881046295166015625
