0.5545466487926409282493978025740943849086761474609375
0.6220304297521153102934476919472217559814453125
0.470207684178841345268295981441042385995388031005859375
0.6097503438258351504686061161919496953487396240234375
0.51143063940581201531898614121018908917903900146484375
0.633985671572127262862750285421498119831085205078125
0.59232058090787720328052046170341782271862030029296875
0.587873169052528066202967238496057689189910888671875
0.469180715722834928982365454430691897869110107421875
0.61684272173164422792268624107236973941326141357421875
0.5960272224219236303355273776105605065822601318359375
0.50294534274579205668231907111476175487041473388671875
0.6327375855279477878667648838018067181110382080078125
0.61886211403004132147742666347767226397991180419921875
0.5001038573650493646027825889177620410919189453125
0.4230816626997724316794347032555378973484039306640625
0.56217129339758564743334545710240490734577178955078125
0.5443501840488373932913646058295853435993194580078125
0.5482753752954854231660419827676378190517425537109375
0.64699571702199787370801686847698874771595001220703125
0.5988588974968467315562747899093665182590484619140625
0.536772467937932429293823588523082435131072998046875
0.58787984457685082961830858039320446550846099853515625
0.62540731618365541510939920044620521366596221923828125
0.61724541454965786702047125800163485109806060791015625
0.60639628503901465972347750721382908523082733154296875
0.6784786822841135656148026100709103047847747802734375
0.60691088635346901458689217179198749363422393798828125
0.53106142932483224594619741765200160443782806396484375
0.4041246566551135455114263095310889184474945068359375
0.54238699901102815914555321796797215938568115234375
0.5799127312472724948833047164953313767910003662109375
0.52443768226613685090597982707549817860126495361328125
0.58485641360798157339928593501099385321140289306640625
0.58697655109520108229759216555976308882236480712890625
0.63534197056825580940397912854677997529506683349609375
0.61025020890276937546303770432132296264171600341796875
0.493663439535284631620726258915965445339679718017578125
0.62430886723246459268921171315014362335205078125
0.502090761649224948115488587063737213611602783203125
0.57574838691687257874463057305547408759593963623046875
0.5992098769378040312716393600567243993282318115234375
0.465640520626362797163011464363080449402332305908203125
0.629691446545468380691090715117752552032470703125
0.61740304513833432764613462495617568492889404296875
0.66846580842558778190465318402857519686222076416015625
0.609523096355231164267252097488380968570709228515625
0.59290218290993124128362978808581829071044921875
0.6384658373337377401668391030398197472095489501953125
0.639060761057212989300069239106960594654083251953125
0.55452931321221898830486907172598876059055328369140625
0.433802480056374728523138628588640131056308746337890625
0.62397293939590958711249868429149501025676727294921875
0.539826787194559898352963500656187534332275390625
0.65521700704889529465191344570484943687915802001953125
0.55805326902477059292095873388461768627166748046875
0.5619564218333739091804091003723442554473876953125
0.53497583230032841328238646383397281169891357421875
0.5960482556811450560729781500413082540035247802734375
0.56679094352083014829446483417996205389499664306640625
0.5646770461947594466067812390974722802639007568359375
0.5691322366719777647858791169710457324981689453125
0.623962910344929344574893548269756138324737548828125
0.639970141727218333471682853996753692626953125
0.6270421081853545519635417804238386452198028564453125
0.58686329790433322539655591754126362502574920654296875
0.5933645289366815678278044288163073360919952392578125
0.54776010938463015609301010044873692095279693603515625
0.65376635067579214055655256743193604052066802978515625
0.60948740035342208187785217887721955776214599609375
0.56276516258595055131053186414646916091442108154296875
0.6271626267643271024354589826543815433979034423828125
0.6075687323157819008656588266603648662567138671875
0.6455577445692617377659416888491250574588775634765625
0.60842496553563718553192529725492931902408599853515625
0.63997132925365585176535887512727640569210052490234375
0.60228584477890911852426825134898535907268524169921875
0.60381794559731682969783150838338769972324371337890625
0.6667300006994405503490952469292096793651580810546875
0.5992225584022901063718791192513890564441680908203125
0.51019363776359938356108614243566989898681640625
0.65020008125361539175202096885186620056629180908203125
0.6699348012138404140358716176706366240978240966796875
0.52009758477140055621390501983114518225193023681640625
0.57945741256424787568590772934840060770511627197265625
0.62188990680520361831185027767787687480449676513671875
0.55443822452395330468988277061725966632366180419921875
0.55965965809971240929598934599198400974273681640625
0.57743326893159097057406370367971248924732208251953125
0.57731249750597946057695253330166451632976531982421875
0.57971084662984695423659786683856509625911712646484375
0.6190037146712124016545431004487909376621246337890625
0.56112968942171248531991523122997023165225982666015625
0.479450224449520956415682348961126990616321563720703125
0.63031483127679199807147369938320480287075042724609375
0.60669586745795156534910574919194914400577545166015625
0.511430377715253126069683276000432670116424560546875
0.55860407370597975340587026948924176394939422607421875
0.56759871858446653281049520956003107130527496337890625
0.61913792784947740965861839868011884391307830810546875
0.62085019026360777072426344602718017995357513427734375
0.564097105721734326522209812537766993045806884765625
0.6110723656100665035495467236614786088466644287109375
0.6653854246633290614454381284303963184356689453125
0.550722033532448307369122630916535854339599609375
0.6394555428919250772423765738494694232940673828125
0.375008559956880704877590915202745236456394195556640625
0.5700718202661037015133160821278579533100128173828125
0.59030726482159023849050072385580278933048248291015625
0.648849958507047741562701048678718507289886474609375
0.59102084389399511810125886768219061195850372314453125
0.60177134711388802212894688636879436671733856201171875
0.574084639195592938420986683922819793224334716796875
0.57059232906143975139201529600541107356548309326171875
0.55194167800371085608190924176597036421298980712890625
0.5176705452380385708011090173386037349700927734375
0.54789596127375972400841419585049152374267578125
0.6331836500826995006718789227306842803955078125
0.6031261143126489532306777618941850960254669189453125
0.61719570617053498562398772264714352786540985107421875
0.6581668336910719840915362510713748633861541748046875
0.55864091115435321466264895207132212817668914794921875
0.53343411611454316645364315263577736914157867431640625
0.60653640587946078266412541779573075473308563232421875
0.60060859322608417532052271781140007078647613525390625
0.5682327736011998364773489811341278254985809326171875
0.61319610228936471951755038389819674193859100341796875
0.5762509068027756864438515549409203231334686279296875
0.6481129071298565857972562298527918756008148193359375
0.57195900455788006855328831079532392323017120361328125
0.5581408490182699910775454554823227226734161376953125
0.62185617259922787436465796417905949056148529052734375
0.5629555438470930095462563258479349315166473388671875
0.6163255805057110681133281104848720133304595947265625
0.59010757913866906942956802595290355384349822998046875
0.58260295060828770630223516491241753101348876953125
0.50311640657038136925649496333790011703968048095703125
0.60415363649178777105674953418201766908168792724609375
0.337243765116057636621604842730448581278324127197265625
0.56669694712174301098883688609930686652660369873046875
0.507906636974274849904986695037223398685455322265625
0.60818448623608178937871571179130114614963531494140625
0.65840583956875498028438187247957102954387664794921875
0.6067390098981437773772995569743216037750244140625
0.5795986897214298050329261968727223575115203857421875
0.56902671649471459058844402534305118024349212646484375
0.63678753672170584909650870031327940523624420166015625
0.63844102591536200375088583314209245145320892333984375
0.61178271855216459496062952894135378301143646240234375
0.52482362683898109434466050515766255557537078857421875
0.61854852863696707654383999397396109998226165771484375
