0.9999808640313119223463900198112241923809051513671875
1.0000336260107924868378859173390083014965057373046875
1.0007698989013131818381907578441314399242401123046875
0.999996542250686015762539682327769696712493896484375
1.000020331967971021214225402218289673328399658203125
0.9999994037349801967451412565424107015132904052734375
0.99998420054645842380836029406054876744747161865234375
1.0000204479081491459879771355190314352512359619140625
0.999985929905651715898784459568560123443603515625
0.9999696523398284853101358748972415924072265625
1.0019756808940343262293026782572269439697265625
0.999970841762538587005337831215001642704010009765625
1.000114958977294410402691937633790075778961181640625
1.0030107109836858825246963533572852611541748046875
0.99991264561722192905079964475589804351329803466796875
1.0013644213955636974588969678734429180622100830078125
0.9999654429718614068178794695995748043060302734375
0.99999219040437969940882112496183253824710845947265625
0.99999278603677199672716824352391995489597320556640625
0.9999271462146854805297380153206177055835723876953125
1.00002712518846781364345588372088968753814697265625
1.000029339674837647322647171677090227603912353515625
1.00000423339505939424043390317820012569427490234375
0.99986155400733423004311362092266790568828582763671875
1.0000978228860579744008418856537900865077972412109375
1.0000054291274838025316284984000958502292633056640625
1.0000109151350635716681836129282601177692413330078125
0.99998873203900429107449099319637753069400787353515625
0.99996882102271456016495676522026769816875457763671875
0.99997329461370243475215602302341721951961517333984375
1.0001025455332890334858575442922301590442657470703125
0.99999964230561222411353128336486406624317169189453125
0.99996369080520619565533024797332473099231719970703125
1.0000743508565046457903235932462848722934722900390625
1.0000011327213140788217060617171227931976318359375
1.0007914530477093340010696920217014849185943603515625
1.0017561365810963014411072435905225574970245361328125
1.0000118031091178583125156364985741674900054931640625
1.0000036965224250451456100563518702983856201171875
1.000000536687478902564407690078951418399810791015625
1.0000015501140853135808583829202689230442047119140625
1.000002385009736816101622025598771870136260986328125
0.999851430519523187712138678762130439281463623046875
1.00008825512170407279199935146607458591461181640625
0.9998532701848592552096306462772190570831298828125
0.99996077205835443013626218089484609663486480712890625
0.99995331816064247920650132073205895721912384033203125
1.00038269103083177213875387678854167461395263671875
0.9999545027544616271342192703741602599620819091796875
0.99996190203182011568827647352009080350399017333984375
1.0000010731512347650351557604153640568256378173828125
0.99999015723371742492275870972662232816219329833984375
0.999940010108833376989423413760960102081298828125
1.000051227198529346651412197388708591461181640625
1.00044552360028404791592038236558437347412109375
1.0000322552603797543468999720062129199504852294921875
0.99989828487794241151931373678962700068950653076171875
1.00004697712625301164734992198646068572998046875
1.00023098612268324103524719248525798320770263671875
1.0000008346662656588677009494858793914318084716796875
1.000030508754071956190045966650359332561492919921875
0.99970320695084791129403356535476632416248321533203125
0.9999481332160786717366818265873007476329803466796875
1.0000196163729100362616009078919887542724609375
0.99994842597875865930490135724539868533611297607421875
0.99995444027794289088006962629151530563831329345703125
0.9999933833571403862805482276598922908306121826171875
1.0000531170402684466580467415042221546173095703125
1.0018663279036872371108302104403264820575714111328125
0.99998694319820213838312383813899941742420196533203125
1.000056580914881809718508520745672285556793212890625
0.9999370976972927760328957447200082242488861083984375
1.0000503903492881097037070503574796020984649658203125
0.99998664439221585098493960686028003692626953125
0.99998419960537177075821091420948505401611328125
1.0000267701540803688686764871818013489246368408203125
1.00017871502820998586003042873926460742950439453125
1.0000194968024349595481226060655899345874786376953125
0.9999759728706880679283131030388176441192626953125
1.000041319525019734015813810401596128940582275390625
1.0018330116981122301922368933446705341339111328125
1.0000998684181421349848051249864511191844940185546875
1.000001311634056921917590443626977503299713134765625
1.000212217244568879692678819992579519748687744140625
0.99995724766552573914424328904715366661548614501953125
0.999951472207435632100214206730015575885772705078125
1.0000413188820196364048342729802243411540985107421875
1.000440657926682685996411237283609807491302490234375
1.0000016097328983111225397806265391409397125244140625
0.99999242777784436153609703978872857987880706787109375
1.0000038753427442639321043316158466041088104248046875
1.0000107921117891152107404195703566074371337890625
1.0000237298026883880908144419663585722446441650390625
1.00003774601546968625598310609348118305206298828125
0.99991194938688499060930325867957435548305511474609375
1.0000647535626085993243350458214990794658660888671875
1.0000172888949909744127353405929170548915863037109375
1.001590511663981164502956744399853050708770751953125
1.000016397539319701337490187142975628376007080078125
1.00183437861428359383353381417691707611083984375
1.000014553902315750377738368115387856960296630859375
0.99996666313419135807549764649593271315097808837890625
0.99996971687844682374901594812399707734584808349609375
0.9999960654318680308705324932816438376903533935546875
1.000277441129844735456799753592349588871002197265625
1.0000179271719396023598847023095004260540008544921875
0.99983235686573157519063670406467281281948089599609375
1.00004609357819251869159415946342051029205322265625
1.0000087041115957031678362909588031470775604248046875
0.99991825948386736655493223224766552448272705078125
0.9999852136907867450332787484512664377689361572265625
1.0002360885876655505200005791266448795795440673828125
1.0001807870177976678149889266933314502239227294921875
0.9999980325082109544609920703805983066558837890625
0.999902238692220723947912119911052286624908447265625
1.0000326264818955035451608637231402099132537841796875
0.99993783542098224614846913027577102184295654296875
1.0000664236538805429432841265224851667881011962890625
1.00000506686442935944114651647396385669708251953125
0.99996106233401549356898385667591355741024017333984375
0.99997662640704410019765191464102827012538909912109375
1.000079934787529989392851348384283483028411865234375
1.000439494627164638274052776978351175785064697265625
0.9999667357168802173106314512551762163639068603515625
1.000047404538886297586941509507596492767333984375
1.0003411114340552412471652132808230817317962646484375
1.000000059613304070893491370952688157558441162109375
1.000000536557063668396949651651084423065185546875
0.99996613734407080453792104890453629195690155029296875
1.0002460951334837258031029705307446420192718505859375
0.99979610693734655146869272357434965670108795166015625
1.00001544209004578078747726976871490478515625
0.999956000133072731017591650015674531459808349609375
1.0000141333905825380412579761468805372714996337890625
0.99998408075671141315154955009347759187221527099609375
0.99999087879256676192341046771616674959659576416015625
1.0000073943833098777389523093006573617458343505859375
0.99998885208753007791671052473247982561588287353515625
1.000014903637846952477730155806057155132293701171875
1.0000215227956215091609237788361497223377227783203125
0.999971141772778793210818548686802387237548828125
0.9999785394689866269146705235471017658710479736328125
0.99996946895359306584083469715551473200321197509765625
0.9999918925002766467713399833883158862590789794921875
1.000010792053232844267540713190101087093353271484375
1.00002003471610834139937651343643665313720703125
0.99981504171465640506966110478970222175121307373046875
0.9999752600968612181731032251263968646526336669921875
1.000057540428710201041440086555667221546173095703125
0.99998896792492752982894899105303920805454254150390625
0.9999812800421044034493434082833118736743927001953125
