0.1239032582668385951141232226291322149336338043212890625
0.1224179283669800943901151413228944875299930572509765625
0.1327127326202039991898118387325666844844818115234375
0.1304127381811333863392832199679105542600154876708984375
0.11953425395231979944110634050957742147147655487060546875
0.1412411620607751938649698786321096122264862060546875
0.130946313092086208396125357467099092900753021240234375
0.15553582957395450936388670015730895102024078369140625
0.11209216239789369928825379929548944346606731414794921875
0.140271441145081887658108144023572094738483428955078125
0.11061198510146240392426619791876873932778835296630859375
0.1503838196032422913628323613011161796748638153076171875
0.1739513735397942018057193536151316948235034942626953125
0.142063878876993399114070371069828979671001434326171875
0.1125152320615668000147735483551514334976673126220703125
0.09913952607850699816349759885270032100379467010498046875
0.1235278401908679046794503619821625761687755584716796875
0.141628614077547398952816593009629286825656890869140625
0.15555431307626299552993032193626277148723602294921875
0.1447326455851135895702697098386124707758426666259765625
0.1563414039719634995861952120321802794933319091796875
0.131012435395271686910945163617725484073162078857421875
0.1422558039807015062283568340717465616762638092041015625
0.133642114601149886166098212925135158002376556396484375
0.131816444386318287751436173493857495486736297607421875
0.11551801943910590397823767716545262373983860015869140625
0.12177030825252099788258419721387326717376708984375
0.138901057885500500699293979778303764760494232177734375
0.141524783124244490917220673509291373193264007568359375
0.0814891701707121940412292815381078980863094329833984375
0.15796444260304121076643468768452294170856475830078125
0.1246779524596360044785825493818265385925769805908203125
0.111696524745611702744696458466933108866214752197265625
0.12351344222151659779651566850589006207883358001708984375
0.1294487817289176889712365436935215257108211517333984375
0.11802395027110750003185302148267510347068309783935546875
0.1215049599083107001451509177059051580727100372314453125
0.1146326915916938971040650585564435459673404693603515625
0.1252007695095158912312882648620870895683765411376953125
0.1561551291547688957717099356159451417624950408935546875
0.1402762991224129063283498908276669681072235107421875
0.1477162670573536062956776504506706260144710540771484375
0.11761917661433769766166079762115259654819965362548828125
0.096513267418539105957364654386765323579311370849609375
0.13343228067070700415541750771808438003063201904296875
0.12190814094111300514011730911079212091863155364990234375
0.1278525986911888956409910633738036267459392547607421875
0.12865933521776840020578447365551255643367767333984375
0.1381130771719689953602738796689664013683795928955078125
0.128732291778261009884687382509582675993442535400390625
0.11099864164965909940629984475890523754060268402099609375
0.1334001779209610105692007664401899091899394989013671875
0.144046663018388698684901783053646795451641082763671875
0.1102703887662050963314186446950770914554595947265625
0.12105552197004630643473177542546181939542293548583984375
0.1545648424917198948680407966094207949936389923095703125
0.1336095686959963002582441049526096321642398834228515625
0.1612335781139100088221738360516610555350780487060546875
0.1306258999963630096363687016491894610226154327392578125
0.156713162604715794401499806554056704044342041015625
0.1455583331175133998680593094832147471606731414794921875
0.10826898145091200242884355020578368566930294036865234375
0.128804867568834302549163339790538884699344635009765625
0.1574590829061122965182306643328047357499599456787109375
0.12251159961435779954808111824604566209018230438232421875
0.1901377455241186897882954554006573744118213653564453125
0.143004652918723496046737864162423647940158843994140625
0.1307672535844315031550166850138339214026927947998046875
0.1330941482710918943865863184328190982341766357421875
0.1159732816669157007272161763467011041939258575439453125
0.14966559866069950590627968267654068768024444580078125
0.11713755282937769741646860666151042096316814422607421875
0.1243699376710364068454595098955905996263027191162109375
0.12459198793986879516548782476093037985265254974365234375
0.12476923164795579446195716855072532780468463897705078125
0.115469307695999001683873075307928957045078277587890625
0.1194337758651262959563865706513752229511737823486328125
0.15236257871454050860648976595257408916950225830078125
0.1366491863199283951502138734213076531887054443359375
0.1344473863815884018269031230374821461737155914306640625
0.159452989377455001118732980103231966495513916015625
0.12436567263903360036625400653065298683941364288330078125
0.1358542711222948951022004848709912039339542388916015625
0.12460217767325730553462648231288767419755458831787109375
0.11796417745752639516521043105967692099511623382568359375
0.1270614003999543939471550402231514453887939453125
0.143807728536446688405447957848082296550273895263671875
0.1270823576292360035377981830606586299836635589599609375
0.1557283235617341887735420868921210058033466339111328125
0.139973238654172493777849695106851868331432342529296875
0.12243091112140909448857684083122876472771167755126953125
0.133495231065786812418849649475305341184139251708984375
0.1489878386772222895739758996569435112178325653076171875
0.1296104022388616938687988522360683418810367584228515625
0.1609971540920855925804744401830248534679412841796875
0.1344863375836831964615925016914843581616878509521484375
0.11816637319187239807405376268434338271617889404296875
0.1398300222643578949455189786021946929395198822021484375
0.133874725012495698894809947887551970779895782470703125
0.1143182178515018965203609013769892044365406036376953125
0.126160514776310905826761654680012725293636322021484375
0.1783734283895692940280497396088321693241596221923828125
0.137081641436094303632131641279556788504123687744140625
0.12110033439018630385675123761757276952266693115234375
0.11361885558308039423369706355515518225729465484619140625
0.1176798457147029963731910129354218952357769012451171875
0.1406934096335115957909778217072016559541225433349609375
0.1378613951448293961643543070749728940427303314208984375
0.1553962192679672060791062904172576963901519775390625
0.124228124070841994264213781207217834889888763427734375
0.126459260134899886818260483778431080281734466552734375
0.122915874687832993306102480346453376114368438720703125
0.143588037038406113321542534322361461818218231201171875
0.1472959348077018948419691923845675773918628692626953125
0.12414500194423859491532624588217004202306270599365234375
0.130017156587455995353508342304849065840244293212890625
0.1106787842850698033725365121426875703036785125732421875
0.1492152832639546955473264233660302124917507171630859375
0.122417092172027397456446351498016156256198883056640625
0.1373063195660386981433731534707476384937763214111328125
0.1484400413250185069014008831800310872495174407958984375
0.1329850776888497898564622801131918095052242279052734375
0.1442386163498330098331479121043230406939983367919921875
0.1468522763696304134217740511303418315947055816650390625
0.136064673985146100676502101123332977294921875
0.1724859976168066910684473214132594875991344451904296875
0.141391907962953700117481048437184654176235198974609375
0.126765401681738498762541667019831947982311248779296875
0.1420069687792057944175638795059057883918285369873046875
0.11741115791627070030767043817832018248736858367919921875
0.1531540882633180000738093440304510295391082763671875
0.121718986494489700422860778417089022696018218994140625
0.11644934775594399656295507838876801542937755584716796875
0.11998696679773800111146186964106163941323757171630859375
0.1346057206958259089280005582622834481298923492431640625
0.1156959406118250044404049958757241256535053253173828125
0.12458014573070190500470033612145925872027873992919921875
0.1362843849302672882828346700989641249179840087890625
0.1292918914460715884562347355313249863684177398681640625
0.1496419853978880054601319216089905239641666412353515625
0.1456819095045326084569836666560149751603603363037109375
0.1265953340202926880042610946475178934633731842041015625
0.134744436292528690923830936299054883420467376708984375
0.1341342392675242134458812870434485375881195068359375
0.1441153101017436932718140951692475937306880950927734375
0.1576701333804350901868218670642818324267864227294921875
0.123728491462756495788966049076407216489315032958984375
0.1341765857653340054955748428255901671946048736572265625
0.116876247193587301520523169529042206704616546630859375
0.1496117181584736000043989179175696335732936859130859375
0.1414464734331949136159067847984260879456996917724609375
