0.015365898609161300625292057020487845875322818756103515625
0.00636225938796989957946248495090912911109626293182373046875
0.01202982664108269948710638885813750675879418849945068359375
0.003287434577941799988820559264013354550115764141082763671875
0.004773199558258000262112030753769431612454354763031005859375
0.0259503722190855996843072972524169017560780048370361328125
0.0100058317184447999326213363247006782330572605133056640625
0.00000345706939697265582648352637284983046583874966017901897430419921875
0.0011756420135497999170104410637804903672076761722564697265625
0.000604093074798499958706632373406364422407932579517364501953125
0.000003278255462646484375
0.0264785289764403984624774324174723005853593349456787109375
0.0010188817977905000218552533652882630121894180774688720703125
0.030832111835479701633655480463858111761510372161865234375
0.000024616718292236328125
0.01192778348922719951208382127560980734415352344512939453125
0.0322883725166319968113981531132594682276248931884765625
0.000605285167693999964950990477774439568747766315937042236328125
0.023159801959991399566973768742172978818416595458984375
0.01055437326431270077253810057982263970188796520233154296875
0.041812598705291699474617672649401356466114521026611328125
0.0003857016563414999879393085802092855374212376773357391357421875
0.00716572999954219989893200448705101734958589076995849609375
0.0033118724822997999170104410637804903672076761722564697265625
0.01157546043395990022217834081175169558264315128326416015625
0.00127321481704710005866676425512196146883070468902587890625
0.00061368942260739997411611579281043304945342242717742919921875
0.002949357032775799976331843055277204257436096668243408203125
0.015983104705810498302742672649401356466114521026611328125
0.00000345706939697265582648352637284983046583874966017901897430419921875
0.0051819086074828997479091441391574335284531116485595703125
0.000012695789337158204819065894508600678136645001359283924102783203125
0.0032427310943602999544765896899889412452466785907745361328125
0.042144834995269699062792057020487845875322818756103515625
0.01981943845748899979408719218554324470460414886474609375
0.01380628347396850065520457206957871676422655582427978515625
0.0111737251281738003694243843710864894092082977294921875
0.000003516674041748046875
0.007650196552276600052422406150753886322490870952606201171875
0.004542231559753399754153502243525508674792945384979248046875
0.0127031803131102995207957206957871676422655582427978515625
0.0238558650016784008773829128813304123468697071075439453125
0.00101751089096059990114773174951778855756856501102447509765625
0.005238652229308999631884891101663015433587133884429931640625
0.0032396912574768001354119650869733959552831947803497314453125
0.0407910346984863003694243843710864894092082977294921875
0.00003945827484130859375
0.008248865604400600071155480463858111761510372161865234375
0.000004231929779052734375
0.007062554359435999594418742475454564555548131465911865234375
0.003377914428710900203445266498647470143623650074005126953125
0.0006852149963377999856983802118293169769458472728729248046875
0.005307435989379800413134891101663015433587133884429931640625
0.03723055124282829975168596092771622352302074432373046875
0.01114380359649650049924662909006656263954937458038330078125
0.0081582069396971997055079128813304123468697071075439453125
0.01352119445800780035693566816235033911652863025665283203125
0.006368637084960900203445266498647470143623650074005126953125
0.0106701254844665006926707206957871676422655582427978515625
0.028305113315582199062792057020487845875322818756103515625
0.004984736442565899754153502243525508674792945384979248046875
0.03261792659759520096596219218554324470460414886474609375
0.0200906991958617990590152402319290558807551860809326171875
0.0128449201583861992437274324174723005853593349456787109375
0.000003397464752197265625
0.051585555076599100277068288278314867056906223297119140625
0.0020862221717833999944102796320066772750578820705413818359375
0.004634559154510400034998607310399165726266801357269287109375
0.01425057649612419992390943690452331793494522571563720703125
0.00626587867736809987773138885813750675879418849945068359375
0.00643765926361079994511005253343682852573692798614501953125
0.03742116689681999897043596092771622352302074432373046875
0.041401028633117599453417057020487845875322818756103515625
0.004109501838683999631884891101663015433587133884429931640625
0.0302664041519165004368030480463858111761510372161865234375
0.0018709897994995000093665371565521127195097506046295166015625
0.0017137527465820000249774324174723005853593349456787109375
0.00875610113143920031075762011596452794037759304046630859375
0.0011659264564513999694328472145343766896985471248626708984375
0.005814433097839299957598768742172978818416595458984375
0.01024234294891349962564053299729494028724730014801025390625
0.00665134191513059962186371620873615029267966747283935546875
0.000003397464752197265625
0.015864729881286600277068288278314867056906223297119140625
0.005151867866516100270823930173946791910566389560699462890625
0.019367873668670598785723768742172978818416595458984375
0.002928912639617899972555026266718414262868463993072509765625
0.00968551635742180040689053299729494028724730014801025390625
0.00940829515457150024337895644066520617343485355377197265625
0.00104075670242300007649338677850892054266296327114105224609375
0.0026554465293883999787993843710864894092082977294921875
0.00176680088043210006647221188558205540175549685955047607421875
0.040174126625061000461780480463858111761510372161865234375
0.00904864072799680015102286034789358382113277912139892578125
0.0184717774391174004156024324174723005853593349456787109375
0.00155001878738400002653852194356431937194429337978363037109375
0.0310936570167540983489207206957871676422655582427978515625
0.00306069850921629992013262011596452794037759304046630859375
0.005253195762634200148555319032084298669360578060150146484375
0.0085840821266174004156024324174723005853593349456787109375
0.01309502124786370014231096092771622352302074432373046875
0.0171607136726379012892085285102439229376614093780517578125
0.000669896602630599947124367954387480494915507733821868896484375
0.0119445323944090998902201050668736570514738559722900390625
0.0201283097267150011544512011596452794037759304046630859375
0.0036081671714781999270316159567073555081151425838470458984375
0.005078613758087100089888554776962337200529873371124267578125
0.0589073300361633023225493843710864894092082977294921875
0.0117758512496947999326213363247006782330572605133056640625
0.00299966335296629992013262011596452794037759304046630859375
0.00654488801956169992390943690452331793494522571563720703125
0.027195632457733098785723768742172978818416595458984375
0.0006049275398253999881659215276386021287180483341217041015625
0.000732481479644700038574012257441836482030339539051055908203125
0.0113986730575561003020457206957871676422655582427978515625
0.01086699962615960031453443690452331793494522571563720703125
0.00923532247543329930239419667259426205419003963470458984375
0.00523835420608519987395457206957871676422655582427978515625
0.01650893688201900133538657655662973411381244659423828125
0.02667063474655149979408719218554324470460414886474609375
0.0185970664024352992649280480463858111761510372161865234375
0.007572293281555100320778795008891393081285059452056884765625
0.0033602118492126000805220176204102244810201227664947509765625
0.00156790018081660008364419667259426205419003963470458984375
0.0277944803237915004368030480463858111761510372161865234375
0.0035805702209472001391887818755321859498508274555206298828125
0.00002783536911010742526313178901720135627329000271856784820556640625
0.0020529627799986999332759740610754306544549763202667236328125
0.00688320398330679976417467713645237381570041179656982421875
0.0033663511276245000093665371565521127195097506046295166015625
0.00524830818176259990270882127560980734415352344512939453125
0.019923567771911600277068288278314867056906223297119140625
0.000989496707916199917665078800155242788605391979217529296875
0.017897129058837800419379249206031090579926967620849609375
0.003395557403564400215933982707383620436303317546844482421875
0.00120645761489859989178119459296567583805881440639495849609375
0.020204246044158900852405480463858111761510372161865234375
0.000014364719390869140625
0.01246941089630120014231096092771622352302074432373046875
0.00843167304992670056662529276536588440649211406707763671875
0.0030425786972045000718101182002328641829080879688262939453125
0.0089813470840453997479091441391574335284531116485595703125
0.001795232295989900028754249206031090579926967620849609375
0.000003397464752197265625
0.0022094249725340998902201050668736570514738559722900390625
0.017102181911468498920481096092771622352302074432373046875
0.0038331151008604998596529522814080337411724030971527099609375
0.00678247213363640001626553299729494028724730014801025390625
0.0034432411193847001391887818755321859498508274555206298828125
0.00111544132232660009144964430305435598711483180522918701171875
0.0264880657196043985124322972524169017560780048370361328125
