-53.27973918574880229925838648341596126556396484375
-50.46170668341790843669514288194477558135986328125
-51.73207497583820924091924098320305347442626953125
-53.8752182803273029776391922496259212493896484375
-61.85936958175458499908927478827536106109619140625
-51.010012871387374389087199233472347259521484375
-50.1719488709643570700791315175592899322509765625
-50.5642151994090767175293876789510250091552734375
-58.398766370977426731769810430705547332763671875
-54.5531076678652198097552172839641571044921875
-52.907888739287130874799913726747035980224609375
-53.87053030750518445302077452652156352996826171875
-59.7874940148135607387303025461733341217041015625
-53.23426726666178865343681536614894866943359375
-49.32295148959946118338848464190959930419921875
-53.75039872092805381953439791686832904815673828125
-48.61973588538878487952388240955770015716552734375
-48.704622828160381686757318675518035888671875
-52.91077043736498808357282541692256927490234375
-53.505858696157673648485797457396984100341796875
-53.58887273910321624725838773883879184722900390625
-50.968383485274756594662903808057308197021484375
-51.89379599624806616020578076131641864776611328125
-55.01615177952220392398885451257228851318359375
-52.87251022924778709466409054584801197052001953125
-56.4171740557154635098413564264774322509765625
-57.82935400315758300848756334744393825531005859375
-51.31657290395883563860479625873267650604248046875
-51.5288942355794716831951518543064594268798828125
-52.98231845809420548221169156022369861602783203125
-53.95553191104232837460585869848728179931640625
-53.4120200391832185005114297382533550262451171875
-50.57575941280837383828838937915861606597900390625
-59.68633413220823058509267866611480712890625
-53.06836472417487726715989992953836917877197265625
-47.15692240845421423500738455913960933685302734375
-47.6771656366989162734171259216964244842529296875
-52.8689212258447440717645804397761821746826171875
-61.43584309948665378442456130869686603546142578125
-52.80026658496814917498340946622192859649658203125
-51.8595428868450056825167848728597164154052734375
-50.7703407939126378778382786549627780914306640625
-59.28502320616649257090102764777839183807373046875
-51.2856627048217177389233256690204143524169921875
-48.73548583581227688910075812600553035736083984375
-58.459332015461995979421772062778472900390625
-50.54262658781737371782583068124949932098388671875
-46.31129834251603227812665863893926143646240234375
-51.68046591232128861292949295602738857269287109375
-54.5669518453685924441742827184498310089111328125
-58.278473918907224060603766702115535736083984375
-53.33515017310293870878012967295944690704345703125
-50.379737887580319011249230243265628814697265625
-50.30662237366086486645144759677350521087646484375
-51.2019619062865984915333683602511882781982421875
-59.16889723081960283934677136130630970001220703125
-53.80406554041633881979578291065990924835205078125
-48.2652892300469460451495251618325710296630859375
-53.885105959305974465678445994853973388671875
-51.5602789723929078036235296167433261871337890625
-57.61717652707179837534567923285067081451416015625
-50.61058023833542307556854211725294589996337890625
-53.52375656773353540529569727368652820587158203125
-60.6012721032866323866983293555676937103271484375
-55.0573864302127589098745374940335750579833984375
-48.46316733177327051862448570318520069122314453125
-52.64473016512014424961307668127119541168212890625
-56.02782667050081499837688170373439788818359375
-46.574949769114340369924320839345455169677734375
-51.2394260008226325453506433404982089996337890625
-55.01508225763904391669711912982165813446044921875
-51.85394872794891085732160718180239200592041015625
-53.1811198589922895507697830908000469207763671875
-48.282794354069409337171236984431743621826171875
-52.41927538199223590709152631461620330810546875
-48.3028112885503588813662645407021045684814453125
-53.81830597116960035464217071421444416046142578125
-55.08006229382723262233412242494523525238037109375
-54.1086440567727180450674495659768581390380859375
-51.9983950049399794579585432074964046478271484375
-57.04953000859593004179259878583252429962158203125
-60.9447590312181119998058420605957508087158203125
-48.27369525167491559614063589833676815032958984375
-53.2151304756487917302365531213581562042236328125
-57.90643073653753702956237248145043849945068359375
-46.80132313322994974669200018979609012603759765625
-53.05453746610066190214638481847941875457763671875
-48.48520749111950323140263208188116550445556640625
-50.5775250360946557748320628888905048370361328125
-51.0808151872916340607844176702201366424560546875
-55.3632138825716850760727538727223873138427734375
-54.550442947223729106553946621716022491455078125
-53.47558253310006648462149314582347869873046875
-48.81067939295264324073286843486130237579345703125
-55.43162068898714522902082535438239574432373046875
-50.78845613918200996295126969926059246063232421875
-52.7597518763899415716878138482570648193359375
-54.10541173090943090073778876103460788726806640625
-48.417625715571404043657821603119373321533203125
-51.3190686873796266809222288429737091064453125
-47.751999633224812669141101650893688201904296875
-52.30607664636131204360935953445732593536376953125
-54.193257204423161965678445994853973388671875
-53.78252658370923455777301569469273090362548828125
-50.93133108008697718105395324528217315673828125
-53.33161178800330759486314491368830204010009765625
-54.328255412062929963212809525430202484130859375
-59.268381668008629503674455918371677398681640625
-54.659924484408207945307367481291294097900390625
-50.9397661048471519507074845023453235626220703125
-52.93368606629993422529878444038331508636474609375
-58.4385079067062491731121554039418697357177734375
-47.77098608872153562288076500408351421356201171875
-47.91527593709692922629983513616025447845458984375
-55.5428861315078989946414367295801639556884765625
-52.0562981286975627881474792957305908203125
-49.36314440825656646438801544718444347381591796875
-52.787932168160494939002091996371746063232421875
-55.87185210699983173299187910743057727813720703125
-53.72613257466122860250834492035210132598876953125
-52.73297824513536369295252370648086071014404296875
-59.3323118959293225316287134774029254913330078125
-52.97980832647812832192357745952904224395751953125
-50.5094136651652974023818387649953365325927734375
-55.58322632856707201653989613987505435943603515625
-48.88177124161691011750008328817784786224365234375
-53.38728168601375045909662730991840362548828125
-56.1858666042959242759025073610246181488037109375
-53.0641553995493069351141457445919513702392578125
-57.38954796930658375231359968893229961395263671875
-48.5243667158706131203871336765587329864501953125
-52.958898709794283377050305716693401336669921875
-60.11679920130259091592961340211331844329833984375
-52.3559158985811592401660163886845111846923828125
-48.15629480955285401932997046969830989837646484375
-54.90549649887177707796581671573221683502197265625
-55.02635257744882579800105304457247257232666015625
-55.00092241389915415084033156745135784149169921875
-49.0537038327633609924305346794426441192626953125
-49.955346644750846962779178284108638763427734375
-50.58166830891901355471418355591595172882080078125
-53.8887393614090939308880479075014591217041015625
-51.28765420181762380025247693993151187896728515625
-53.25580488668752110470450134016573429107666015625
-56.92893793390021528466604650020599365234375
-54.8110642958213105657705455087125301361083984375
-46.7580149647307763416392845101654529571533203125
-54.4113719209666442111483775079250335693359375
-56.920574008083036687821731902658939361572265625
-50.28312971801752695455434150062501430511474609375
-51.59650525186803093902199179865419864654541015625
