9.3048369884490966796875
9.318274974822998046875
9.4736883640289306640625
9.4020369052886962890625
9.3264610767364501953125
9.2768714427947998046875
9.31309986114501953125
9.326208591461181640625
9.5309236049652099609375
9.5587790012359619140625
9.509968280792236328125
9.5376417636871337890625
9.4129161834716796875
9.3563377857208234189556605997495353221893310546875
9.4186561107635498046875
9.4484345912933367372943394002504646778106689453125
9.3048915863037127138568394002504646778106689453125
9.300357818603515625
9.3473217487335205078125
9.345857143402099609375
9.3400428295135498046875
9.3033788204193115234375
9.571392536163330078125
9.542937755584716796875
9.19098567962646484375
9.3182523250579833984375
9.3283689022064191220806605997495353221893310546875
9.225017547607421875
9.2735595703125
9.3351542949676513671875
9.38950252532958984375
9.3421506881713884951068394002504646778106689453125
9.4870250225067138671875
9.4424412250518798828125
9.4314467906951904296875
9.410045623779296875
9.4590053558349591611431605997495353221893310546875
9.5202808380126953125
9.612291812896728515625
9.5587255954742431640625
9.4295651912689191220806605997495353221893310546875
9.3440411090850847841693394002504646778106689453125
9.346176624298095703125
9.3546772003173845888568394002504646778106689453125
9.246200084686279296875
9.3316957950592041015625
9.6375000476837158203125
9.616443634033203125
9.1996295452117919921875
9.26599216461181640625
9.2274501323699951171875
9.1625707149505615234375
9.4233095645904541015625
9.4029421806335431455181605997495353221893310546875
9.415235996246337890625
9.4946715831756591796875
9.1959068775177001953125
9.246344089508056640625
9.26239109039306640625
9.1529097557067888857318394002504646778106689453125
9.3505172729492205263568394002504646778106689453125
9.357030391693115234375
9.2438805103302001953125
9.21059131622314453125
9.6053845882415753720806605997495353221893310546875
9.6104240417480486513568394002504646778106689453125
9.596045970916748046875
9.628934383392333984375
9.2031180858612060546875
9.24002838134765625
9.275291919708251953125
9.2718555927276593564556605997495353221893310546875
9.4338414669036882997943394002504646778106689453125
9.2975721359252911923931605997495353221893310546875
9.3322508335113525390625
9.4269492626190203310443394002504646778106689453125
9.2812287807464599609375
9.3222768306732177734375
9.3953130245208740234375
9.3607482910156232236431605997495353221893310546875
9.334407806396484375
9.2468030452728271484375
9.3464820384979248046875
9.2155344486236554502056605997495353221893310546875
9.624598979949951171875
9.4656534194946271298931605997495353221893310546875
9.51425838470458984375
9.5722420215606671689556605997495353221893310546875
9.3658692836761474609375
9.4018309116363525390625
9.3715362548828125
9.36740207672119140625
9.5608117580413818359375
9.4190800189971923828125
9.578601837158203125
9.384836673736572265625
9.3708488941192644716693394002504646778106689453125
9.392732143402099609375
9.4753696918487566591693394002504646778106689453125
9.4316287040710431455181605997495353221893310546875
9.2176070213317888857318394002504646778106689453125
9.1844031810760498046875
9.5749905109405517578125
9.647975921630859375
9.5504508018493634580181605997495353221893310546875
9.5592653751373273252056605997495353221893310546875
9.343402385711669921875
9.4235484600067138671875
9.3943159580230712890625
9.3177080154418963076068394002504646778106689453125
9.31447696685791015625
9.48770046234130859375
9.4508106708526593564556605997495353221893310546875
9.3899447917938232421875
9.4728262424468994140625
9.2476923465728759765625
9.3298685550689697265625
9.3502905368804913877056605997495353221893310546875
9.33420467376708984375
9.3124001026153564453125
9.3444001674652099609375
9.217794895172119140625
9.11359882354736328125
9.355446338653564453125
9.4003772735595703125
9.296298980712890625
9.3374207019805908203125
9.31932544708251953125
9.3592419624328595517681605997495353221893310546875
9.3661839962005615234375
9.3764159679412841796875
9.4511473178863525390625
9.40696239471435546875
9.3566830158233642578125
9.3116056919097900390625
9.2866842746734619140625
9.300668239593505859375
9.2921173572540283203125
9.2830603122711181640625
9.3021399974822998046875
9.24287128448486328125
9.7072150707244873046875
9.2749059200286882997943394002504646778106689453125
9.2524342536926287294818394002504646778106689453125
9.448464870452880859375
9.4824335575103759765625
9.44440174102783203125
9.3747003078460693359375
9.3291001319885236142681605997495353221893310546875
9.431053638458251953125
9.2890751361846923828125
