0.29646282588672523417017146130092442035675048828125
0.336205812277823590239478335206513293087482452392578125
0.309540720981206052275780393756576813757419586181640625
0.318925178600469372280912239148165099322795867919921875
0.345675699166438032960968484985642135143280029296875
0.376227333332443791835686397462268359959125518798828125
0.318148323879787808809993521208525635302066802978515625
0.39046015313446880146130979483132250607013702392578125
0.352412794852729083228126683025038801133632659912109375
0.328598063368420734153829698698245920240879058837890625
0.35503916980181615681289031272171996533870697021484375
0.30190482330135470778742501352098770439624786376953125
0.327569108953431165076608522213064134120941162109375
0.306762934347191151829292721231468021869659423828125
0.34399560208616219991739626493654213845729827880859375
0.298889612113388436487326771384687162935733795166015625
0.317525419085894655690793797475635074079036712646484375
0.3869063077247165693961505894549190998077392578125
0.284135609216675855126510441550635732710361480712890625
0.327476174685540744047074213085579685866832733154296875
0.379807919998674303752039804749074392020702362060546875
0.27514995392417873620871660023112781345844268798828125
0.292595053445551034343452556640841066837310791015625
0.34944007022616696556127635631128214299678802490234375
0.337109860670557204276320817371015436947345733642578125
0.3285251841777554471235589517164044082164764404296875
0.348811977007581985876782937339157797396183013916015625
0.3064976383276969418290036628604866564273834228515625
0.292736372693646551557122847952996380627155303955078125
0.317121244139489721902691599098034203052520751953125
0.357199756893498421295163325339672155678272247314453125
0.34661000058846180849059237516485154628753662109375
0.325041998765367046164698194843367673456668853759765625
0.28547792509654801307306115631945431232452392578125
0.34359551759800577297454537983867339789867401123046875
0.300202851191351094417569811412249691784381866455078125
0.328637259484861832259383618293213658034801483154296875
0.268907927752605357962778498404077254235744476318359375
0.3303900792959686416594422553316690027713775634765625
0.3737485493109604650641131229349412024021148681640625
0.25478578260025142032674239089828915894031524658203125
0.374641737909816863183465329711907543241977691650390625
0.354383709287549641953063428445602767169475555419921875
0.299405643480092020780602979357354342937469482421875
0.341163648950435105522416279200115241110324859619140625
0.34716027024321427507658199829165823757648468017578125
0.36147510924981463009686422083177603781223297119140625
0.286679058505540818035939309993409551680088043212890625
0.272353665640153785876265146725927479565143585205078125
0.3455330790506396798633659273036755621433258056640625
0.35115553061304094484285087673924863338470458984375
0.300116026503592703278400222188793122768402099609375
0.315217427449074605316781116925994865596294403076171875
0.32538754920963086636476191415567882359027862548828125
0.345265219780131416005275468705804087221622467041015625
0.300249802740107707421657323720864951610565185546875
0.359493520140738043178174621061771176755428314208984375
0.2801118859910871616847316545317880809307098388671875
0.35813192835888163489954649776336736977100372314453125
0.34618260873772810359838558724732138216495513916015625
0.344836350219918152948395118073676712810993194580078125
0.30300477191528119025321075241663493216037750244140625
0.28557928829579903862168066552840173244476318359375
0.34971291774027390975021489794016815721988677978515625
0.281714764780708504243733614202938042581081390380859375
0.334000289722971632766501670630532316863536834716796875
0.29023003724499629729649541332037188112735748291015625
0.26082806470983543878361388124176301062107086181640625
0.34353636949242039033691753502353094518184661865234375
0.3208337240409573354327221750281751155853271484375
0.2837852684559092342198027836275286972522735595703125
0.27077315655995037868564168093143962323665618896484375
0.35998022452309152985350237941020168364048004150390625
0.315557806258720929815098088511149398982524871826171875
0.293483582856946811912024486446171067655086517333984375
0.293566876963312017867480108179734088480472564697265625
0.3243503984703008935497337006381712853908538818359375
0.31967251184746203751529947112430818378925323486328125
0.3000903145786446568621386177255772054195404052734375
0.17214497297905195782874443466425873339176177978515625
0.318121715523008108394975579358288086950778961181640625
0.368716786289137676835281354215112514793872833251953125
0.314378197051675190021313710531103424727916717529296875
0.3138809008199590078191931752371601760387420654296875
0.34968106847942548309760013580671511590480804443359375
0.2973404474702683319975449194316752254962921142578125
0.31936433890803195279062265399261377751827239990234375
0.30069524159852678568682904369779862463474273681640625
0.346087770059417099144383200837182812392711639404296875
0.402171648195101372191828659197199158370494842529296875
0.3309683778764960226936864273739047348499298095703125
0.37976587841769304798589246274787001311779022216796875
0.335835154254201351253783514039241708815097808837890625
0.318735366259569941060902920071384869515895843505859375
0.3154776026379872977400964373373426496982574462890625
0.3234040402406337388896417905925773084163665771484375
0.34154918450797489004600038242642767727375030517578125
0.30363624706217440252231654085335321724414825439453125
0.300277737736775629517893548836582340300083160400390625
0.283370923774720451238096075030625797808170318603515625
0.265229022336691933059427128682727925479412078857421875
0.29141740860911469201965928732533939182758331298828125
0.33604116132156847118750420122523792088031768798828125
0.333610596871736053703472180131939239799976348876953125
0.34857441945886413758870503443176858127117156982421875
0.340690326188951952968153591427835635840892791748046875
0.363006849813935661419606049093999899923801422119140625
0.317617528906291080037505025757127441465854644775390625
0.319841586140984512898199909614049829542636871337890625
0.312377793662764136062293118811794556677341461181640625
0.3488688052514479220889143107342533767223358154296875
0.30351031569531272680251277051866054534912109375
0.32880143351951740537941759612294845283031463623046875
0.280593823349275961476223528734408318996429443359375
0.356706267109835273299012214920367114245891571044921875
0.336045150742222797912717169310781173408031463623046875
0.333624863451883524323449137227726168930530548095703125
0.301978828516325348285676000159583054482936859130859375
0.343127095029267359382885160812293179333209991455078125
0.368910330288672927423476721742190420627593994140625
0.3435658154101541850167222946765832602977752685546875
0.28435176425351682549802490029833279550075531005859375
0.33369606293561726584329107936355285346508026123046875
0.35196757247076038144228959936299361288547515869140625
0.324970090864311889067295169297722168266773223876953125
0.371879742039679939136220809814403764903545379638671875
0.30951186276421382981283159097074531018733978271484375
0.35028127710814416229112566725234501063823699951171875
0.275098328719728668634303403450758196413516998291015625
0.342013552436762402475523003886337392032146453857421875
0.308843074474540013607537503048661164939403533935546875
0.377676045479633237800243250603671185672283172607421875
0.31534568144045771465044936121557839214801788330078125
0.315467638243142889376002813150989823043346405029296875
0.353434655269712239000767795005231164395809173583984375
0.327410767896659848918972102183033712208271026611328125
0.33230968592408294259854528718278743326663970947265625
0.36855513597710165552001626565470360219478607177734375
0.339859034689021732855707114140386693179607391357421875
0.29710292095724011307567025141906924545764923095703125
0.31409757063028231893753172698779962956905364990234375
0.278988679564030228608118022748385556042194366455078125
0.273149690453036331216907228736090473830699920654296875
0.30179385030636585174335095871356315910816192626953125
0.38170653281678534884946429883711971342563629150390625
0.282707344950425432106300149825983680784702301025390625
0.289880336274051020328812455773004330694675445556640625
0.371118535313324227065123750435304827988147735595703125
0.318249924708918274784963386991876177489757537841796875
0.3787763589278778653124390984885394573211669921875
0.28001490629814929089747010948485694825649261474609375
