4.56199550628662109375
4.54102611541748046875
4.565465450286865234375
4.661123752593994140625
4.5777647495269775390625
4.5200531482696533203125
4.6014053821563720703125
4.4752485752105712890625
4.5551674365997314453125
4.49139690399169921875
4.491280078887939453125
4.5971965789794921875
4.6245977878570556640625
4.5269756317138671875
4.6101281642913818359375
4.62522411346435546875
4.4779860973358154296875
4.487038135528564453125
4.5003795623779296875
4.5332677364349365234375
4.463489055633544921875
4.4343979358673095703125
4.549419403076171875
4.68430423736572265625
4.522223949432373046875
4.6880338191986083984375
4.6142580509185791015625
4.72399234771728515625
4.6222896575927734375
4.571242809295654296875
4.558133602142333984375
4.657247066497802734375
4.50443172454833984375
4.545097827911376953125
4.47319126129150390625
4.604492664337158203125
4.6732642650604248046875
4.6802082061767578125
4.496713161468505859375
4.58060455322265625
4.593463897705078125
4.519069194793701171875
4.5335514545440673828125
4.592149257659912109375
4.515766143798828125
4.527872562408447265625
4.703780651092529296875
4.520781040191650390625
4.45841884613037109375
4.6406481266021728515625
4.6008498668670654296875
4.431321620941162109375
4.58726787567138671875
4.5349791049957275390625
4.439123630523681640625
4.676166057586669921875
4.53462982177734375
4.503696441650390625
4.457027912139892578125
4.552168369293212890625
4.545508861541748046875
4.5469491481781005859375
4.5977308750152587890625
4.59725093841552734375
4.4880445003509521484375
4.5222823619842529296875
4.4791963100433349609375
4.5687768459320068359375
4.5892508029937744140625
4.567824840545654296875
4.648040294647216796875
4.58607578277587890625
4.6056778430938720703125
4.6547596454620361328125
4.6243937015533447265625
4.562097072601318359375
4.605156421661376953125
4.6049616336822509765625
4.521453380584716796875
4.524700164794921875
4.5218160152435302734375
4.5329310894012451171875
4.5589525699615478515625
4.56221866607666015625
4.6002175807952880859375
4.590382099151611328125
4.5530474185943603515625
4.60062313079833984375
4.55602931976318359375
4.6327826976776123046875
4.6272861957550048828125
4.4780337810516357421875
4.594893932342529296875
4.523854732513427734375
4.57341670989990234375
4.595127105712890625
4.5721962451934814453125
4.586169719696044921875
4.6038982868194580078125
4.537314891815185546875
4.5307905673980712890625
4.575675487518310546875
4.45590972900390625
4.6692371368408203125
4.646107196807861328125
4.5481660366058349609375
4.5314323902130126953125
4.2646224498748779296875
4.549458026885986328125
4.5837314128875732421875
4.496305942535400390625
4.512126445770263671875
4.619297504425048828125
4.6040518283843994140625
4.4754683971405029296875
4.5755901336669921875
4.494403839111328125
4.5739595890045166015625
4.5675275325775146484375
4.430183887481689453125
4.5222818851470947265625
4.6717350482940673828125
4.55240917205810546875
4.6446092128753662109375
4.5594060420989990234375
4.5495226383209228515625
4.5800483226776123046875
4.5463409423828125
4.4312407970428466796875
4.66381168365478515625
4.55999088287353515625
4.49751949310302734375
4.49943256378173828125
4.54835414886474609375
4.61701488494873046875
4.571504116058349609375
4.59510040283203125
4.450059413909912109375
4.65890598297119140625
4.590613842010498046875
4.8404505252838134765625
4.6512699127197265625
4.5832641124725341796875
4.5949432849884033203125
4.5825335979461669921875
4.5593235492706298828125
4.54416656494140625
4.5556476116180419921875
4.6641368865966796875
4.614580631256103515625
4.6219952106475830078125
