33.8060524463653564453125
33.6375191211700439453125
33.88422393798828125
33.6451046466827392578125
34.9905841350555419921875
34.7767846584320068359375
34.6632595062255859375
34.83552074432373046875
33.8082015514373779296875
33.6710913181304931640625
33.9148595333099365234375
35.7895243167877197265625
35.8786528110504150390625
36.0260145664215087890625
36.02525424957275390625
35.9530050754547119140625
34.2961766719818115234375
34.295558452606201171875
34.587469577789306640625
35.0250751972198486328125
35.2803020477294921875
35.007963657379150390625
35.19094944000244140625
35.19936847686767578125
33.5439364910125732421875
33.5816318988800048828125
33.7120730876922607421875
35.3132724761962890625
35.2251513004302978515625
35.4663412570953369140625
35.5815937519073486328125
35.3067781925201416015625
34.2678306102752685546875
34.53127193450927734375
34.6537635326385498046875
35.9693834781646728515625
35.90075969696044921875
35.7749955654144287109375
36.0168311595916748046875
35.9553906917572021484375
33.9481296539306640625
33.8577511310577392578125
34.0654580593109130859375
35.7482774257659912109375
35.7708156108856201171875
35.120655059814453125
35.2534954547882080078125
35.0300807952880859375
34.072730541229248046875
34.2408373355865478515625
34.2622468471527099609375
35.655601024627685546875
35.62504482269287109375
35.480207920074462890625
35.5655586719512939453125
35.6400601863861083984375
34.840162754058837890625
34.7029359340667724609375
34.445826053619384765625
34.6407725811004638671875
34.609522342681884765625
34.6793034076690673828125
34.561603546142578125
34.5924236774444580078125
35.3128631114959716796875
35.3137104511260986328125
35.3608968257904052734375
35.1884467601776123046875
35.1216526031494140625
35.4786989688873291015625
35.363188266754150390625
35.16255950927734375
33.428989887237548828125
33.8331272602081298828125
33.632697582244873046875
34.53674221038818359375
34.9447710514068603515625
34.7977535724639892578125
34.6195218563079833984375
34.7663440704345703125
34.13102817535400390625
34.153293132781982421875
34.113834381103515625
35.5355155467987060546875
35.5053827762603759765625
35.603121280670166015625
35.5861909389495849609375
35.28784847259521484375
33.595439910888671875
33.533187389373779296875
33.6496124267578125
35.7741901874542236328125
35.8268663883209228515625
35.792003154754638671875
35.7647821903228759765625
34.3890531063079833984375
34.8917944431304931640625
35.036077976226806640625
35.03469944000244140625
34.7235343456268310546875
34.8059494495391845703125
34.7808916568756103515625
33.3493335247039794921875
33.0673143863677978515625
32.8496177196502685546875
35.8210251331329345703125
35.970317840576171875
35.9987008571624755859375
36.1828062534332275390625
34.6023938655853271484375
34.55055332183837890625
34.4837665557861328125
36.9497187137603759765625
35.96845245361328125
36.1452386379241943359375
36.2124574184417724609375
33.7147610187530517578125
33.65127849578857421875
33.3664090633392333984375
34.8998796939849853515625
34.884463787078857421875
34.8303024768829345703125
34.803583621978759765625
34.271885395050048828125
34.5159771442413330078125
34.5547983646392822265625
35.997730255126953125
35.932908535003662109375
36.374411106109619140625
35.8658535480499267578125
33.96254825592041015625
33.9756996631622314453125
34.0629866123199462890625
34.8151299953460693359375
35.0370733737945556640625
34.9514214992523193359375
35.0499517917633056640625
34.5197594165802001953125
34.537606716156005859375
34.4523332118988037109375
35.081989288330078125
35.06552600860595703125
35.1543700695037841796875
35.0114386081695556640625
33.452486515045166015625
33.4520776271820068359375
33.54157924652099609375
35.24807262420654296875
35.238939762115478515625
35.345177173614501953125
35.44089603424072265625
