2532.70564559277636362821795046329498291015625
3959.728988501496132812462747097015380859375
32466.85427967096984502859413623809814453125
3292.9568946359077017405070364475250244140625
5218.15146551654834183864295482635498046875
6118.921172413238309673033654689788818359375
4446.8780670491460114135406911373138427734375
2570.527034479431677027605473995208740234375
3665.563950186549845966510474681854248046875
4918.9568946359077017405070364475250244140625
55739.4720765816528000868856906890869140625
6670.9938103430258706794120371341705322265625
3845.412484670001504127867519855499267578125
60751.6846896529532386921346187591552734375
6115.765904208614301751367747783660888671875
46293.7245438069294323213398456573486328125
22291.7770900381146930158138275146484375
2981.23029310330957741825841367244720458984375
4191.3238869729184443713165819644927978515625
3895.3669923370107426308095455169677734375
2692.201954022064455784857273101806640625
7325.0245363931690008030273020267486572265625
5578.8792605335956977796740829944610595703125
19795.13050957672749063931405544281005859375
10605.55537356067725340835750102996826171875
15696.439630266797394142486155033111572265625
11145.02334290872022393159568309783935546875
4011.95070497893311767256818711757659912109375
3069.6908793099291870021261274814605712890625
1557.59728544032032004906795918941497802734375
12259.43463409427204169332981109619140625
3097.55418007622802178957499563694000244140625
4459.9654712617802942986600100994110107421875
4104.331270114342260058037936687469482421875
3434.50369157071190784336067736148834228515625
19904.60422411228864802978932857513427734375
72961.2256014763261191546916961669921875
1794.360802680036385936546139419078826904296875
4635.4605862066191548365168273448944091796875
7671.68349616850537131540477275848388671875
4186.971660918754423619247972965240478515625
5739.597285440320774796418845653533935546875
8856.9243083971305168233811855316162109375
6040.641584288861849927343428134918212890625
4802.216720304912087158299982547760009765625
2989.2276838996831429540179669857025146484375
3798.43463409427249644068069756031036376953125
8003.1771953941670290078036487102508544921875
6951.0073831414238156867213547229766845703125
4668.546796934804660850204527378082275390625
4168.4605862066191548365168273448944091796875
13430.53441762085640220902860164642333984375
7726.05048850551611394621431827545166015625
7934.123126435302765457890927791595458984375
5214.8928333319936427869834005832672119140625
4201.4605862066191548365168273448944091796875
4561.715415703098187805153429508209228515625
2384.50846550850883431849069893360137939453125
22791.06383906918563297949731349945068359375
4025.82019540220653652795590460300445556640625
27072.08121455565924406982958316802978515625
4137.9469022908569968421943485736846923828125
3411.11574329387940451852045953273773193359375
5220.59228926779542234726250171661376953125
5205.136699233700710465200245380401611328125
8034.6773065115312419948168098926544189453125
1325.777090038114010894787497818470001220703125
2086.91617624071341197122819721698760986328125
46678.6708370067135547287762165069580078125
4183.2462528706064404104836285114288330078125
3891.7954367743086550035513937473297119140625
4783.9247528665864592767320573329925537109375
7141.1021704954810047638602554798126220703125
5258.1021704954810047638602554798126220703125
5328.4691628324917473946698009967803955078125
4384.2031475065132326562888920307159423828125
9679.709226046123148989863693714141845703125
4581.6723103390058895456604659557342529296875
4243.9666647462299806647934019565582275390625
4524.2400632136314015951938927173614501953125
74537.893746968606137670576572418212890625
3480.06525478836329057230614125728607177734375
4226.0073831414238156867213547229766845703125
135681.2782547160168178379535675048828125
6203.6403908044130730559118092060089111328125
3348.15265900099757345742546021938323974609375
4552.9654712617802942986600100994110107421875
6271.439630266797394142486155033111572265625
4222.05048850551611394621431827545166015625
5274.1809980822426950908266007900238037109375
4431.503691570711453096009790897369384765625
5449.166231799395973212085664272308349609375
4535.6846896529541481868363916873931884765625
6629.843538310926305712200701236724853515625
13109.57849423466905136592686176300048828125
4890.1390862025991737027652561664581298828125
3043.36080268003615856287069618701934814453125
10517.1463294201021199114620685577392578125
6143.61943486459131236188113689422607421875
59526.3477566619039862416684627532958984375
11742.354613023062483989633619785308837890625
9046.3127011434189626015722751617431640625
2097.4470134082212098292075097560882568359375
2823.4605862066191548365168273448944091796875
13748.229626399124754243530333042144775390625
40011.6654539778464823029935359954833984375
3463.23767624473339310497976839542388916015625
6212.503691570711453096009790897369384765625
3393.8780670491460114135406911373138427734375
4704.82496934000300825573503971099853515625
4922.41748084252685657702386379241943359375
56945.5218160721778986044228076934814453125
14443.990756669942129519768059253692626953125
4587.68349616850537131540477275848388671875
1651.777090038114010894787497818470001220703125
10970.02334290872022393159568309783935546875
60637.1653428604840883053839206695556640625
5074.762101520538635668344795703887939453125
1476.288164750249279677518643438816070556640625
6707.1809980822426950908266007900238037109375
6103.7918563209614148945547640323638916015625
12218.51845785355908446945250034332275390625
26018.55709382539134821854531764984130859375
2458.3669923370107426308095455169677734375
5926.6723103390058895456604659557342529296875
103359.71116854556021280586719512939453125
2422.18718773921727915876545011997222900390625
3475.8644942507480664062313735485076904296875
3570.82019540220653652795590460300445556640625
6899.1686187682944364496506750583648681640625
18507.41487163889905787073075771331787109375
4640.3324635987910369294695556163787841796875
4307.641584288861849927343428134918212890625
8204.152659000998028204776346683502197265625
5027.46796934804297052323818206787109375
3130.5689463590751984156668186187744140625
7534.482735630890601896680891513824462890625
2693.84972796790088978013955056667327880859375
2545.38175861985791925690136849880218505859375
3936.68349616850537131540477275848388671875
5183.967858230678757536225020885467529296875
2238.41748084252685657702386379241943359375
7049.636588116336497478187084197998046875
2578.2450593861567540443502366542816162109375
5455.5048850551611394621431827545166015625
6004.123126435302765457890927791595458984375
16642.0147662828458123840391635894775390625
2703.65515708726024968200363218784332275390625
5449.9938103430258706794120371341705322265625
7679.9161762407138667185790836811065673828125
3659.3238869729184443713165819644927978515625
