0.4188575597303760833511887540225870907306671142578125
0.380918425343889810452679967056610621511936187744140625
0.37984385741921300461143573556910268962383270263671875
0.364361577577060391508467773746815510094165802001953125
0.405343661001491273321306607613223604857921600341796875
0.410794769778137391913475084948004223406314849853515625
0.388800383828057982693593430667533539235591888427734375
0.352814727162239993862868914220598526298999786376953125
0.433686036359263227257798689606715925037860870361328125
0.39971919687174428670317638534470461308956146240234375
0.441296964170799499438402335727005265653133392333984375
0.34986522390036112195588202666840516030788421630859375
0.37151809289647907963427542199497111141681671142578125
0.363578331643885588331244207438430748879909515380859375
0.4097814089655493763331151058082468807697296142578125
0.340388572181476278810663416152237914502620697021484375
0.4064571154803175989655983357806690037250518798828125
0.34507453720865599589018302140175364911556243896484375
0.3691504328991503935952778192586265504360198974609375
0.41196831224893737388725867276662029325962066650390625
0.34691609295887959607540551587590016424655914306640625
0.3534729926497666152584997689700685441493988037109375
0.33230480481179081042597545092576183378696441650390625
0.400361358697244484883270843056379817426204681396484375
0.4074227618611521162250710403895936906337738037109375
0.41188802870111740350722584480536170303821563720703125
0.4043442335677553955974872224032878875732421875
0.381369522709654906744702884680009447038173675537109375
0.36796447181673841431148730407585389912128448486328125
0.40995740798028490470272799939266405999660491943359375
0.379773670231708992961472404203959740698337554931640625
0.40511535893924299767121510740253143012523651123046875
0.4233895563285710039735931786708533763885498046875
0.40614143840593097678492995328269898891448974609375
0.38930674928662767353415574689279310405254364013671875
0.394942290322044808892343326078844256699085235595703125
0.414353842964796104109126417824882082641124725341796875
0.369172984869499176685536667719134129583835601806640625
0.411367807379343808360516732136602513492107391357421875
0.359892611261110106912752826247015036642551422119140625
0.4013648767252246951642291605821810662746429443359375
0.4085373872001272221865519895800389349460601806640625
0.412493690051333794510668440125300548970699310302734375
0.446602701762030374066370086438837461173534393310546875
0.368326034933672996629638873855583369731903076171875
0.410677747931637415756966902335989288985729217529296875
0.3738142806835593745518053765408694744110107421875
0.4017510827017181096465492373681627213954925537109375
0.39899456128006149935316670962492935359477996826171875
0.425604175734609901926575048491940833628177642822265625
0.374665131938334783345823097988613881170749664306640625
0.351171441045749599396685880492441356182098388671875
0.381975009661235709312876451804186217486858367919921875
0.40666623044961891508819462615065276622772216796875
0.383760284967327780503154599500703625380992889404296875
0.34541936558839558824018922678078524768352508544921875
0.412334492086835424640156588793615810573101043701171875
0.32746087659982758832910576529684476554393768310546875
0.41127179236511379745167005239636637270450592041015625
0.310328900439339305794561596485436893999576568603515625
0.401420170850506907722632377044647000730037689208984375
0.327429061698296275384478803971433080732822418212890625
0.414943615172813196068091201595962047576904296875
0.394300648866309388917983369537978433072566986083984375
0.36625439083881461410641122711240313947200775146484375
0.321200480401848287304034101907745935022830963134765625
0.3942655917138531140864188273553736507892608642578125
0.359368783796115198736487172936904244124889373779296875
0.391877631923220004495078683248721063137054443359375
0.404332943665628385954136092550470493733882904052734375
0.38705112273599928673917247579083777964115142822265625
0.43454732514297977896688962573534809052944183349609375
0.39501246051721039531656742838094942271709442138671875
0.40952996342849312672029782333993352949619293212890625
0.380954605790652600649792702824925072491168975830078125
0.42272594282802788967501328443177044391632080078125
0.42050010303092111296763278005528263747692108154296875
0.3812388916482432055232720813364721834659576416015625
0.405718206755310173416972929771873168647289276123046875
0.375524660566155576990610143184312619268894195556640625
0.370241323050969073360505490200011990964412689208984375
0.4450052744569295004595232967403717339038848876953125
0.37960810328304661620535398469655774533748626708984375
0.38510823729514609414792403185856528580188751220703125
0.3944996123767670059834244966623373329639434814453125
0.382945416323271892178325970235164277255535125732421875
0.341993239665758286260910381315625272691249847412109375
0.38976280077755898201274931125226430594921112060546875
0.352780606346578318177620303686126135289669036865234375
0.374048318930445489183256313481251709163188934326171875
0.4288361111903016276158950859098695218563079833984375
0.382835503416310007906986356829293072223663330078125
0.3758318328944028063887117241392843425273895263671875
0.365208078800459912116593841346912086009979248046875
0.34214193273038639997452037277980707585811614990234375
0.39062597625456507710595133175957016646862030029296875
0.334914202889254608574987059910199604928493499755859375
0.38264722295082942427058014800422824919223785400390625
0.38204535444031428870204081249539740383625030517578125
0.44400430477997521183652906984207220375537872314453125
0.36864917345040648655185577808879315853118896484375
0.350754030996597687686033850695821456611156463623046875
0.41007411082467049023847494026995263993740081787109375
0.421714113252254108044070335381547920405864715576171875
0.3780340865196600841358076650067232549190521240234375
0.42818994379868957622647940297611057758331298828125
0.38456867764540658694016883600852452218532562255859375
0.41564347615174990213660066729062236845493316650390625
0.370845534865454407036367001637700013816356658935546875
0.401528607796671987983927465393207967281341552734375
0.391639557396547710599321590052568353712558746337890625
0.397104153366808321212744203876354731619358062744140625
0.374234641665424916379123487786273472011089324951171875
0.384575222711382280760261664909194223582744598388671875
0.4134302489780681266751116709201596677303314208984375
0.380532547741887994252607541056931950151920318603515625
0.429140882490928021741893871876527555286884307861328125
0.375617081070737379722146442873054184019565582275390625
0.398802936998091606124461350191268138587474822998046875
0.3747147920705506951577490326599217951297760009765625
0.385410995161873104475347417974262498319149017333984375
0.356767341445540175914885594465886242687702178955078125
0.35668407837079729727491894664126448333263397216796875
0.3722086089946972098374544657417573034763336181640625
0.379522957346997424910028939848416484892368316650390625
0.357234221953299790897062848671339452266693115234375
0.37089208701235920617733654580661095678806304931640625
0.400775398802076188164988934659049846231937408447265625
0.406739259194441482581083846525871194899082183837890625
0.363725401663947789376862829158199019730091094970703125
0.347360835954003299708148233548854477703571319580078125
0.412163223197677675013750331345363520085811614990234375
0.417400169415022281871330278590903617441654205322265625
0.3978211177439405776823377891560085117816925048828125
0.379096502028114290538951536291278898715972900390625
0.39434134087838257354263760134926997125148773193359375
0.41845067157766580034916614749818108975887298583984375
0.36008591209472429195415088543086312711238861083984375
0.367738190992794977685065305195166729390621185302734375
0.361983343166167592652726625601644627749919891357421875
0.340580855232672619070655173345585353672504425048828125
0.350876362284750775710762127346242778003215789794921875
0.405993560277088272325585194266750477254390716552734375
0.389604262477559915023306302828132174909114837646484375
0.410876979066903513793107549645355902612209320068359375
0.348411977561053076701824693373055197298526763916015625
0.384113295625321204962432375396019779145717620849609375
0.38718296847764988033446797999204136431217193603515625
0.423515889105305076700602739947498776018619537353515625
0.327423415386567107088211514565045945346355438232421875
0.34501353000493029110629095157491974532604217529296875
