0.99207240343093883172542746251565404236316680908203125
0.99365741014480601922542746251565404236316680908203125
0.97591841220855723992855246251565404236316680908203125
0.973749935626983642578125
0.9772701263427734375
0.96382272243499755859375
0.97027182579040516241519753748434595763683319091796875
0.981747090816497802734375
0.99485015869140625
0.99599313735961925164730246251565404236316680908203125
0.997249662876129150390625
0.988467633724212646484375
0.98356401920318603515625
0.97461253404617320672542746251565404236316680908203125
0.995482981204986572265625
0.99843907356262195929019753748434595763683319091796875
0.95007693767547596319644753748434595763683319091796875
0.972729384899139404296875
0.97975891828536998406917746251565404236316680908203125
0.99967896938323963507144753748434595763683319091796875
0.97259020805358875616519753748434595763683319091796875
0.99502092599868763311832253748434595763683319091796875
0.98816865682601917608707253748434595763683319091796875
0.99734961986541759149105246251565404236316680908203125
0.99470961093902598992855246251565404236316680908203125
0.988763749599456787109375
0.981950581073760986328125
0.98741298913955677374332253748434595763683319091796875
0.986602783203125
0.99649614095687877313167746251565404236316680908203125
0.98252165317535400390625
0.99329411983490001336605246251565404236316680908203125
0.99212485551834117547542746251565404236316680908203125
0.99051725864410400390625
0.98838007450103759765625
0.97344261407852161749332253748434595763683319091796875
0.98629260063171397820980246251565404236316680908203125
0.99114245176315318719417746251565404236316680908203125
0.99788719415664683953792746251565404236316680908203125
0.989630877971649169921875
0.991027355194091796875
0.97916376590728759765625
0.995837032794952392578125
0.994777977466583251953125
0.9770104885101318359375
0.98033523559570323602230246251565404236316680908203125
0.998272240161895751953125
0.99553686380386363641292746251565404236316680908203125
0.985947430133819580078125
0.9848234653472900390625
0.993223130702972412109375
0.993692576885223388671875
0.988808691501617431640625
0.98830175399780284539730246251565404236316680908203125
0.98288404941558837890625
0.97169351577758800164730246251565404236316680908203125
0.99552786350250244140625
0.997715651988983154296875
0.98485553264617919921875
0.972556054592132568359375
0.9890601634979248046875
0.99634248018264759405582253748434595763683319091796875
0.99310171604156483038394753748434595763683319091796875
0.98557841777801524774105246251565404236316680908203125
0.9964923858642578125
0.977581679821014404296875
0.97901731729507435186832253748434595763683319091796875
0.96992254257202159539730246251565404236316680908203125
0.98446536064147960320980246251565404236316680908203125
0.981114089488983154296875
0.99987816810607921258480246251565404236316680908203125
0.98246860504150401727230246251565404236316680908203125
0.9891774654388427734375
0.966451466083526611328125
0.980164051055908203125
0.99962764978408802374332253748434595763683319091796875
0.99350035190582275390625
0.99481183290481556280582253748434595763683319091796875
0.97780960798263560906917746251565404236316680908203125
0.9757268428802490234375
0.99803072214126598016292746251565404236316680908203125
0.99914485216140758172542746251565404236316680908203125
0.97674000263214122430355246251565404236316680908203125
0.99137502908706676141292746251565404236316680908203125
0.98916149139404296875
0.99073117971420276983707253748434595763683319091796875
0.998742878437042236328125
0.99695563316345203741519753748434595763683319091796875
0.99619239568710316046207253748434595763683319091796875
0.98304426670074462890625
0.99421733617782603875667746251565404236316680908203125
0.9972636699676513671875
0.96580469608306884765625
0.976994216442108154296875
0.99795073270797718389957253748434595763683319091796875
0.985121071338653564453125
0.99152320623397838250667746251565404236316680908203125
0.989639937877655029296875
0.99217617511749278680355246251565404236316680908203125
0.98580944538116455078125
0.980228424072265625
0.96508538722991943359375
0.9808194637298583984375
0.971583843231201171875
0.97819697856903076171875
0.96374380588531483038394753748434595763683319091796875
0.98809927701950084344417746251565404236316680908203125
0.97453963756561279296875
0.98673236370086681024105246251565404236316680908203125
0.986953079700469970703125
0.96863305568695079461605246251565404236316680908203125
0.99396717548370361328125
0.98018908500671397820980246251565404236316680908203125
0.992689430713653564453125
0.9865703582763671875
0.98213303089141834600894753748434595763683319091796875
0.975192129611968994140625
0.99249523878097523077457253748434595763683319091796875
0.99408990144729603155582253748434595763683319091796875
0.97532176971435557977230246251565404236316680908203125
0.98602235317230224609375
0.997455775737762451171875
0.988802850246429443359375
0.99877512454986561163394753748434595763683319091796875
0.992675304412841796875
0.98842799663543701171875
0.992587149143218994140625
0.994113862514495849609375
0.98891228437423717156917746251565404236316680908203125
0.98706084489822398797542746251565404236316680908203125
0.98927879333496082647769753748434595763683319091796875
0.9980938434600830078125
0.99858415126800537109375
0.99571335315704356805355246251565404236316680908203125
0.997207343578338623046875
0.981022357940673828125
0.98935329914093017578125
0.97959387302398681640625
0.99671691656112682000667746251565404236316680908203125
0.980469644069671630859375
0.99229252338409423828125
0.9945290088653564453125
0.98814290761947642938167746251565404236316680908203125
0.99119967222213756219417746251565404236316680908203125
0.99973130226135242804019753748434595763683319091796875
0.97325146198272705078125
0.97241377830505359991519753748434595763683319091796875
0.97475886344909679070980246251565404236316680908203125
0.9887943267822265625
0.978134334087371826171875
0.96778136491775523797542746251565404236316680908203125
