0.035615737498146761430550810700879083015024662017822265625
0.0158448266918980971984520778050864464603364467620849609375
0.0250584693152376240810053076302210683934390544891357421875
0.0210164984123863245180086067875890876166522502899169921875
0.0255631269445798260664393097840729751624166965484619140625
0.058111031821113816320245604174488107673823833465576171875
0.00676818779433189555982952612112057977356016635894775390625
0.01257725195852806530927292527621830231510102748870849609375
0.0159069481464558480643400883991489536128938198089599609375
0.0170480514953884089435209858720554620958864688873291015625
0.0184050682813320203023987886581380735151469707489013671875
0.013613438453251504312024877663134247995913028717041015625
0.014701333237931692166089447937338263727724552154541015625
0.0273754380357374392518376993166384636424481868743896484375
0.0192161008497703199304762478050179197452962398529052734375
0.017111220690373289687880031806344049982726573944091796875
0.01259182903545962885216713544878075481392443180084228515625
0.0255591372387988340075803961326528224162757396697998046875
0.030716041892736474505642974008878809399902820587158203125
0.035462276792873830000285551022898289375007152557373046875
0.038538596639326259951641162615487701259553432464599609375
0.01963700858877237553912209477857686579227447509765625
0.03258014875196234283460938740972778759896755218505859375
0.025584759769647351379528998904788750223815441131591796875
0.0183182301358551131997831618036798317916691303253173828125
0.038634446763855211093297015167991048656404018402099609375
0.01361737656100597305963706418197034508921205997467041015625
0.0309326932495553492963313857444518362171947956085205078125
0.022478824228247283600889971921787946484982967376708984375
0.01438152635231486342615170315184514038264751434326171875
0.024915088241952577929883005936062545515596866607666015625
0.0247413176543165129472878760452658752910792827606201171875
0.0158449391093610884861941912049587699584662914276123046875
0.01963381338626653260792664923428674228489398956298828125
0.01830865153462275796147906703481567092239856719970703125
0.02725887096663408282193330478548887185752391815185546875
0.0126545841654758343952646981733778375200927257537841796875
0.018307039523306999073692935553481220267713069915771484375
0.00896794226699731099328172234663725248537957668304443359375
0.043973969375181283514297803094450500793755054473876953125
0.01893837575111224913460006291643367148935794830322265625
0.02101962743762901542066146021170425228774547576904296875
0.03653550762869391121956397228132118470966815948486328125
0.0206770338109545474825079480751810478977859020233154296875
0.044923080576072825509381658548591076396405696868896484375
0.0158438556225742599448125247363350354135036468505859375
0.0239803356776003111228146025268870289437472820281982421875
0.010677825455903434959115116953398683108389377593994140625
0.034212201627811543447332809364525019191205501556396484375
0.04612680196234943130750849604737595655024051666259765625
0.0224664807173801384099220967982546426355838775634765625
0.045365906327884619742007998866029083728790283203125
0.0183133156329362868641741357578212046064436435699462890625
0.0210233679515489692291030365822734893299639225006103515625
0.0125845952028280638756996268057264387607574462890625
0.0158450836484431804851435998671149718575179576873779296875
0.0158452007931633130632942396687212749384343624114990234375
0.0327794121074958255679376861735363490879535675048828125
0.01472000708779335441389601868422687402926385402679443359375
0.01361132012545510951151417344817673438228666782379150390625
0.047900355901631892774350518493520212359726428985595703125
0.02174233334307142107011401321869925595819950103759765625
0.0300155291833825270397806406208474072627723217010498046875
0.01831090031162009579279725812739343382418155670166015625
0.0196336038435464786677808746162554598413407802581787109375
0.0158481639968709279997494121516865561716258525848388671875
0.0115967097759825284175594362068295595236122608184814453125
0.029042235081593377465924987745893304236233234405517578125
0.013678715635675776918223078837399953044950962066650390625
0.01820234355283446847639794441420235671103000640869140625
0.02556187412207168441202753683683113195002079010009765625
0.032578921074662293977386440246846177615225315093994140625
0.021022555555211007438654036150182946585118770599365234375
0.0200653175674358301427968598318329895846545696258544921875
0.058299316027747398460956418375644716434180736541748046875
0.025169997931126175672034150920808315277099609375
0.033740117807562690355194234825830790214240550994873046875
0.023981961343743474213141553263994865119457244873046875
0.01361169666887998390414349358934487099759280681610107421875
0.0196339292805298819277748378908654558472335338592529296875
0.0277232089623133774736185586107239942066371440887451171875
0.0210188140771421817787345531769460649229586124420166015625
0.0134341316156809664761340172844938933849334716796875
0.039135883092465760524358842076253495179116725921630859375
0.032580916097261623798342355939894332550466060638427734375
0.01361073425232890189706669303859598585404455661773681640625
0.021018909321032987203015096611125045455992221832275390625
0.0183197851054399500625446961521447519771754741668701171875
0.023980548703094843598915275606486829929053783416748046875
0.0445827674289747954983198496847762726247310638427734375
0.0284774404374725405297841263063673977740108966827392578125
0.023982636267255379169949236484171706251800060272216796875
0.022227084612486958103971801392617635428905487060546875
0.0196359781423736771965860015143334749154746532440185546875
0.015853942406547340271405488465461530722677707672119140625
0.0081892983945528775857614078859114670194685459136962890625
0.035210311657371297366925233518486493267118930816650390625
0.02106474890644106923165423950194963254034519195556640625
0.031955754937045673103046539154092897661030292510986328125
0.0530931120059978389758015282495762221515178680419921875
0.0274329643680507710701288459631541627459228038787841796875
0.017052194499083177248177634055537055246531963348388671875
0.027913936739632098926744419031820143572986125946044921875
0.03237425105346571074793615707676508463919162750244140625
0.024003819843372575792983525388990528881549835205078125
0.01162547221664819892261721889781256322748959064483642578125
0.0239794664584362486603463793244372936896979808807373046875
0.0210211164639821333766089850314529030583798885345458984375
0.038189633170582347465593642255043960176408290863037109375
0.01257855973091332076052584199032935430295765399932861328125
0.03193771243395050751789909782019094564020633697509765625
0.024065061371964270586776279969853931106626987457275390625
0.0210910773969509544867317885064039728604257106781005859375
0.040773047795025989248340891890620696358382701873779296875
0.016992302727665671568946237357522477395832538604736328125
0.01470631215657943781371930214163512573577463626861572265625
0.01970868296172396949561544943207991309463977813720703125
0.0074565619713014043290488785942216054536402225494384765625
0.013609299806427894996563310314741102047264575958251953125
0.0307208643994887654893322093130336725153028964996337890625
0.032580820905627749795030467794276773929595947265625
0.018319681286878497505909990650252439081668853759765625
0.04059953824696170554542362651773146353662014007568359375
0.017045560562485913280728055951840360648930072784423828125
0.01704983248607409851427263447476434521377086639404296875
0.0273840179122804179556727177669017692096531391143798828125
0.025558309888911202867323169130031601525843143463134765625
0.018308817444924803397032775365005363710224628448486328125
0.0272084651870434790499331256796722300350666046142578125
0.0164184051782805921770869161946393433026969432830810546875
0.02667078788826278412660286676327814348042011260986328125
0.04350574108885575663752121045035892166197299957275390625
0.036521976264158505232071405544047593139111995697021484375
0.035552516429321119606488110775899258442223072052001953125
0.0224676568078256387595015297620193450711667537689208984375
0.02555935208427041749335018039346323348581790924072265625
0.01470283672992939334733808465216498007066547870635986328125
0.015990076807924628876644845831833663396537303924560546875
0.01469850417552240849639044739660675986669957637786865234375
0.03257722540042833070383920812673750333487987518310546875
0.02398243893399377990593990261913859285414218902587890625
0.0146980196281593401830267708874089294113218784332275390625
0.01361404404282337034237659878499471233226358890533447265625
0.03143777729437473300588834490554290823638439178466796875
0.025563154380023371536889698063532705418765544891357421875
0.0301654618607278372788282894134681555442512035369873046875
0.018323101361436174017160993798825074918568134307861328125
0.0158431358989705832474026436784697580151259899139404296875
0.046671979367492955059759651703643612563610076904296875
0.03451936290183886535398727346546365879476070404052734375
0.025367433574852583932912608588594594039022922515869140625
