0.0386772367358207691534488503748434595763683319091796875
0.043741755485534668246305756156289135105907917022705078125
0.0462515562772750910003338731257827021181583404541015625
0.0167575122416019454962832213595902430824935436248779296875
0.061220117807388306496729768468867405317723751068115234375
0.0236372438073158275262386496251565404236316680908203125
0.035900584384799004433741487218867405317723751068115234375
0.03703867375850677934323584850062616169452667236328125
0.04187205851078033835843683618804789148271083831787109375
0.057580733448266981089336269405976054258644580841064453125
0.036718209981918333018047206905976054258644580841064453125
0.045370092764496806891916236281758756376802921295166015625
0.05244627654552459772308026231257827021181583404541015625
0.030798737108707431586740455031758756376802921295166015625
0.03071167796850204911862647350062616169452667236328125
0.06300562039017677806729267331320443190634250640869140625
0.03510472130030393989041925806304789148271083831787109375
0.01372793018817902201134106832114412100054323673248291015625
0.044775819480419164209106241969493567012250423431396484375
0.031086305975914003962845555406602215953171253204345703125
0.03864244908094406627530048581320443190634250640869140625
0.03494651913642883578337006156289135105907917022705078125
0.032081381976604463057700655781445675529539585113525390625
0.047385599017143252564832067719180486164987087249755859375
0.034772939682006835659944243843710864894092082977294921875
0.04922740221023559625823651231257827021181583404541015625
0.036041166782379153998849830031758756376802921295166015625
0.032366095185279851464965616969493567012250423431396484375
0.029657182097435001721930092344337026588618755340576171875
0.048864364773035053046701392531758756376802921295166015625
0.03973675444722175875700287406289135105907917022705078125
0.046086879670619966542499668094023945741355419158935546875
0.050198202133178708439498194593397784046828746795654296875
0.04911478906869888583219818656289135105907917022705078125
0.027198511660099032594128942719180486164987087249755859375
0.023986316919326781949006743843710864894092082977294921875
0.032705924510955809714207731531132594682276248931884765625
0.06083890527486801591550147350062616169452667236328125
0.045457504689693450927734375
0.0311123764514923094315346219218554324470460414886474609375
0.053611921900883319214159428156563080847263336181640625
0.03847379282116890342191339868804789148271083831787109375
0.039329635202884676015155918094023945741355419158935546875
0.053806493580341341331774174250313080847263336181640625
0.040529762953519822554770968281445675529539585113525390625
0.06937297999858856034638421306226518936455249786376953125
0.04032446131110191400725994981257827021181583404541015625
0.0285333316028118129381585532655662973411381244659423828125
0.035387792587280274270167268468867405317723751068115234375
0.0308787336945533785748096988754696212708950042724609375
0.052951865643262867322516029844337026588618755340576171875
0.03840778931975365184658954831320443190634250640869140625
0.055194127857685092164441442719180486164987087249755859375
0.061059163901954892350598669281680486164987087249755859375
0.054225718826055528676288730594023945741355419158935546875
0.036171104460954665860139556343710864894092082977294921875
0.03505773648619651960967047443773481063544750213623046875
0.027905194461345671219643094218554324470460414886474609375
0.0283868372440338155582306711721685132943093776702880859375
0.040167593620717527425068027469023945741355419158935546875
0.03170882359147071671845452556226518936455249786376953125
0.04821754544973373690641693656289135105907917022705078125
0.03041414827108383789333601043836097232997417449951171875
0.05206715494394302534697516193773481063544750213623046875
0.038680481016635896718280918094023945741355419158935546875
0.05429571598768234697018897350062616169452667236328125
0.039940219968557365282091353719806647859513759613037109375
0.033191978931427001953125
0.0307401086390018500604792706099033239297568798065185546875
0.024330490231513977883448518468867405317723751068115234375
0.03486701698973775076506598225023481063544750213623046875
0.058935083076357842879477999531445675529539585113525390625
0.0408197705075144801067921207504696212708950042724609375
0.0254004125297069560662777121251565404236316680908203125
0.0628978002071380604132144753748434595763683319091796875
0.0535242284834384907110660378748434595763683319091796875
0.043559185862541198452912993843710864894092082977294921875
0.029131822884082801683458541219806647859513759613037109375
0.0343062116578221332208187277501565404236316680908203125
0.036554901003837590722778116969493567012250423431396484375
0.033510441780090334529251805406602215953171253204345703125
0.020473549962043764705033055406602215953171253204345703125
0.0269692173600196878624490892661924590356647968292236328125
0.052084054350852969361707067719180486164987087249755859375
0.038852327466011062073736326283324160613119602203369140625
0.049835619032382962034777307280819513835012912750244140625
0.0303588730096817048520474457973250537179410457611083984375
0.06250671051442623082916583143742172978818416595458984375
0.059277500510215762330457067719180486164987087249755859375
0.034619994163513183316194243843710864894092082977294921875
0.0456768390256911682723028889085981063544750213623046875
0.050911197690293195916577673187930486164987087249755859375
0.0304939535260200511590511496251565404236316680908203125
0.04277767997235060182248389537562616169452667236328125
0.03842881798744202104245459850062616169452667236328125
0.02299921527504920903961505018742172978818416595458984375
0.0310645221173763315392069017661924590356647968292236328125
0.0176434071362018586592856905781445675529539585113525390625
0.041470934934914112368620209281289135105907917022705078125
0.026384532451629638671875
0.0461442777514457780352330473760957829654216766357421875
0.05476486198604106625520415718710864894092082977294921875
0.040732112079858780184782318656289135105907917022705078125
0.037949813827872276583708099906289135105907917022705078125
0.051350908242166044825882664781602215953171253204345703125
0.0242436932027339964446088771410359186120331287384033203125
0.03665076673030853715573584850062616169452667236328125
0.0305881333351135271947374150158793781884014606475830078125
0.0362477785348892245220753238754696212708950042724609375
0.0410747941583395059783612168757827021181583404541015625
0.047590830028057105882677291219806647859513759613037109375
0.0298300659656524670693134027033011079765856266021728515625
0.034876737557351593366217201719337026588618755340576171875
0.024397791922092439131919405781445675529539585113525390625
0.030674179494380955646182229656915296800434589385986328125
0.03365030705928802323700921306226518936455249786376953125
0.050461147129535678657052955031758756376802921295166015625
0.054775340855121611161049344218554324470460414886474609375
0.05195399723015725612640380859375
0.05032466530799865889189703693773481063544750213623046875
0.034064980447292329823749668094023945741355419158935546875
0.043554536961019039986720002843867405317723751068115234375
0.03587134182453155517578125
0.029539865851402287433291604656915296800434589385986328125
0.047227997481822971137521705031758756376802921295166015625
0.04062361568212509432829193656289135105907917022705078125
0.039229659736156462235268094218554324470460414886474609375
0.04711805214174091815948486328125
0.04243368387222290483151709850062616169452667236328125
0.0478712641634047031402587890625
0.033080961108207705689832067719180486164987087249755859375
0.043406059443950657794619729656915296800434589385986328125
0.030721587687730790572349093281445675529539585113525390625
0.0301954561471939088301841280781445675529539585113525390625
0.046745782494544980967265956905976054258644580841064453125
0.051598395109176638240189305406602215953171253204345703125
0.0246138015389442445235435030781445675529539585113525390625
0.0551602578163147005962940738754696212708950042724609375
0.0363056825846433672833057926254696212708950042724609375
0.037800716459751131093280918094023945741355419158935546875
0.0173091319622471935535390485938478377647697925567626953125
0.021917188540101058269460310157228377647697925567626953125
0.043861097991466528600579266594650107435882091522216796875
0.022443761527538304278994729656915296800434589385986328125
0.0271630822122097027870868402033011079765856266021728515625
0.054867666363716129096506080031758756376802921295166015625
0.0301451544463634500681248340470119728706777095794677734375
0.03668054640293121060334868843710864894092082977294921875
0.049571503512561322646323702656445675529539585113525390625
0.0281338259577751208240226077350598643533885478973388671875
0.037571976184844972646015293094023945741355419158935546875
