0.874979555606842041015625
1.15110552310943603515625
1.0226116180419921875
0.864777088165283203125
0.89208698272705078125
0.75218594074249267578125
0.83165824413299560546875
0.97750186920166015625
0.895945966243743896484375
0.951765954494476318359375
0.7476556301116943359375
0.867023885250091552734375
0.852242648601531982421875
0.786353290081024169921875
0.914715588092803955078125
1.18390929698944091796875
0.8780829906463623046875
0.878260076045989990234375
0.858559787273406982421875
0.828838169574737548828125
0.879151046276092529296875
0.98859846591949462890625
0.849107205867767333984375
0.901366770267486572265625
0.77184295654296875
1.13157236576080322265625
1.24026393890380859375
0.890544474124908447265625
0.831733405590057373046875
0.842730224132537841796875
0.785108864307403564453125
0.883148491382598876953125
0.897601604461669921875
0.857268810272216796875
0.952471315860748291015625
0.789329469203948974609375
0.833392322063446044921875
0.821329891681671142578125
0.7090327739715576171875
0.932601988315582275390625
0.8914546966552734375
1.13509142398834228515625
0.80625331401824951171875
1.01020300388336181640625
0.85510933399200439453125
0.90896785259246826171875
0.860637962818145751953125
0.946168720722198486328125
0.872745931148529052734375
0.815124928951263427734375
0.761190831661224365234375
0.873858034610748291015625
1.0141627788543701171875
0.918384552001953125
0.792185246944427490234375
0.73655116558074951171875
0.930370330810546875
1.014880657196044921875
1.015058040618896484375
0.96365296840667724609375
0.87977111339569091796875
0.949698269367218017578125
0.901234805583953857421875
0.822932302951812744140625
1.01111114025115966796875
0.78468692302703857421875
0.803258359432220458984375
0.884390413761138916015625
0.955787122249603271484375
1.0003535747528076171875
0.980764806270599365234375
0.9004967212677001953125
0.882564008235931396484375
0.8758869171142578125
0.8254425525665283203125
0.90811312198638916015625
0.896149575710296630859375
0.940844237804412841796875
0.769157469272613525390625
0.85000288486480712890625
0.833459675312042236328125
0.76109349727630615234375
0.90743350982666015625
1.0054900646209716796875
0.886016070842742919921875
0.950464904308319091796875
0.834548413753509521484375
1.0447037220001220703125
0.92077028751373291015625
0.804319679737091064453125
0.870463073253631591796875
0.83091104030609130859375
0.950013101100921630859375
0.990407526493072509765625
0.925641953945159912109375
0.819345772266387939453125
0.870643794536590576171875
0.822316646575927734375
0.796332836151123046875
0.821693837642669677734375
1.0630245208740234375
0.866112053394317626953125
0.843198359012603759765625
1.09638988971710205078125
0.978493988513946533203125
0.940288126468658447265625
0.92923796176910400390625
0.997491538524627685546875
0.85268318653106689453125
0.85598313808441162109375
0.84828770160675048828125
0.83070290088653564453125
0.792451918125152587890625
0.779482901096343994140625
1.041488170623779296875
0.9168055057525634765625
1.0832102298736572265625
1.0482299327850341796875
0.927194118499755859375
0.928399026393890380859375
0.9843895435333251953125
0.83626401424407958984375
0.90526187419891357421875
1.02139365673065185546875
0.90424072742462158203125
0.822923481464385986328125
0.91365993022918701171875
0.903626143932342529296875
0.71900463104248046875
0.96967351436614990234375
0.9743824005126953125
0.794540226459503173828125
0.82948577404022216796875
0.80303394794464111328125
0.90180790424346923828125
0.856249988079071044921875
0.83159458637237548828125
1.04648315906524658203125
0.92831289768218994140625
0.953699767589569091796875
0.950178325176239013671875
0.885759055614471435546875
0.983446300029754638671875
0.8384647369384765625
0.88102328777313232421875
0.88623774051666259765625
0.919997513294219970703125
0.83143603801727294921875
0.9208152294158935546875
0.68377101421356201171875
0.872049987316131591796875
