2.184559
2.6823325
2.6404803
3.0764346
2.8577352
2.8745093
2.8351784
2.4926724
2.5044289
2.7779245
2.863231
1.9063169
3.3645716
2.9367113
1.4122077
1.7005255
2.9823775
2.744691
1.6862566
2.673084
2.080612
2.233748
1.3308157
1.9055815
2.3807843
2.2052643
2.0797942
3.1009212
2.0097022
2.0421185
2.8426766
2.073111
2.133657
2.9077697
3.2275972
1.5429868
2.3370671
2.3138294
2.211185
2.0043504
1.9492525
2.5099483
1.3158163
3.5375094
1.8360708
1.9976696
2.765742
1.0058595
0.77859235
4.0744247
2.5792603
1.9368839
2.3858461
2.0330167
1.6248955
2.559388
3.7862403
1.0420924
1.804606
0.7998205
1.6913024
2.7189937
2.4186494
1.3892595
2.958258
3.3035173
3.8586574
0.79712176
3.6315901
1.1031418
2.5884643
2.411909
2.0235422
2.1216419
2.710164
0.73294747
2.785222
2.0475402
2.3251195
4.5374928
2.1201808
2.3952687
3.7353895
1.1538149
0.9365264
2.679277
2.5447724
3.8766398
2.0090568
0.5720759
1.8743047
1.2699943
1.4775193
3.3286526
1.1298399
2.3280044
2.523817
3.539511
1.7574116
1.826673
1.7706035
1.7830248
2.2865791
2.4536762
1.7875589
3.4689538
1.911355
2.2253003
2.4788294
1.6902797
2.7137733
2.187813
1.4826927
2.2165778
1.5986524
1.691756
3.60002
0.9654484
2.0678687
2.7041526
2.4304733
2.0555615
2.7112608
2.172446
1.4543189
2.455786
2.2911868
2.805575
0.8640655
2.454374
2.0006979
2.6332185
3.005682
2.1792946
1.2615445
1.4438167
1.998004
3.2441802
3.0258746
1.8871348
1.5524887
1.9046078
2.027903
1.3636589
2.6806824
1.0310893
1.4356813
2.5227485
2.8217187
2.945025
1.4951153
