0.999749302118375648973369607119821012020111083984375
0.9999863292976158835045907835592515766620635986328125
1.0000235044181928767415001857443712651729583740234375
0.99996015495367007730465047643519937992095947265625
0.9997745418778318793329162872396409511566162109375
0.99994098213554216680876152167911641299724578857421875
0.9998857046663596204183477311744354665279388427734375
0.9998701587639973187293662704178132116794586181640625
0.999785299750243883210032436181791126728057861328125
0.9999351929890585299887106884852983057498931884765625
0.997971035173244924720847848220728337764739990234375
0.9987084619590245182507715071551501750946044921875
0.99984372898182594102678422132157720625400543212890625
0.99727898392089409096428198608919046819210052490234375
0.99975804281938918105510083478293381631374359130859375
0.99749807559732328599011452752165496349334716796875
0.99909322746110351687320871860720217227935791015625
0.9998957265475458822123755453503690659999847412109375
0.9999642813428966103828088307636789977550506591796875
0.999857496475653473311240304610691964626312255859375
1.0000000062596587913077428311225958168506622314453125
0.9992738934380624993281116985599510371685028076171875
0.99924714002860459682864302521920762956142425537109375
0.99944055182782431945298640130204148590564727783203125
0.9999717982286064899000166406040079891681671142578125
0.99952632503374860828415648938971571624279022216796875
0.9998330624033779923109932497027330100536346435546875
0.99998263124297948056806717431754805147647857666015625
0.99980728664622287027441416285000741481781005859375
0.9997569590779298298599542249576188623905181884765625
0.99962084534743633756903591347509063780307769775390625
0.99981085090964072481511948353727348148822784423828125
0.99969125394370628168161374560440890491008758544921875
1.0000003098946084190146166292834095656871795654296875
0.999899093608327849125316788558848202228546142578125
0.99798346800259440936287091972189955413341522216796875
0.9978228593943889723760776178096421062946319580078125
0.99970489008175800194067051052115857601165771484375
0.999779599769170079781588356127031147480010986328125
0.999920820707263402482567471452057361602783203125
0.9999674218186547225428739693597890436649322509765625
0.99967038241246120033878241883940063416957855224609375
0.999009954990186965773091287701390683650970458984375
0.99997234961073833137135125070926733314990997314453125
0.999742046331802303171798484981991350650787353515625
0.99966012684813987387855149790993891656398773193359375
0.99987649925911215031959500265656970441341400146484375
0.99936978378404173195548310104641132056713104248046875
0.99988759407584126837065241488744504749774932861328125
0.99992912108524001357778843157575465738773345947265625
0.9999705853718039438859932488412596285343170166015625
0.9996003007710763110793550367816351354122161865234375
0.99990024429481827450416631108964793384075164794921875
0.9988124117538450530418003836530260741710662841796875
0.98984653951816403694152768366620875895023345947265625
0.99982005112190475148992163667571730911731719970703125
0.99954555117373644623768313977052457630634307861328125
0.99974539261997696915074129719869233667850494384765625
0.999401755942295633161620571627281606197357177734375
0.999956195522003543629807609249837696552276611328125
0.99953564153849849827082607589545659720897674560546875
0.99948555637964953124452449628734029829502105712890625
0.9999018340631347090408098665648140013217926025390625
0.9997809235722261433920721174217760562896728515625
0.99919997543526395400448336658882908523082733154296875
0.9999109159841752525466063161729834973812103271484375
0.99991591558332049149981912705698050558567047119140625
0.99995690738522402529753208000329323112964630126953125
0.998461344304904852009485693997703492641448974609375
0.99937271368097058132917709372122772037982940673828125
0.9997225454376346132079333983710967004299163818359375
0.99984827174581791808805064647458493709564208984375
0.99941263279496961313697056539240293204784393310546875
0.99996790361257870127786873126751743257045745849609375
0.9999733159656190029096478610881604254245758056640625
0.9998661171829212879202941621770150959491729736328125
0.9993966791514663494666592669091187417507171630859375
0.99999457666926760968095777570852078497409820556640625
0.99991444851448252340020417250343598425388336181640625
0.99981889035074023031057777188834734261035919189453125
0.9981792688921460321438416940509341657161712646484375
0.99978246854934826881589060576516203582286834716796875
0.99977660084787600691669240404735319316387176513671875
0.9993019375254075242764884023927152156829833984375
0.999923740597914889605135613237507641315460205078125
0.99973656950118849895403627670020796358585357666015625
0.999714323902949342226520457188598811626434326171875
0.9996127583503990887692225442151539027690887451171875
0.99975634054412199080985601540305651724338531494140625
0.99986325326990310724539767761598341166973114013671875
0.9997512527790679559558384426054544746875762939453125
0.99985434226580327532474257168360054492950439453125
0.99990159316409965573058116206084378063678741455078125
0.99980340378421395097774393434519879519939422607421875
0.999154022266544483699135525966994464397430419921875
1.0000021035963986282268933791783638298511505126953125
0.99979797344938436953754035130259580910205841064453125
0.99855142811730390750568631119676865637302398681640625
0.9999393392411779490913659174111671745777130126953125
0.99813601186814071564157302418607287108898162841796875
0.999580445591578214958872194983996450901031494140625
0.99978761837196461481624965017545036971569061279296875
0.999969434464493378555971503374166786670684814453125
0.99994527924852139033617959285038523375988006591796875
0.99958393886197705047180761539493687450885772705078125
0.99984378546218699579384292519534938037395477294921875
0.99969299292834523651407607758301310241222381591796875
1.0000002066161040037428620053105987608432769775390625
0.99985207332534387081324211976607330143451690673828125
0.99956956344483038900960991668398492038249969482421875
0.99991294515734063796941200052970089018344879150390625
1.0000123946508523431475623510777950286865234375
0.99967504890945158013693117027287371456623077392578125
0.9999793048183753807478524322505109012126922607421875
0.99968495151843883572695403927355073392391204833984375
0.99983800429834512879523344963672570884227752685546875
0.997650232462020003509906018734909594058990478515625
0.9992719347421588071966880306717939674854278564453125
0.99985274544472491076163578327395953238010406494140625
0.999961065464532339319703169167041778564453125
0.99995068380579088529458431366947479546070098876953125
0.99972162009321952069740291335619986057281494140625
0.99896064462675859818574508608435280621051788330078125
0.99987542004354279523425930165103636682033538818359375
0.9999727839809151586081270579597912728786468505859375
0.99813268835771384868138511592405848205089569091796875
0.99995188371781240643798582823364995419979095458984375
0.999905543600269286486081909970380365848541259765625
0.99993331858797496192181597507442347705364227294921875
0.999152869990553416101874972810037434101104736328125
0.9997973474807391180974036615225486457347869873046875
0.9999288140516580103422938918811269104480743408203125
0.99989717356301976991517221904359757900238037109375
0.99992719455178658005678471454302780330181121826171875
0.99981659883995821491708966277656145393848419189453125
0.99991263075593650455630267970263957977294921875
0.99966226840001348730169183909310959279537200927734375
0.9999517413128700127344927750527858734130859375
0.99998490440329768080829353493754751980304718017578125
0.99983115187975091231464830343611538410186767578125
0.99987304511596264422479407585342414677143096923828125
0.9998732129711502825131219651666469871997833251953125
0.9997217133880129669165626182802952826023101806640625
0.9997953137995845285246332423412241041660308837890625
0.99972129775930740347433811621158383786678314208984375
0.9999305576466459566375988288200460374355316162109375
0.99934141769093776108690008186385966837406158447265625
0.99961845927633097286246766088879667222499847412109375
0.99999666667998343694279128612834028899669647216796875
0.99972350817124933097801431358675472438335418701171875
0.9997208714176171184817576431669294834136962890625
