0.988983690738677978515625
0.97344839572906483038394753748434595763683319091796875
0.99626493453979481085269753748434595763683319091796875
0.97960948944091796875
0.96420454978942882195980246251565404236316680908203125
0.97266924381256103515625
0.969927608966827392578125
0.99693691730499278680355246251565404236316680908203125
0.961905896663665771484375
0.98678082227706920281917746251565404236316680908203125
0.97914808988571155889957253748434595763683319091796875
0.9823524951934814453125
0.96524012088775634765625
0.99199885129928599969417746251565404236316680908203125
0.98247528076171875
0.96572566032409679070980246251565404236316680908203125
0.97942125797271717413394753748434595763683319091796875
0.98908913135528564453125
0.95620274543762195929019753748434595763683319091796875
0.98992609977722156866519753748434595763683319091796875
0.98568987846374522820980246251565404236316680908203125
0.99138677120208740234375
0.95493733882904041632144753748434595763683319091796875
0.96183884143829356805355246251565404236316680908203125
0.99145579338073719366519753748434595763683319091796875
0.97940766811370838507144753748434595763683319091796875
0.993844091892242431640625
0.988676130771636962890625
0.992803096771240234375
0.9777324199676513671875
0.981106817722320556640625
0.95633053779602039679019753748434595763683319091796875
0.97905671596527099609375
0.95514500141143798828125
0.9910075664520263671875
0.963753402233123779296875
0.97369736433029163702457253748434595763683319091796875
0.97834926843643199578792746251565404236316680908203125
0.973011672496795654296875
0.96690952777862559930355246251565404236316680908203125
0.985095918178558349609375
0.9940989017486572265625
0.970149934291839599609375
0.95649826526641834600894753748434595763683319091796875
0.970091402530670166015625
0.99002927541732799188167746251565404236316680908203125
0.972777783870697021484375
0.97637546062469482421875
0.95993673801422119140625
0.97178977727890003546207253748434595763683319091796875
0.9729526042938232421875
0.98775649070739757195980246251565404236316680908203125
0.9884662628173828125
0.991285026073455810546875
0.961645185947418212890625
0.98969423770904541015625
0.983674466609954833984375
0.97186982631683360711605246251565404236316680908203125
0.96163403987884521484375
0.92754381895065318719417746251565404236316680908203125
0.98816388845443714483707253748434595763683319091796875
0.975002348423004150390625
0.9892804622650146484375
0.97478771209716796875
0.97255963087081920281917746251565404236316680908203125
0.99409687519073475225894753748434595763683319091796875
0.99456423521041881219417746251565404236316680908203125
0.981933176517486572265625
0.99703043699264515264957253748434595763683319091796875
0.98136484622955322265625
0.962032258510589599609375
0.96434223651885997430355246251565404236316680908203125
0.99334639310836803094417746251565404236316680908203125
0.98821020126342762335269753748434595763683319091796875
0.9875662326812744140625
0.966762006282806396484375
0.97042721509933482781917746251565404236316680908203125
0.97141927480697642938167746251565404236316680908203125
0.967451870441436767578125
0.96990019083023082391292746251565404236316680908203125
0.964531838893890380859375
0.98608040809631358758480246251565404236316680908203125
0.96705341339111317022769753748434595763683319091796875
0.99467003345489501953125
0.988201677799224853515625
0.985633432865142822265625
0.994339287281036376953125
0.987635076045989990234375
0.993275940418243408203125
0.984431564807891845703125
0.97109520435333240850894753748434595763683319091796875
0.990424692630767822265625
0.969557464122772216796875
0.99077022075653076171875
0.991491377353668212890625
0.989397823810577392578125
0.983416974544525146484375
0.989597022533416748046875
0.98905384540557861328125
0.974574387073516845703125
0.982955276966094970703125
0.986653745174407958984375
0.967379629611968994140625
0.97045868635177601202457253748434595763683319091796875
0.962898433208465576171875
0.99517661333084117547542746251565404236316680908203125
0.95871675014495838507144753748434595763683319091796875
0.9611585140228271484375
0.9783256053924560546875
0.964251220226287841796875
0.978900730609893798828125
0.98962604999542236328125
0.98686790466308604852230246251565404236316680908203125
0.987377226352691650390625
0.99661570787429798468082253748434595763683319091796875
0.98833096027374278680355246251565404236316680908203125
0.98970526456832874639957253748434595763683319091796875
0.96257895231246959344417746251565404236316680908203125
0.99184906482696522100894753748434595763683319091796875
0.98929440975189197882144753748434595763683319091796875
0.9772527217864990234375
0.988494932651519775390625
0.99043285846710205078125
0.99750804901123035772769753748434595763683319091796875
0.984432756900787353515625
0.99019563198089599609375
0.98837840557098399774105246251565404236316680908203125
0.98271960020065318719417746251565404236316680908203125
0.99394404888153076171875
0.98274123668670643194644753748434595763683319091796875
0.968464076519012451171875
0.97887742519378662109375
0.979990184307098388671875
0.98737961053848277703792746251565404236316680908203125
0.989253342151641845703125
0.99265676736831676141292746251565404236316680908203125
0.97333890199661243780582253748434595763683319091796875
0.9559142589569091796875
0.99568706750869762078792746251565404236316680908203125
0.945552170276641845703125
0.962048351764678955078125
0.98653519153594959600894753748434595763683319091796875
0.99367785453796397820980246251565404236316680908203125
0.9900648593902587890625
0.97792303562164317742855246251565404236316680908203125
0.99097788333892822265625
0.981905996799468994140625
0.96236729621887195929019753748434595763683319091796875
0.97987127304077159539730246251565404236316680908203125
0.986775815486907958984375
0.986722409725189208984375
