0.1713992948522891079932151114917360246181488037109375
0.1420236504588903991841419838237925432622432708740234375
0.2080900200503605912416560386191122233867645263671875
0.2059592252041209936574972516609705053269863128662109375
0.1368776292888085055476921070294338278472423553466796875
0.143347166129090208830376695914310403168201446533203125
0.185438280158489787741160625955672003328800201416015625
0.1530669296911673915584373162346309982240200042724609375
0.147076572069722300017957650197786279022693634033203125
0.04626261435495519769300898360597784630954265594482421875
0.1323239605482263991920177659267210401594638824462890625
0.1660683411925527874775099235193920321762561798095703125
0.143548041665392200894046936809900216758251190185546875
0.1790635181776381035234635419328697025775909423828125
0.11031832987307289839495894057108671404421329498291015625
0.1562641168797359869646612651195027865469455718994140625
0.1840943419409868109237748967643710784614086151123046875
0.18228447720124218989212749875150620937347412109375
0.1469516529505794089072168162601883523166179656982421875
0.1754956609157158065048776052208268083631992340087890625
0.1165728983819445951919391291085048578679561614990234375
0.1892061121979201898657407809878350235521793365478515625
0.1663904579654509052755173570403712801635265350341796875
0.1665489229584641017734014667439623735845088958740234375
0.152075793881873699842088853984023444354534149169921875
0.1439873405209745882427085916788200847804546356201171875
0.10448810377729710052729927838299772702157497406005859375
0.1307956164762452966332517689806991256773471832275390625
0.1629168507527120890454597201824071817100048065185546875
0.13683376274807901307184465622412972152233123779296875
0.1216177853112209994446146765767480246722698211669921875
0.13429845860731670637022716618957929313182830810546875
0.1316752847519717939395178518680040724575519561767578125
0.1409972036911467940800690712421783246099948883056640625
0.14663035423203629736832454000250436365604400634765625
0.1757691881279566936679970012846752069890499114990234375
0.169832138824154099676633222770760767161846160888671875
0.1995113625547348112920786888935253955423831939697265625
0.12294428392276320061160532759458874352276325225830078125
0.1890832498274135076155033630129764787852764129638671875
0.2195185836525347100600669136838405393064022064208984375
0.1383435597666450023179862682809471152722835540771484375
0.147983092303352992136211696561076678335666656494140625
0.152304007360024196149339559269719757139682769775390625
0.1948922600147914019341754965353175066411495208740234375
0.206863272963063504761294097988866269588470458984375
0.11968737210885170563212653860318823717534542083740234375
0.137259620410224492115247585388715378940105438232421875
0.2033733348708904042911882470434647984802722930908203125
0.2063661532823883038023637936930754221975803375244140625
0.1625599099469443864496298601807211525738239288330078125
0.18361905849341708663047256777645088732242584228515625
0.1867308918121083072261257029822445474565029144287109375
0.1722161327198792057924237042243476025760173797607421875
0.1450937785626728870891355427374946884810924530029296875
0.1792499942635072951446773004136048257350921630859375
0.10425105717066880661736405500050750561058521270751953125
0.1906368970642013938032732767169363796710968017578125
0.13294789794152939155225112699554301798343658447265625
0.126224014809570295181373467130470089614391326904296875
0.08848389277358019444630343741664546541869640350341796875
0.1497972700056648120980895555476308800280094146728515625
0.16213764141409681140970633350661955773830413818359375
0.12033859455684570161082547201658599078655242919921875
0.1520388127567746938684223323434707708656787872314453125
0.11758879186479949396915145598541130311787128448486328125
0.1843666063431786128479217268250067718327045440673828125
0.1920807513078754968915973222465254366397857666015625
0.154561021968338707655021835307707078754901885986328125
0.191084490795733696888447639139485545456409454345703125
0.1896803323267600982493519268246018327772617340087890625
0.1826845392653420885320514344130060635507106781005859375
0.145337663389489002430110531349782831966876983642578125
0.137422876595733989280034847979550249874591827392578125
0.1781488069612383873252525745556340552866458892822265625
0.1583737288363006034952462641740567050874233245849609375
0.1618933799994966005186824986594729125499725341796875
0.1368015413001404112502967791442642919719219207763671875
0.1321853847818310889739024105438147671520709991455078125
0.00903002032406650077811516297288108034990727901458740234375
0.161778291523876294188966085130232386291027069091796875
0.09608093176446630412357308159698732197284698486328125
0.1419321316130522092624488550427486188709735870361328125
0.159605303269312492897569200067664496600627899169921875
0.09920480651841899477627606529495096765458583831787109375
0.128061404897552411075167810849961824715137481689453125
0.1657612978043679075046412663141381926834583282470703125
0.1436718390680926937807981857986305840313434600830078125
0.17003316064625140224819688228308223187923431396484375
0.1097363742644630046907394671507063321769237518310546875
0.135867333155820391166201943633495829999446868896484375
0.09117506575962379400390744876858661882579326629638671875
0.1466833450528267912549296170254820026457309722900390625
0.1970106849642349888807046909278142265975475311279296875
0.16733073727678571263055573581368662416934967041015625
0.147977975531041805457022064729244448244571685791015625
0.135114305624638386671421130813541822135448455810546875
0.1510080474063482947055803151670261286199092864990234375
0.201765715024833702795348244762863032519817352294921875
0.23597591141007379089700179974897764623165130615234375
0.19700045431281310026605524399201385676860809326171875
0.1773481669157407070169796270420192740857601165771484375
0.133153248702402693393054278203635476529598236083984375
0.1942103513071533893441511509081465192139148712158203125
0.1330269757506938044233635309865348972380161285400390625
0.11322919192028320367615634722824324853718280792236328125
0.09162364294431189770673285011071129702031612396240234375
0.212458399722530000275355632766149938106536865234375
0.150516548119064508259867807282716967165470123291015625
0.14685744414335089036427461905987001955509185791015625
0.0994683771793604953881384744818205945193767547607421875
0.1648200161796521123758196836206479929387569427490234375
0.1755939638970399896411578311017365194857120513916015625
0.2053098497595982896424260388812399469316005706787109375
0.10494238460223069553389763086670427583158016204833984375
0.1046514261844657955879966948486980982124805450439453125
0.141056220393421194447824973394745029509067535400390625
0.1169749095699383067969989724588231183588504791259765625
0.08411481890053819354680086917142034508287906646728515625
0.1390496099206854074825656653047190047800540924072265625
0.109605297981625604553101993587915785610675811767578125
0.2261868008393307094561208714367239736020565032958984375
0.1457863345051058912016372914877138100564479827880859375
0.1562094226382866046787256664174492470920085906982421875
0.210986527055219308390832111399504356086254119873046875
0.09880209226397550226206334400558262132108211517333984375
0.184730639371921190328151851645088754594326019287109375
0.10948759219580379842273742951874737627804279327392578125
0.15764146176669668886205499802599661052227020263671875
0.10257704160969589868290796630390104837715625762939453125
0.149857812003354295971035980983288027346134185791015625
0.08606570774637299636733445140635012648999691009521484375
0.182302317400575286665542762420955114066600799560546875
0.2017663058559253930202004312377539463341236114501953125
0.198197437425311095982038978036143817007541656494140625
0.1543805249949554980748445132121560163795948028564453125
0.189229023455160294542309884491260163486003875732421875
0.11211872835350049359970370232986169867217540740966796875
0.1749045948764479108117342320838361047208309173583984375
0.1553373885674322052441453934079618193209171295166015625
0.129677486698479393911753732027136720716953277587890625
0.193614120165353398306251619942486286163330078125
0.2038149057968177968458434179410687647759914398193359375
0.144186019630856809836672027813619934022426605224609375
0.07865840524626109553363306758910766802728176116943359375
0.1640366786413982869152761168152210302650928497314453125
0.171011416323058995647699020992149598896503448486328125
0.09824295562294470263164924972443259321153163909912109375
0.1482488103921371924709404765962972305715084075927734375
0.1553354829913320134249232751244562678039073944091796875
0.1679890091121906958715470636889222078025341033935546875
