2603.375
3753.5625
17013.36249999999927240423858165740966796875
3293.1999999999998181010596454143524169921875
5213.6875
6063.9499999999998181010596454143524169921875
4452.5500000000001818989403545856475830078125
2549.09999999999990905052982270717620849609375
3646.0124999999998181010596454143524169921875
4940.3000000000001818989403545856475830078125
55438.699999999997089616954326629638671875
6785.9499999999998181010596454143524169921875
3817.53749999999990905052982270717620849609375
60737.4000000000014551915228366851806640625
6132.412500000000363797880709171295166015625
44655.3499999999985448084771633148193359375
22929.9625000000014551915228366851806640625
2993.5749999999998181010596454143524169921875
4209.899999999999636202119290828704833984375
3920.6125000000001818989403545856475830078125
2694.91249999999990905052982270717620849609375
7290.899999999999636202119290828704833984375
5560.8249999999998181010596454143524169921875
19979.57500000000072759576141834259033203125
10589.1875
15697.725000000000363797880709171295166015625
11322.975000000000363797880709171295166015625
3629.0500000000001818989403545856475830078125
3086.625
1572.512500000000045474735088646411895751953125
12225.01250000000072759576141834259033203125
3095.1999999999998181010596454143524169921875
4466.1374999999998181010596454143524169921875
4041.4875000000001818989403545856475830078125
3433.41249999999990905052982270717620849609375
19739.4375
72598.949999999997089616954326629638671875
1781.762500000000045474735088646411895751953125
4636.037500000000363797880709171295166015625
7302.3625000000001818989403545856475830078125
4181.912500000000363797880709171295166015625
5757.0124999999998181010596454143524169921875
8626.4375
6160.412500000000363797880709171295166015625
4884.1875
2960.03749999999990905052982270717620849609375
3760.15000000000009094947017729282379150390625
7950.8000000000001818989403545856475830078125
6977.4375
4555.537500000000363797880709171295166015625
4166.8625000000001818989403545856475830078125
13413.11249999999927240423858165740966796875
7744.587499999999636202119290828704833984375
7924.600000000000363797880709171295166015625
5206.2624999999998181010596454143524169921875
4238.1875
4588.8874999999998181010596454143524169921875
2328.2624999999998181010596454143524169921875
22718.45000000000072759576141834259033203125
4031.8625000000001818989403545856475830078125
26334.45000000000072759576141834259033203125
4273.1374999999998181010596454143524169921875
3423.3874999999998181010596454143524169921875
5193.3125
5237.475000000000363797880709171295166015625
8164.0749999999998181010596454143524169921875
1328.65000000000009094947017729282379150390625
2089.59999999999990905052982270717620849609375
45660.7874999999985448084771633148193359375
4380.3125
3844.77500000000009094947017729282379150390625
4778.5500000000001818989403545856475830078125
7328.8125
4897.725000000000363797880709171295166015625
4616.774999999999636202119290828704833984375
4364.462499999999636202119290828704833984375
9631.29999999999927240423858165740966796875
4278.725000000000363797880709171295166015625
4219.5500000000001818989403545856475830078125
4493.587499999999636202119290828704833984375
73521.300000000002910383045673370361328125
3474.21250000000009094947017729282379150390625
4226.037500000000363797880709171295166015625
135209.3875000000116415321826934814453125
6229.787500000000363797880709171295166015625
3530.625
4536.3000000000001818989403545856475830078125
6262.412500000000363797880709171295166015625
4220.5625
5265.75
4430.412500000000363797880709171295166015625
5532.4875000000001818989403545856475830078125
4521.399999999999636202119290828704833984375
6608.912500000000363797880709171295166015625
10362.725000000000363797880709171295166015625
2933.77500000000009094947017729282379150390625
3174.375
9799.88750000000072759576141834259033203125
6134.1750000000001818989403545856475830078125
59248.887499999997089616954326629638671875
11742.48749999999927240423858165740966796875
9389.337499999999636202119290828704833984375
2086.65000000000009094947017729282379150390625
2840.8000000000001818989403545856475830078125
13505.6875
32362.0999999999985448084771633148193359375
3561.52500000000009094947017729282379150390625
5235.600000000000363797880709171295166015625
3389.6125000000001818989403545856475830078125
5203.6125000000001818989403545856475830078125
4875.6875
48649.449999999997089616954326629638671875
14218.3125
4583.149999999999636202119290828704833984375
1711.987499999999954525264911353588104248046875
11173.0625
60345.0999999999985448084771633148193359375
4997.287500000000363797880709171295166015625
1471.72499999999990905052982270717620849609375
6492.649999999999636202119290828704833984375
6100.725000000000363797880709171295166015625
12213.0625
25732.9625000000014551915228366851806640625
2478.3000000000001818989403545856475830078125
5889.5500000000001818989403545856475830078125
103122.625
2420.59999999999990905052982270717620849609375
3462.1750000000001818989403545856475830078125
3583.6875
6862.7624999999998181010596454143524169921875
19015.20000000000072759576141834259033203125
4623.537500000000363797880709171295166015625
4308.712499999999636202119290828704833984375
8186.9875000000001818989403545856475830078125
5033.5124999999998181010596454143524169921875
3194.1125000000001818989403545856475830078125
7526.149999999999636202119290828704833984375
2690.4499999999998181010596454143524169921875
2546.6999999999998181010596454143524169921875
3955.625
5157.875
2272.5625
7028.462499999999636202119290828704833984375
2578.08750000000009094947017729282379150390625
5440.625
5913.037500000000363797880709171295166015625
16753.9000000000014551915228366851806640625
2765.46250000000009094947017729282379150390625
4777.5749999999998181010596454143524169921875
7221.3125
3669.41249999999990905052982270717620849609375
