9.353140354156494140625
9.4061403274536115048931605997495353221893310546875
9.4059610366821271298931605997495353221893310546875
9.42990398406982421875
9.3228003978729248046875
9.347989559173583984375
9.3725636005401593564556605997495353221893310546875
9.440010547637939453125
9.6082971096038818359375
9.5307252407073956845806605997495353221893310546875
9.63431549072265625
9.56025981903076171875
9.5236408710479736328125
9.4638502597808837890625
9.457443714141845703125
9.471600055694580078125
9.349442005157470703125
9.3751547336578351377056605997495353221893310546875
9.3409881591796875
9.3560760021209716796875
9.3282623291015625
9.397155284881591796875
9.5723307132720965029193394002504646778106689453125
9.609817981719970703125
9.271696567535400390625
9.3065497875213623046875
9.2778232097625714658306605997495353221893310546875
9.3118686676025408388568394002504646778106689453125
9.3336014747619646669818394002504646778106689453125
9.3419449329376220703125
9.327683925628662109375
9.4712307453155517578125
9.3599963188171404482318394002504646778106689453125
9.4481751918792724609375
9.49535846710205078125
9.5281622409820556640625
9.4359338283538818359375
9.6030755043029802919818394002504646778106689453125
9.5805432796478271484375
9.6132051944732683779193394002504646778106689453125
9.4646780490875244140625
9.4229304790496843935443394002504646778106689453125
9.414460659027099609375
9.356539249420166015625
9.2876510620117205263568394002504646778106689453125
9.3644874095916765810443394002504646778106689453125
9.6218497753143328310443394002504646778106689453125
9.7085983753204363466693394002504646778106689453125
9.285480976104736328125
9.278902530670166015625
9.18410015106201171875
9.2249648571014404296875
9.449485301971435546875
9.4800062179565447451068394002504646778106689453125
9.4814441204071044921875
9.5094873905181884765625
9.21765899658203125
9.2869079113006591796875
9.21258258819580078125
9.2598168849945086122943394002504646778106689453125
9.3764781951904296875
9.326473236083984375
9.3466012477874755859375
9.28150272369384765625
9.6081888675689697265625
9.63532733917236328125
9.6644794940948486328125
9.7407944202423095703125
9.2347800731658935546875
9.2718999385833740234375
9.3516132831573486328125
9.33882427215576171875
9.4485843181610107421875
9.3770022392272966982318394002504646778106689453125
9.363326549530029296875
9.412068843841552734375
9.4123108386993408203125
9.3884112834930419921875
9.4848890304565447451068394002504646778106689453125
9.3798148632049560546875
9.3064806461334246279193394002504646778106689453125
9.3348643779754638671875
9.280841350555419921875
9.276378631591796875
9.712913990020751953125
9.5450155735015886904193394002504646778106689453125
9.5233566761016845703125
9.57785129547119140625
9.401043415069580078125
9.4171063899993896484375
9.4058113098144513486431605997495353221893310546875
9.465598583221435546875
9.529287815093994140625
9.557836055755615234375
9.4849073886871337890625
9.4528281688690203310443394002504646778106689453125
9.4269995689392072080181605997495353221893310546875
9.4214341640472394345806605997495353221893310546875
9.4831421375274658203125
9.5221831798553484560443394002504646778106689453125
9.2853577136993408203125
9.3203237056732177734375
9.6490631103515625
9.71569538116455078125
9.7012560367584246279193394002504646778106689453125
9.6916198730468767763568394002504646778106689453125
9.3718111515045166015625
9.407207012176513671875
9.4665815830230712890625
9.3997056484222394345806605997495353221893310546875
9.4043815135955792783306605997495353221893310546875
9.3706786632537841796875
9.5610938072204607607318394002504646778106689453125
9.4534709453582763671875
9.5578286647796648622943394002504646778106689453125
9.3465287685394287109375
9.35211086273193359375
9.340976238250732421875
9.3638145923614501953125
9.4737098217010498046875
9.32767486572265625
9.2869608402252197265625
9.1435012817382794736431605997495353221893310546875
9.39656925201416015625
9.3661143779754638671875
9.4277794361114501953125
9.3599648475646954892681605997495353221893310546875
9.3229489326477033017681605997495353221893310546875
9.3807327747344952939556605997495353221893310546875
9.409219264984130859375
9.389876842498779296875
9.3907659053802472470806605997495353221893310546875
9.4119565486907958984375
9.519479274749755859375
9.332364559173583984375
9.3474669456481915830181605997495353221893310546875
9.3533041477203351377056605997495353221893310546875
9.345197200775146484375
9.3546106815338117002056605997495353221893310546875
9.33713436126708984375
9.3224842548370361328125
9.6755619049072283388568394002504646778106689453125
9.315509319305419921875
9.2646863460540753720806605997495353221893310546875
9.4601092338561993955181605997495353221893310546875
9.4950070381164568544818394002504646778106689453125
9.4438028335571271298931605997495353221893310546875
9.41606998443603515625
9.4579679965972900390625
9.4451313018798845888568394002504646778106689453125
9.3442623615264892578125
