0.07679890027463902313353827366881887428462505340576171875
0.11827029827964048724897594411231693811714649200439453125
0.1203272742417169638429186306893825531005859375
0.061392688477619195008827546189422719180583953857421875
0.083536463800965299331124924719915725290775299072265625
0.1351316529772083885330147268177825026214122772216796875
0.1814067478378581232956179292159504257142543792724609375
0.09932753640876286482797041799130965955555438995361328125
0.07479556744753378116907782668931758962571620941162109375
0.0778673476448460133436668684225878678262233734130859375
0.0614589970154289788606405409154831431806087493896484375
0.1407927697685054380105640348119777627289295196533203125
0.0188849261508007883192394871230135322548449039459228515625
0.09890829542661168372053026587309432215988636016845703125
0.11214753525441774339999057019667816348373889923095703125
0.168014128585868116605439581690006889402866363525390625
0.1609432744641989543321614064552704803645610809326171875
0.1156353608817485556503612542655901052057743072509765625
0.1552872241682219101033268771061557345092296600341796875
0.130469899566976632598880314617417752742767333984375
0.139167037490628808793502457774593494832515716552734375
0.046094129578107045919210804640897549688816070556640625
0.07806168815619883571965686996918520890176296234130859375
0.075602813688166181638194984770962037146091461181640625
0.10699557973345352746008529720711521804332733154296875
0.04078220084597390659997273587578092701733112335205078125
0.03784260511228464129995785469873226247727870941162109375
0.0916458717624200891460617413031286559998989105224609375
0.10173403360186426824807170987696736119687557220458984375
0.112292728747121095533856305337394587695598602294921875
0.040802069081240989467662672041115001775324344635009765625
0.0550209156808046107034471106089767999947071075439453125
0.0826254309670478581661967609761632047593593597412109375
0.11285071828056443543619735692118410952389240264892578125
0.1513318267788799353912310152736608870327472686767578125
0.1502694053472344581923181294769165106117725372314453125
0.1967504681045914860515466671131434850394725799560546875
0.0611219254844958259642595521654584445059299468994140625
0.08877899645965177388706734973311540670692920684814453125
0.07607191737398409647763486418625689111649990081787109375
0.031402167708071256069235488439517212100327014923095703125
0.047660667794750810610793223531800322234630584716796875
0.1588468869249738679716443812139914371073246002197265625
0.10098962886750044443129326054986449889838695526123046875
0.15633863409249026954483952067676000297069549560546875
0.051365400024009889856646537964479648508131504058837890625
0.118237855747147069251923312549479305744171142578125
0.016284716515205681364175660519322264008224010467529296875
0.074787247590827166110472035143175162374973297119140625
0.1045867463167247934929804387138574384152889251708984375
0.03339141468480978647281887106146314181387424468994140625
0.10356823600693094988844933368454803712666034698486328125
0.06894745726290833764959842255848343484103679656982421875
0.0921314535024963243703410853413515724241733551025390625
0.11416316225854761245983581829932518303394317626953125
0.03502040709976823873450513247007620520889759063720703125
0.1031082850394940686467037949114455841481685638427734375
0.10508167121769527996288928761714487336575984954833984375
0.06387979853620595616092714408296160399913787841796875
0.1306120067622531799589324918997590430080890655517578125
0.0833627510361562851226580050933989696204662322998046875
0.0747064257368572348649848891000146977603435516357421875
0.055528610814095748227092741444721468724310398101806640625
0.12709367503746327177083230708376504480838775634765625
0.045463169928583020695800342991788056679069995880126953125
0.1717372529942258474466854067941312678158283233642578125
0.150029999929933932634185111965052783489227294921875
0.11319403428620626594902631723016384057700634002685546875
0.155083193179834655239801577408798038959503173828125
0.1142327153637966163923778140087961219251155853271484375
0.0912375132752878126307649608861538581550121307373046875
0.1275250350166038659782685726895579136908054351806640625
0.11744351769817971964382508076596423052251338958740234375
0.1338389676720124488173979671046254225075244903564453125
0.1234409763187679642815197667005122639238834381103515625
0.1228542492299646016196135178688564337790012359619140625
0.09349488829691343649841428486979566514492034912109375
0.08120003197408653949906920388457365334033966064453125
0.0759428124124622849766552690198295749723911285400390625
0.1369948154440570331491500155607354827225208282470703125
0.05476025877519362372591871235272265039384365081787109375
0.0734484686605612058230008187820203602313995361328125
0.1388526641086955393245006007418851368129253387451171875
0.08797327300031272667713011514933896251022815704345703125
0.10471433238987028213617946903468691743910312652587890625
0.08475429850406625276182381867329240776598453521728515625
0.09420400977483911475474087637849152088165283203125
0.0660899412709354816541917898575775325298309326171875
0.11332688435146205663262009011305053718388080596923828125
0.10424423534525362189384622979559935629367828369140625
0.09673927765479502227652375268007745034992694854736328125
0.16090538465419335079076290639932267367839813232421875
0.095337396216955749839172540305298753082752227783203125
0.0722910900079420937203167341067455708980560302734375
0.166629784111750556263586986460722982883453369140625
0.1822336207297375609837075671748607419431209564208984375
0.1263973474995899459738524228669120930135250091552734375
0.097597278993465097496340376892476342618465423583984375
0.200155113400203810147814920128439553081989288330078125
0.155310925644576325321821741454186849296092987060546875
0.1096734192543673269693016436576726846396923065185546875
0.1588781592676105913763962007578811608254909515380859375
0.12794645036924789938126423294306732714176177978515625
0.05555767627041001410770348911682958714663982391357421875
0.042916126435498601343621061232624924741685390472412109375
0.07011358483054054568928137314287596382200717926025390625
0.103932444738039142517749269245541654527187347412109375
0.11609831466059673810153896056363009847700595855712890625
0.11471799686198595746855488641813280992209911346435546875
0.0240486785050920380546468635429846472106873989105224609375
0.1279611657899529519877290795193403027951717376708984375
0.04548668243442337277837594911034102551639080047607421875
0.1316596776518515199416725636183400638401508331298828125
0.09787581583357050918348107870770036242902278900146484375
0.08309259942322087810762099024941562674939632415771484375
0.11212511845545632127585378157164086587727069854736328125
0.104744334835837893393772901617921888828277587890625
0.1007395899882909395817165432163164950907230377197265625
0.07658730446581045459009118303583818487823009490966796875
0.0149356912280327047692907171949627809226512908935546875
0.0719873012875128781562494850732036866247653961181640625
0.0805637032600655944580836376189836300909519195556640625
0.16542830304216227244040737787145189940929412841796875
0.04530697658652289849801064747225609607994556427001953125
0.052560900903010077112043063607416115701198577880859375
0.11522418268601948565521553291546297259628772735595703125
0.07384850098379726335284800597946741618216037750244140625
0.1061371025263907752478331758538843132555484771728515625
0.10422608141236926193595735412600333802402019500732421875
0.0266022715659320063696924307805602438747882843017578125
0.059287641642079121073738434688493725843727588653564453125
0.10357971603032399554589204626608989201486110687255859375
0.1255049229534181132184045281974249519407749176025390625
0.119305812007499401072863065564888529479503631591796875
0.0729722348998486924909201434275018982589244842529296875
0.02410469735882987685204881245226715691387653350830078125
0.044535191418770138371829858670025714673101902008056640625
0.11180396165021455612276213287259452044963836669921875
0.1509071300485123334755854784816619940102100372314453125
0.05462677841991177285496661397701245732605457305908203125
0.13287865873302895369789666801807470619678497314453125
0.12358184068832116231373419168448890559375286102294921875
0.1059587346443826294528633980007725767791271209716796875
0.100109841434984747632341850476223044097423553466796875
0.109919101218596104718727701765601523220539093017578125
0.09396345978083679717496323746672715060412883758544921875
0.1250936952469270113663668553272145800292491912841796875
0.0843014317256878531470221105337259359657764434814453125
0.046563455202723813552978526786318980157375335693359375
0.0882831974439526045994597325261565856635570526123046875
0.0830491167544354091933911377054755575954914093017578125
