0.3533382751047611236572265625
0.382683403789997100830078125
0.3360369168221950531005859375
0.3600269593298435211181640625
0.3453639857470989227294921875
0.41126103699207305908203125
0.4044447727501392364501953125
0.3461835347115993499755859375
0.3680644072592258453369140625
0.364687867462635040283203125
0.3284316845238208770751953125
0.3219297491014003753662109375
0.386132590472698211669921875
0.3658821098506450653076171875
0.37209020555019378662109375
0.3263408727943897247314453125
0.362950146198272705078125
0.3655385561287403106689453125
0.34355650842189788818359375
0.3489137478172779083251953125
0.340538799762725830078125
0.3786435425281524658203125
0.3441898114979267120361328125
0.363171853125095367431640625
0.3492106087505817413330078125
0.350283630192279815673828125
0.3610547296702861785888671875
0.3866967000067234039306640625
0.3732617981731891632080078125
0.361275374889373779296875
0.3498719446361064910888671875
0.333844341337680816650390625
0.381205208599567413330078125
0.3520563803613185882568359375
0.3589108251035213470458984375
0.3414646945893764495849609375
0.354709200561046600341796875
0.362600348889827728271484375
0.35914339125156402587890625
0.361246056854724884033203125
0.319081820547580718994140625
0.411956258118152618408203125
0.386604927480220794677734375
0.3558338247239589691162109375
0.3369601182639598846435546875
0.342714153230190277099609375
0.374555669724941253662109375
0.3682330660521984100341796875
0.3664294593036174774169921875
0.3499016463756561279296875
0.3628175966441631317138671875
0.3631480298936367034912109375
0.3706010170280933380126953125
0.34991915524005889892578125
0.3284887708723545074462890625
0.3861914314329624176025390625
0.3572065941989421844482421875
0.357952542603015899658203125
0.33176077902317047119140625
0.328239418566226959228515625
0.3753967769443988800048828125
0.3747327625751495361328125
0.33607423305511474609375
0.3929133228957653045654296875
0.3378300368785858154296875
0.4150884710252285003662109375
0.326710440218448638916015625
0.3423215858638286590576171875
0.390303798019886016845703125
0.3799822032451629638671875
0.34792549908161163330078125
0.384110964834690093994140625
0.36903010308742523193359375
0.3357145488262176513671875
0.31800951063632965087890625
0.385082721710205078125
0.3848845064640045166015625
0.37096966803073883056640625
0.405646167695522308349609375
0.32022337615489959716796875
0.3573541976511478424072265625
0.3363904096186161041259765625
0.3549468815326690673828125
0.392550878226757049560546875
0.3457736670970916748046875
0.337489299476146697998046875
0.3477693535387516021728515625
0.4230804704129695892333984375
0.37467133998870849609375
0.319516904652118682861328125
0.40957057476043701171875
0.3463381789624691009521484375
0.3879098482429981231689453125
0.345011889934539794921875
0.325958915054798126220703125
0.3969340957701206207275390625
0.40207941830158233642578125
0.3764123581349849700927734375
0.370710559189319610595703125
0.36709262430667877197265625
0.3869138062000274658203125
0.333379685878753662109375
0.3998921699821949005126953125
0.3363316170871257781982421875
0.33675070106983184814453125
0.3507321588695049285888671875
0.37824596464633941650390625
0.3676909022033214569091796875
0.3478046357631683349609375
0.3701181448996067047119140625
0.3239375390112400054931640625
0.356687963008880615234375
0.3853272534906864166259765625
0.3357803784310817718505859375
0.338479422032833099365234375
0.371507056057453155517578125
0.36040787398815155029296875
0.3447322882711887359619140625
0.361214883625507354736328125
0.35881805419921875
0.33308373391628265380859375
0.3529046066105365753173828125
0.3559128008782863616943359375
0.3417652212083339691162109375
0.3617312572896480560302734375
0.3697332777082920074462890625
0.361635483801364898681640625
0.3814666606485843658447265625
0.3762683980166912078857421875
0.404251031577587127685546875
0.3533600009977817535400390625
0.345237188041210174560546875
0.35896812379360198974609375
0.3429945744574069976806640625
0.3489386141300201416015625
0.359763853251934051513671875
0.381752796471118927001953125
0.3761185593903064727783203125
0.31688706576824188232421875
0.3701853938400745391845703125
0.3839797079563140869140625
0.3315632678568363189697265625
0.431079678237438201904296875
0.3612180091440677642822265625
0.3388228453695774078369140625
0.3527253605425357818603515625
0.3791063241660594940185546875
0.3456872589886188507080078125
0.3575044982135295867919921875
0.3241922073066234588623046875
0.3944892175495624542236328125
