90.491607666015625
101.69757843017578125
94.12055206298828125
97.166290283203125
101.60584259033203125
86.22808837890625
99.6973114013671875
97.15328216552734375
95.56365203857421875
89.5848846435546875
91.28862762451171875
84.046905517578125
92.299713134765625
89.0904083251953125
97.07350921630859375
87.9241790771484375
97.01251983642578125
83.203643798828125
91.8673095703125
83.498931884765625
93.38896942138671875
97.509613037109375
98.59528350830078125
91.4234161376953125
87.46179962158203125
93.62320709228515625
85.74472808837890625
94.1294097900390625
90.86576080322265625
156.3029937744140625
89.65625
89.1654815673828125
89.4763946533203125
81.96808624267578125
93.10475921630859375
92.09810638427734375
95.086395263671875
87.1775360107421875
86.53316497802734375
89.20914459228515625
94.46987152099609375
100.47650909423828125
89.2548065185546875
80.37683868408203125
95.45061492919921875
93.75439453125
102.84737396240234375
84.8033905029296875
86.68060302734375
100.1193389892578125
88.59853363037109375
100.5949554443359375
97.68206787109375
91.91033172607421875
81.86357879638671875
86.49131011962890625
90.45475006103515625
98.83144378662109375
107.8768310546875
98.53955841064453125
88.84249114990234375
84.06772613525390625
91.9409332275390625
89.596710205078125
105.835723876953125
97.14131927490234375
92.1144561767578125
101.6541900634765625
91.98075103759765625
102.28118896484375
95.998321533203125
96.606719970703125
88.670257568359375
91.54314422607421875
94.73980712890625
89.85520172119140625
91.88851165771484375
100.53409576416015625
88.98409271240234375
93.9994354248046875
91.01630401611328125
85.85173797607421875
97.95807647705078125
89.8865814208984375
85.9171905517578125
84.25337982177734375
93.90050506591796875
91.496368408203125
95.2742462158203125
94.286376953125
88.16658782958984375
91.20455169677734375
92.711700439453125
98.964324951171875
95.7029876708984375
85.22431182861328125
99.835357666015625
95.0814361572265625
85.83211517333984375
95.75469207763671875
95.53029632568359375
87.330047607421875
90.9276580810546875
93.671112060546875
99.10741424560546875
93.8043060302734375
91.57376861572265625
83.52872467041015625
85.08849334716796875
105.04937744140625
97.060699462890625
96.73247528076171875
84.94940948486328125
85.8830718994140625
91.43776702880859375
95.2641143798828125
85.933685302734375
96.43988800048828125
89.3834991455078125
100.184326171875
105.29767608642578125
94.22093963623046875
94.3138580322265625
93.072540283203125
95.27567291259765625
86.21889495849609375
96.61379241943359375
83.5305633544921875
85.33736419677734375
90.8384552001953125
101.356201171875
92.6563568115234375
90.2782440185546875
95.51599884033203125
90.7422637939453125
87.53461456298828125
81.57981109619140625
88.83728790283203125
86.04988861083984375
90.95532989501953125
103.12575531005859375
94.8659515380859375
91.5058441162109375
95.47541046142578125
88.42427825927734375
88.345703125
98.029083251953125
98.58351898193359375
89.15941619873046875
84.8259735107421875
93.605987548828125
