0.80392372608184814453125
0.772060334682464599609375
0.774363815784454345703125
0.77809059619903564453125
0.748080790042877197265625
0.782068431377410888671875
0.760472774505615234375
0.738839626312255859375
0.778644502162933349609375
0.77002251148223876953125
0.798403441905975341796875
0.7644755840301513671875
0.776174247264862060546875
0.734141528606414794921875
0.745698273181915283203125
0.728647530078887939453125
0.754936397075653076171875
0.779102325439453125
0.77407276630401611328125
0.775839388370513916015625
0.77429306507110595703125
0.78351247310638427734375
0.759544909000396728515625
0.74833261966705322265625
0.777761280536651611328125
0.791507661342620849609375
0.756428658962249755859375
0.7871029376983642578125
0.763306140899658203125
0.759336769580841064453125
0.778852403163909912109375
0.770431697368621826171875
0.75875031948089599609375
0.787281692028045654296875
0.795617640018463134765625
0.7271022796630859375
0.752696573734283447265625
0.736134588718414306640625
0.766025722026824951171875
0.77953207492828369140625
0.781166851520538330078125
0.776001274585723876953125
0.7690441608428955078125
0.7662312984466552734375
0.788834750652313232421875
0.7598516941070556640625
0.756481707096099853515625
0.79443037509918212890625
0.750098049640655517578125
0.77854502201080322265625
0.790051162242889404296875
0.760355889797210693359375
0.78004395961761474609375
0.76214134693145751953125
0.75056016445159912109375
0.762096464633941650390625
0.75367939472198486328125
0.751157939434051513671875
0.765867769718170166015625
0.7808477878570556640625
0.78489792346954345703125
0.775326073169708251953125
0.794337809085845947265625
0.797883093357086181640625
0.759461581707000732421875
0.775789201259613037109375
0.791208565235137939453125
0.794599950313568115234375
0.765047729015350341796875
0.756897032260894775390625
0.78250539302825927734375
0.769936025142669677734375
0.781457006931304931640625
0.78451097011566162109375
0.752918183803558349609375
0.787403285503387451171875
0.773117601871490478515625
0.7644176483154296875
0.76330721378326416015625
0.767587125301361083984375
0.760309875011444091796875
0.787057220935821533203125
0.78091824054718017578125
0.75070130825042724609375
0.800222337245941162109375
0.791917502880096435546875
0.78227126598358154296875
0.7515242099761962890625
0.77884089946746826171875
0.776511609554290771484375
0.76933968067169189453125
0.80070316791534423828125
0.780558288097381591796875
0.7560901641845703125
0.779448807239532470703125
0.77805697917938232421875
0.7779133319854736328125
0.7905852794647216796875
0.760893881320953369140625
0.7737481594085693359375
0.767660558223724365234375
0.807370364665985107421875
0.795926988124847412109375
0.782141625881195068359375
0.778294384479522705078125
0.7566242218017578125
0.776644229888916015625
0.784938037395477294921875
0.760727465152740478515625
0.76330387592315673828125
0.782666146755218505859375
0.762265861034393310546875
0.77812159061431884765625
0.760926723480224609375
0.78259646892547607421875
0.774308621883392333984375
0.70483171939849853515625
0.7667324542999267578125
0.790094792842864990234375
0.7651097774505615234375
0.7995994091033935546875
0.767385780811309814453125
0.76577031612396240234375
0.757183551788330078125
0.751835405826568603515625
0.7382099628448486328125
0.76885449886322021484375
0.78717148303985595703125
0.793191730976104736328125
0.7628300189971923828125
0.760538280010223388671875
0.80462920665740966796875
0.7723903656005859375
0.771518051624298095703125
0.79698944091796875
0.775139510631561279296875
0.775797545909881591796875
0.788161098957061767578125
0.772191941738128662109375
0.78570330142974853515625
0.756746768951416015625
0.773649632930755615234375
0.771272718906402587890625
0.7718379497528076171875
0.76886093616485595703125
0.775729238986968994140625
0.763545453548431396484375
0.753460705280303955078125
0.797216236591339111328125
0.78449332714080810546875
0.786814272403717041015625
