0.001915609835996292566184795447270516888238489627838134765625
0.003747530863620340824127197265625
0.004616817473433911488134295808549723005853593349456787109375
0.0023917865531984717521185590527466047205962240695953369140625
0.0025713262183126059205739988300365439499728381633758544921875
0.00188808328937739122559136273338253886322490870952606201171875
0.001028545938315801426543583119155300664715468883514404296875
0.00212729353923350565647165666405271622352302074432373046875
0.000911851589189609517023538121094361486029811203479766845703125
0.000638529539719456828462951225588994930149056017398834228515625
0.00176994761597597965487038695897581419558264315128326416015625
0.004248079224489629233951770714838858111761510372161865234375
0.001235957267344929381980289662124050664715468883514404296875
0.0021754135383525862075526635663891283911652863025665283203125
0.002934462240664288505687107289077175664715468883514404296875
0.0016959843703079967129621064003686115029267966747283935546875
0.0032215298712253569342334191816235033911652863025665283203125
0.004469271206762641217291598394467655452899634838104248046875
0.0011762170164729469391817762158325422205962240695953369140625
0.00190432447823695827175682904197628886322490870952606201171875
0.00507743219146505019023773996877935132943093776702880859375
0.00250854681711643913433196217965814867056906223297119140625
0.002965821307152509585247646128891574335284531116485595703125
0.002155153505736961787320193906225540558807551860809326171875
0.00222519643837586038326303849999021622352302074432373046875
0.0022191747045144437182340180214623615029267966747283935546875
0.0022034971299581228298958279765429324470460414886474609375
0.000849896995641756807134126194824830236029811203479766845703125
0.0022294979821890592401600894589819290558807551860809326171875
0.001289440610853489523057735510747079388238489627838134765625
0.001891727725742384756679737023432608111761510372161865234375
0.000835971765918657187983964451660767736029811203479766845703125
0.0030515069281682369838060164823900777264498174190521240234375
0.003775473386049270352327056343710864894092082977294921875
0.0029671800043433900484490806093162973411381244659423828125
0.0031022462504915891863543908613110033911652863025665283203125
0.000972774677065899582607821916013790541910566389560699462890625
0.0013931185472756623354440019824096452794037759304046630859375
0.00161272410186938928468303178220821791910566389560699462890625
0.0029639909183606506608288366777514966088347136974334716796875
0.00241952938260510570789296735938478377647697925567626953125
0.0030219861771911380073085684472289358382113277912139892578125
0.002721565715037285899946528644477439229376614093780517578125
0.00183762059430591750790184857322628886322490870952606201171875
0.0013198151532560586755848941464819290558807551860809326171875
0.00080007773358374838397477635254517736029811203479766845703125
0.003371349005028605183564849312460864894092082977294921875
0.00222690115333534777164459228515625
0.0072849462775047869877997896992383175529539585113525390625
0.0030305301724001761955185063612816520617343485355377197265625
0.00270548903616145246242563615624021622352302074432373046875
0.00098165906791109597794020569239137330441735684871673583984375
0.002119591813534498110638271128891574335284531116485595703125
0.00100226835755165663739696402245726858382113277912139892578125
0.002640047227032482624053955078125
0.0016518908645957708879181691230542128323577344417572021484375
0.00201937339617870754981954206641603377647697925567626953125
0.0008979558783175889923044987739331190823577344417572021484375
0.00248209270648658275604248046875
0.002724546045064926182155407019536141888238489627838134765625
0.0022893360781017688641847396269213277264498174190521240234375
0.00307399802841246128082275390625
0.002004718095995485817317760535161141888238489627838134765625
0.0021717438800260423399646203534985033911652863025665283203125
0.000451524411691934797301317683348997888970188796520233154296875
0.0028568571974756195967770633359350540558807551860809326171875
0.0048863044253084804424691611757225473411381244659423828125
0.00088927504140883678086793029393675169558264315128326416015625
0.0028543520806124434742445661328247297205962240695953369140625
0.0020720183406956493334105662285082871676422655582427978515625
0.00068613666255259888986095528906616891617886722087860107421875
0.00150969089707359677664244568262574830441735684871673583984375
0.0037027623574249443096084721815941520617343485355377197265625
0.00152003975003026418032214817088743075146339833736419677734375
0.001607705672504380380039012976567391888238489627838134765625
0.0013434443500591440601166226542773074470460414886474609375
0.0018796304560964927944655133984497297205962240695953369140625
0.0010318709368584678097435780586010878323577344417572021484375
0.001963979703141376098596282417929614894092082977294921875
0.0025527938921004532206449066933373615029267966747283935546875
0.0011473895551171154304215260566479628323577344417572021484375
0.002205304314848035608653820105473641888238489627838134765625
0.002473502533975988244840937824164939229376614093780517578125
0.002522942996583879028682506628911141888238489627838134765625
0.00112027348397532484913785566504884627647697925567626953125
0.00177983613451942784995651880564082603086717426776885986328125
0.0028634414053522049166400353925610033911652863025665283203125
0.002021640980383381143437038218735324335284531116485595703125
0.001767308688722550764904628550766574335284531116485595703125
0.003044878528453409498311099667944290558807551860809326171875
0.00082509865227621049556250287793091047205962240695953369140625
0.002359078939771279588566432749985324335284531116485595703125
0.004137944534886628215886172910131790558807551860809326171875
0.0015422389411833136059482018964672533911652863025665283203125
0.00252763401484116904949228654686521622352302074432373046875
0.0009591556058148854001232930244214003323577344417572021484375
0.0027832335652783514456931612812695675529539585113525390625
0.0027369457390159367300708215253735033911652863025665283203125
0.0027033546031452714009102322734179324470460414886474609375
0.0031603519455529749393463134765625
0.0032122792524751273522676253691088277264498174190521240234375
0.000816126850550062915394533558099965375731699168682098388671875
0.0020563801995012909347437801699243209441192448139190673828125
0.00108759551018010824051385210253783952794037759304046630859375
0.00182437074487097551818426399705685980734415352344512939453125
0.00175556878210045394679561514550414358382113277912139892578125
0.0022500216204207391414160444043091047205962240695953369140625
0.00174979133298620577290083399901732263970188796520233154296875
0.0024460365180857478704934404589721452794037759304046630859375
0.00112241334165446454175507629003050169558264315128326416015625
0.0021800731518305839495841524922070675529539585113525390625
0.0019651166116818785840891781191430709441192448139190673828125
0.00188347168848849826072733293358396622352302074432373046875
0.00052295763292931952449793531201294172205962240695953369140625
0.001429833912989124551640163218735324335284531116485595703125
0.0018386757653206585276517426308373615029267966747283935546875
0.00331305282656103351757170827340814867056906223297119140625
0.002487565084593370244581134187455973005853593349456787109375
0.00120663479290669781347766775780883108382113277912139892578125
0.002544045798713341112462504867153256782330572605133056640625
0.007161497857887297834034168175776358111761510372161865234375
0.0032676885754335670448977868574047533911652863025665283203125
0.00049656674011202997336134057348999704117886722087860107421875
0.00227043784456327536747100026559564867056906223297119140625
0.0017332539870403705813128869550610033911652863025665283203125
0.002917106845416128635406494140625
0.002143583226716145977153171742202175664715468883514404296875
0.002895952456165105069751941613276358111761510372161865234375
0.00078982742415973912313009730468138513970188796520233154296875
0.0010697537832311354404069003720678665558807551860809326171875
0.0024116759118624031370259341855444290558807551860809326171875
0.002187944904435425684530169831987223005853593349456787109375
0.0022672009060624984978782325839574696146883070468902587890625
0.00159171257051639249320562630174435980734415352344512939453125
0.00117781477893004189565206996093138513970188796520233154296875
0.002254634741693735226764072621108425664715468883514404296875
0.000663172432105056989214142415534070096327923238277435302734375
0.00056575363239971918245807547265258108382113277912139892578125
0.0025344998575747013092041015625
0.00186581951566040511562849513182982263970188796520233154296875
0.000798728989029768850042845240722044763970188796520233154296875
0.0025192102417349814501290605761596452794037759304046630859375
0.00174379573436453925473765824705196791910566389560699462890625
0.0031536217965185638946457036269066520617343485355377197265625
0.0063600667752325527881662736717771622352302074432373046875
0.0007004617714846971855691126762621934176422655582427978515625
0.0026296633156016467787463586347485033911652863025665283203125
0.00346695256885141099567615441401358111761510372161865234375
0.00547018979210406493252083492961901356466114521026611328125
0.00147902785800397402159178650293824830441735684871673583984375
0.00130175568105187259258792575877805575146339833736419677734375
