0.97556883096694957391292746251565404236316680908203125
0.999632358551025390625
0.992479145526885986328125
0.98784220218658436163394753748434595763683319091796875
0.990243494510650634765625
0.99667990207672119140625
0.99399995803832996710269753748434595763683319091796875
0.993452370166778564453125
0.994390189647674560546875
0.89577758312225341796875
0.99349200725555419921875
0.991759240627288818359375
0.98652637004852294921875
0.997617304325103759765625
0.97707337141036998406917746251565404236316680908203125
0.99774420261383056640625
0.99964427947998035772769753748434595763683319091796875
0.997904837131500244140625
0.99911558628082275390625
0.982822895050048828125
0.99640905857086181640625
0.99906969070434559210269753748434595763683319091796875
0.98150289058685302734375
0.99948042631149280889957253748434595763683319091796875
0.997081100940704345703125
0.99938160181045521124332253748434595763683319091796875
0.98485589027404796258480246251565404236316680908203125
0.991390228271484375
0.99915939569473277703792746251565404236316680908203125
0.97525465488433837890625
0.990405738353729248046875
0.98503267765045154913394753748434595763683319091796875
0.99690681695938121453792746251565404236316680908203125
0.9969089031219482421875
0.96243590116500843389957253748434595763683319091796875
0.94708752632141124383480246251565404236316680908203125
0.9873201847076416015625
0.98385649919509876593082253748434595763683319091796875
0.99673300981521595343082253748434595763683319091796875
0.989289760589599609375
0.99633991718292236328125
0.99564039707183837890625
0.992191970348358154296875
0.995073974132537841796875
0.97014862298965442999332253748434595763683319091796875
0.993673741817474365234375
0.998235881328582763671875
0.971804082393646240234375
0.9843542575836181640625
0.975937545299530029296875
0.99690681695938121453792746251565404236316680908203125
0.9958279132843017578125
0.992386162281036376953125
0.98061764240264881475894753748434595763683319091796875
0.97243678569793701171875
0.99818509817123401983707253748434595763683319091796875
0.99985104799270640985042746251565404236316680908203125
0.98066073656082164422542746251565404236316680908203125
0.99492764472961436883480246251565404236316680908203125
0.99848842620849598272769753748434595763683319091796875
0.94548511505126964227230246251565404236316680908203125
1
0.993016719818115234375
0.989654064178466796875
0.998684346675872802734375
0.97207903861999522820980246251565404236316680908203125
0.98985052108764637335269753748434595763683319091796875
0.9941928386688232421875
0.99695479869842518194644753748434595763683319091796875
0.99920451641082763671875
0.96716248989105224609375
0.99976646900177001953125
0.99791449308395396844417746251565404236316680908203125
0.9908893108367919921875
0.999999940395355224609375
0.98911410570144642218082253748434595763683319091796875
0.98184412717819202764957253748434595763683319091796875
0.99712371826171875
0.99745219945907603875667746251565404236316680908203125
1
0.999142587184906005859375
0.974264442920684814453125
0.993237674236297607421875
0.99884241819381724969417746251565404236316680908203125
0.99408179521560680047542746251565404236316680908203125
0.99295991659164439813167746251565404236316680908203125
0.98543065786361683233707253748434595763683319091796875
0.98863232135772705078125
0.977138817310333251953125
0.98478186130523681640625
0.99715626239776600225894753748434595763683319091796875
0.99876213073730479852230246251565404236316680908203125
0.989891529083251953125
0.99926489591598521844417746251565404236316680908203125
0.98858666419982921258480246251565404236316680908203125
0.99205410480499278680355246251565404236316680908203125
0.98129117488861083984375
0.976547539234161376953125
0.99231469631195079461605246251565404236316680908203125
0.99545645713806163445980246251565404236316680908203125
0.996643960475921630859375
0.98036921024322520867855246251565404236316680908203125
0.99163788557052601202457253748434595763683319091796875
0.96714442968368519171207253748434595763683319091796875
0.99476581811904918328792746251565404236316680908203125
0.99271917343139637335269753748434595763683319091796875
0.9909813404083251953125
0.9936935901641845703125
0.992320239543914794921875
0.99117976427078235968082253748434595763683319091796875
0.99537670612335205078125
0.987565696239471435546875
0.984379947185516357421875
0.98183315992355357781917746251565404236316680908203125
0.997806608676910400390625
0.991724431514739990234375
0.98616111278533935546875
0.99709957838058482781917746251565404236316680908203125
0.999424993991851806640625
0.992344081401824951171875
0.9758412837982177734375
0.99353337287902843133480246251565404236316680908203125
0.99003207683563243524105246251565404236316680908203125
0.99989497661590576171875
0.98961985111236561163394753748434595763683319091796875
0.99961388111114501953125
0.99185693264007557257144753748434595763683319091796875
0.99785554409027099609375
0.99650424718856800421207253748434595763683319091796875
0.98541355133056640625
0.995476663112640380859375
0.99255257844924915655582253748434595763683319091796875
0.98236787319183360711605246251565404236316680908203125
0.98859202861785877569644753748434595763683319091796875
0.99344718456268321649105246251565404236316680908203125
0.99418920278549205438167746251565404236316680908203125
0.99888575077056884765625
0.9927227497100830078125
0.99903285503387440069644753748434595763683319091796875
0.999604701995849609375
0.997259795665740966796875
0.98572266101837158203125
0.99845439195632923468082253748434595763683319091796875
0.992151200771331787109375
0.9713971614837646484375
0.98573791980743397100894753748434595763683319091796875
0.9865858554840087890625
0.99453419446945201531917746251565404236316680908203125
0.99815171957016002313167746251565404236316680908203125
0.98038965463638316766292746251565404236316680908203125
1
