1.01313453078269954943380071199499070644378662109375
0.955307217836379951592107317992486059665679931640625
1.0545406860113144542623331290087662637233734130859375
0.88065603926777835663841642599436454474925994873046875
0.99130827754735950652076326150563545525074005126953125
0.917739739120006614570002057007513940334320068359375
0.92213983401656152150138723300187848508358001708984375
0.9471524336934089571826689279987476766109466552734375
0.87127026230096815684333932949812151491641998291015625
1.023156579136848431943462855997495353221893310546875
0.87254374563694003796854303800500929355621337890625
0.943421645611524528618474505492486059665679931640625
0.990658437311649375800470807007513940334320068359375
0.93973073452711108899393366300500929355621337890625
0.94347072422504429933809433350688777863979339599609375
0.92989618152379993620826326150563545525074005126953125
0.97191961795091630360587942050187848508358001708984375
0.8676241880655288785106904470012523233890533447265625
0.96468296170234679731692040149937383830547332763671875
0.90565295979380611157694147550500929355621337890625
0.899396953582763725165705182007513940334320068359375
1.052844932675361722118623220012523233890533447265625
0.86288145706057550743395268000313080847263336181640625
0.963012204915285163764337994507513940334320068359375
0.91856260254979138490938339600688777863979339599609375
0.9818989124894141884425380339962430298328399658203125
0.96572067737579347923571049250313080847263336181640625
0.912132475972175615908099644002504646778106689453125
0.95140754401683802488065566649311222136020660400390625
0.94450910538434984520250736750313080847263336181640625
0.9418706513941288438473975475062616169452667236328125
1.002250017225742251270048654987476766109466552734375
1.029499261081218808300263845012523233890533447265625
0.9385090379416942685253388845012523233890533447265625
0.99756467685103411557889785399311222136020660400390625
0.86527910634875293549583830099436454474925994873046875
0.9925895084440707893946864714962430298328399658203125
0.9118720859289168867434227649937383830547332763671875
0.843257493823766690610455043497495353221893310546875
0.87664345920085906538332665149937383830547332763671875
0.96389277458190913971947111349436454474925994873046875
0.95145806849002834137962736349436454474925994873046875
0.87456205889582638857149277100688777863979339599609375
0.95565326601266864514627741300500929355621337890625
0.99829603075981143689432428800500929355621337890625
0.94032442003488536652611173849436454474925994873046875
0.97882509618997570743914593549561686813831329345703125
0.91602932751178745007791803800500929355621337890625
0.9153758643567562192089326345012523233890533447265625
0.89352846056222912096700383699499070644378662109375
0.932680775821209007148127057007513940334320068359375
0.85989000663161274662371624799561686813831329345703125
0.98059595853090286698972022350062616169452667236328125
0.95201178491115567847913325749686919152736663818359375
0.86482545375823971500750531049561686813831329345703125
0.8831057052314281730076572785037569701671600341796875
0.95184817820787426256856633699499070644378662109375
0.9190980319678783150294520964962430298328399658203125
0.958340010195970481987615130492486059665679931640625
0.9431625546514987856738798654987476766109466552734375
0.9725187888741493313915498220012523233890533447265625
0.95036954075098034611102093549561686813831329345703125
0.99113903909921641233182754149311222136020660400390625
0.84811921313405036482180321399937383830547332763671875
0.93427507773041729155494294900563545525074005126953125
0.90516770541667934679708196199499070644378662109375
0.90108310997486118498756013650563545525074005126953125
0.91568250387907024201439298849436454474925994873046875
0.97093428850173946198509611349436454474925994873046875
0.93049832403659815671659316649311222136020660400390625
1.00800596177577972412109375
0.945848633944988304023127057007513940334320068359375
0.9300031363964080810546875
1.0156687235832213556108172269887290894985198974609375
0.8892760786414146689793369660037569701671600341796875
1.01779784917831417345723821199499070644378662109375
0.869334848076105171088556744507513940334320068359375
0.94112373709678653899146638650563545525074005126953125
0.8969357341527939286862647350062616169452667236328125
0.95991277888417247954322419900563545525074005126953125
0.93210215955972675061502741300500929355621337890625
0.90219791635870938417696152100688777863979339599609375
0.97027643755078318843487750200438313186168670654296875
0.9353723947703838081935145964962430298328399658203125
0.98411928296089168366478361349436454474925994873046875
1.0017903295159340526510050040087662637233734130859375
0.987751972377300280214740269002504646778106689453125
1.00478078335523601793966008699499070644378662109375
0.96469482690095897936544133699499070644378662109375
0.96976119369268420911112116300500929355621337890625
0.90141833797097203895276606999686919152736663818359375
0.92771366134285926374758446399937383830547332763671875
1.0100508089363575692232188885100185871124267578125
0.96639362037181852915779245449812151491641998291015625
0.9873042640089988442042567839962430298328399658203125
0.98951362177729607072507178600062616169452667236328125
0.96899686023592945804949749799561686813831329345703125
0.95680238202214240583742821399937383830547332763671875
0.96611327409744263139401709850062616169452667236328125
0.844768665730953216552734375
1.0255127927660943054632980420137755572795867919921875
0.912660797536373191718439557007513940334320068359375
0.9649783277511596590869658029987476766109466552734375
1.0331818714737892594968116100062616169452667236328125
0.94470388829708096256609906049561686813831329345703125
0.95414950892329220000220857400563545525074005126953125
0.89545841783285140547121727649937383830547332763671875
0.9348322719335555586184227649937383830547332763671875
0.962936777174472791074322230997495353221893310546875
0.99270687222480769040799941649311222136020660400390625
0.95776718333363530799573481999686919152736663818359375
0.979749539345502906684259869507513940334320068359375
0.90720865413546558642110539949499070644378662109375
1.0280663931369782293501202730112709105014801025390625
0.97726901903748508715352727449499070644378662109375
0.96055458098649981746319781450438313186168670654296875
1.0228260737657546286527576739899814128875732421875
1.0014955645799636929638154470012523233890533447265625
0.88868369430303573164309227649937383830547332763671875
0.98848220691084864863995562700438313186168670654296875
1.012844297587871533750103480997495353221893310546875
0.92721047073602680388404451150563545525074005126953125
1.011892910599708539365337855997495353221893310546875
1.0654287382960319074953758899937383830547332763671875
1.0205438143014908813910324170137755572795867919921875
0.84414732635021205719993986349436454474925994873046875
0.970574229508638364194439418497495353221893310546875
0.95326677814126015153561866100062616169452667236328125
0.8608575023710727247561180774937383830547332763671875
0.9479718568921089438816807160037569701671600341796875
1.0444452029466628761866786589962430298328399658203125
0.8707012186944484977146885285037569701671600341796875
0.8761902290582657126805088410037569701671600341796875
0.8329384617507458177243506725062616169452667236328125
0.993537080883979850653986432007513940334320068359375
0.9196220093965530306689970529987476766109466552734375
0.9387058897316455929882295095012523233890533447265625
1.02933065682649615979471491300500929355621337890625
0.978831750750541740302423932007513940334320068359375
0.94615760713815688642824852649937383830547332763671875
1.0250250881910323297319109769887290894985198974609375
0.964466824680566769956158168497495353221893310546875
0.9615073025226592573488915149937383830547332763671875
0.88080266475677493342999468950438313186168670654296875
0.97255163177847858690938664949499070644378662109375
0.9655292958021164384518897350062616169452667236328125
1.03192359477281581092711348901502788066864013671875
0.9822998319566249580958583464962430298328399658203125
0.955692098885774665717462994507513940334320068359375
0.8647994734346866607666015625
0.880479651093482917900701067992486059665679931640625
