2523.229107010682128020562231540679931640625
3922.89061316828474446083419024944305419921875
32271.71766830446358653716742992401123046875
3292.02258801513744401745498180389404296875
5212.1452086687422706745564937591552734375
6114.1161669349939984385855495929718017578125
4441.1387549501314424560405313968658447265625
2541.69700160996171689475886523723602294921875
3622.05195613355363093432970345020294189453125
4918.02258801513744401745498180389404296875
55334.78383741391007788479328155517578125
6655.3775425387293580570258200168609619140625
3807.90674746481136025977320969104766845703125
60732.464667739972355775535106658935546875
6064.245567691876203753054141998291015625
44089.2948082876464468427002429962158203125
22290.0419491709690191783010959625244140625
2980.0290417337482722359709441661834716796875
4189.0548566081915851100347936153411865234375
3894.03226859305368634522892534732818603515625
2684.19361155832257281872443854808807373046875
7279.1100396010506301536224782466888427734375
5554.587288393579001422040164470672607421875
19779.38076939803431741893291473388671875
10583.5324317853883258067071437835693359375
15684.29364419679041020572185516357421875
11117.661506157603071187622845172882080078125
3995.4001305538668020744808018207550048828125
3066.08712520124527145526371896266937255859375
1555.061310326802185954875312745571136474609375
12213.119720178967327228747308254241943359375
3094.083898341939857346005737781524658203125
4437.542112363304113387130200862884521484375
4099.1258475129097860190086066722869873046875
3433.035495452359100454486906528472900390625
19682.372720743456739000976085662841796875
72473.784490183243178762495517730712890625
1777.409811131783271775930188596248626708984375
4633.058083467496544471941888332366943359375
7671.0161342965266157989390194416046142578125
4180.1645698245747553301043808460235595703125
5737.061310326802413328550755977630615234375
8579.702186777272800100035965442657470703125
6020.4872557551125282770954072475433349609375
4788.3355933677594293840229511260986328125
2916.75218460282076193834654986858367919921875
3752.1197201789664177340455353260040283203125
7932.70378171324045979417860507965087890625
6948.07099090471820090897381305694580078125
4668.012907437221656437031924724578857421875
4166.058083467496544471941888332366943359375
13398.76799251468037255108356475830078125
7724.0484028895807568915188312530517578125
7921.30977849331611650995910167694091796875
5203.2807367595678442739881575107574462890625
4199.058083467496544471941888332366943359375
4512.1971648022954468615353107452392578125
2308.82962922614979106583632528781890869140625
22693.36206101153584313578903675079345703125
4025.0193611558324846555478870868682861328125
27039.78089995190020999871194362640380859375
4068.67473997949173281085677444934844970703125
3401.2387875885979156009852886199951171875
5183.88738630897933035157620906829833984375
5205.0032268593049593619070947170257568359375
8018.393676835255973855964839458465576171875
1324.0419491709699286730028688907623291015625
2047.942242917170688087935559451580047607421875
45309.1108033324926509521901607513427734375
4157.6195569866331425146199762821197509765625
3828.5295313107499168836511671543121337890625
4723.46176726533667533658444881439208984375
7118.5453392226090727490372955799102783203125
5235.5453392226090727490372955799102783203125
5304.577607815663213841617107391357421875
4357.6421450017705865320749580860137939453125
9614.574707341025714413262903690338134765625
4531.21975281743289087899029254913330078125
4202.9906458067516723531298339366912841796875
4482.997099525362500571645796298980712890625
73170.068854161523631773889064788818359375
3472.190384699017158709466457366943359375
4223.07099090471820090897381305694580078125
135046.35016971567529253661632537841796875
6202.038722311664969311095774173736572265625
3323.5937421121898296405561268329620361328125
4530.542112363304113387130200862884521484375
6259.2936441967895007110200822353363037109375
4220.0484028895807568915188312530517578125
5256.4291722876150743104517459869384765625
4430.035495452359100454486906528472900390625
5437.287190478178672492504119873046875
4516.464667739974174764938652515411376953125
6601.680867313434646348468959331512451171875
12951.81414769895854988135397434234619140625
4852.900293746200986788608133792877197265625
3026.40981113178304440225474536418914794921875
9808.14107663017421145923435688018798828125
6132.274283040957016055472195148468017578125
59153.025525477147311903536319732666015625
11709.78735367051194771192967891693115234375
8994.258475129097860190086066722869873046875
2082.3646351015077016199938952922821044921875
2821.05808346749699921929277479648590087890625
13421.88967100165245938114821910858154296875
39620.4579246240682550705969333648681640625
3459.10003263846692789229564368724822998046875
6211.035495452359100454486906528472900390625
3388.1387549501314424560405313968658447265625
4629.8134949296227205195464193820953369140625
4919.0806714826348979840986430644989013671875
56774.143287348109879530966281890869140625
14140.3411049197384272702038288116455078125
4587.0161342965266157989390194416046142578125
1650.0419491709699286730028688907623291015625
10942.661506157603071187622845172882080078125
60191.7680295020472840406000614166259765625
4970.52017711750158923678100109100341796875
1470.148435528047457410139031708240509033203125
6689.4291722876150743104517459869384765625
6096.1839309804063304909504950046539306640625
12211.177477261795502272434532642364501953125
25634.29012794018854037858545780181884765625
2457.03226859305368634522892534732818603515625
5876.21975281743289087899029254913330078125
103040.71219373986241407692432403564453125
2420.05162974888617100077681243419647216796875
3457.44530658414214485674165189266204833984375
3570.0193611558324846555478870868682861328125
6850.184257365073790424503386020660400390625
18432.80381435170784243382513523101806640625
4616.57438095635734498500823974609375
4287.4872557551125282770954072475433349609375
8179.5937421121898296405561268329620361328125
5022.129074372214745380915701389312744140625
3121.22588015137671391130425035953521728515625
7523.2710561816520566935651004314422607421875
2681.30332477470574303879402577877044677734375
2538.1742504024905429105274379253387451171875
3936.01613429652707054628990590572357177734375
5124.439179250199231319129467010498046875
2235.08067148263444323674775660037994384765625
6995.3133317372894453001208603382110595703125
2571.17102354318512880126945674419403076171875
5435.4840288958066594204865396022796630859375
5991.30977849331611650995910167694091796875
16636.1419818094364018179476261138916015625
2696.180704121101371129043400287628173828125
5434.3775425387293580570258200168609619140625
7640.9422429171709154616110026836395263671875
3657.0548566081915851100347936153411865234375
