1.7119758129119873046875
2.413218021392822265625
1.90999126434326171875
1.70039570331573486328125
1.34638726711273193359375
1.25605809688568115234375
1.44604027271270751953125
1.9729573726654052734375
1.7163980007171630859375
1.9579193592071533203125
1.3238737583160400390625
1.6219084262847900390625
1.67773354053497314453125
1.7140357494354248046875
1.80132353305816650390625
3.0110423564910888671875
1.902833461761474609375
1.868298053741455078125
1.67999541759490966796875
1.9776446819305419921875
2.162250995635986328125
1.73991191387176513671875
1.67943441867828369140625
2.2334330081939697265625
1.1640262603759765625
2.1260874271392822265625
3.28283405303955078125
2.132091045379638671875
1.42323887348175048828125
2.06780719757080078125
2.0938022136688232421875
1.9514825344085693359375
1.59996426105499267578125
1.52999818325042724609375
2.4551336765289306640625
1.504133701324462890625
1.41178953647613525390625
2.11557865142822265625
1.85764038562774658203125
1.901903629302978515625
1.94561100006103515625
2.7431290149688720703125
1.79945623874664306640625
1.9988777637481689453125
1.7437899112701416015625
2.124965190887451171875
1.492269992828369140625
2.0128905773162841796875
1.71704018115997314453125
1.6631648540496826171875
1.6512415409088134765625
1.7993481159210205078125
1.9755651950836181640625
1.69378960132598876953125
1.53148257732391357421875
1.26821529865264892578125
1.74770033359527587890625
1.544422149658203125
1.7737944126129150390625
2.334911823272705078125
2.0455677509307861328125
1.88344395160675048828125
2.430935382843017578125
2.062898159027099609375
2.0897228717803955078125
1.30180203914642333984375
1.7007787227630615234375
1.76012027263641357421875
2.224876880645751953125
1.94961678981781005859375
2.0843975543975830078125
2.2013823986053466796875
2.2202188968658447265625
1.77425348758697509765625
1.58774089813232421875
1.8603494167327880859375
1.86039221286773681640625
2.029781818389892578125
1.78819143772125244140625
2.071566104888916015625
1.6721112728118896484375
1.3127944469451904296875
2.0208337306976318359375
2.3471505641937255859375
2.091686248779296875
1.690021038055419921875
1.65961456298828125
2.165506839752197265625
2.1919155120849609375
1.33389937877655029296875
1.63146960735321044921875
1.5965869426727294921875
2.31074810028076171875
2.505683422088623046875
1.79732859134674072265625
1.91562712192535400390625
2.1338040828704833984375
1.77221024036407470703125
1.45632565021514892578125
1.8967158794403076171875
1.685078144073486328125
1.74163854122161865234375
2.0672457218170166015625
2.0422189235687255859375
2.2850406169891357421875
2.7851951122283935546875
1.60512936115264892578125
1.7945711612701416015625
1.883469104766845703125
2.1018593311309814453125
1.5877239704132080078125
1.91079819202423095703125
1.87086760997772216796875
1.45831477642059326171875
2.31046772003173828125
1.70897388458251953125
2.435534954071044921875
1.933217525482177734375
1.8125193119049072265625
1.8487529754638671875
2.052226543426513671875
1.82158756256103515625
1.76248943805694580078125
1.98933708667755126953125
1.8369610309600830078125
1.72544991970062255859375
1.7665927410125732421875
1.62681472301483154296875
1.28723561763763427734375
2.0409848690032958984375
1.81159913539886474609375
1.62063992023468017578125
1.6628978252410888671875
1.81549704074859619140625
1.9329988956451416015625
1.41902434825897216796875
1.52553021907806396484375
2.073626041412353515625
1.4559419155120849609375
1.67736208438873291015625
1.7669546604156494140625
1.68246924877166748046875
1.81802976131439208984375
1.38393306732177734375
1.7562720775604248046875
1.902803897857666015625
2.1987607479095458984375
1.3226406574249267578125
1.59740340709686279296875
1.5829207897186279296875
1.590494632720947265625
