0.417233222361421740576048478033044375479221343994140625
0.42188389739836928971072893546079285442829132080078125
0.4182999718317474968642954991082660853862762451171875
0.421171268627387129779293672982021234929561614990234375
0.42089917897432072013685910860658623278141021728515625
0.415204790753155361660020616909605450928211212158203125
0.420228168280196767714329553200514055788516998291015625
0.420972363795631299154820226249285042285919189453125
0.42071447396224714854184867363073863089084625244140625
0.421641066042214684994604567691567353904247283935546875
0.42100281683846219049627279673586599528789520263671875
0.421733715778984052935385307137039490044116973876953125
0.421424244184288865344711894067586399614810943603515625
0.418851339542489264911040436345501802861690521240234375
0.419734189233745447200618627903168089687824249267578125
0.42015169543343666713752782015944831073284149169921875
0.420695490841027142092656276872730813920497894287109375
0.4194737842633549096404976808116771280765533447265625
0.420446351914425087148430293382261879742145538330078125
0.416606624738365294291497775702737271785736083984375
0.414008669649887195429727171358535997569561004638671875
0.421193814690030254865860115387476980686187744140625
0.416613641861687700185257199336774647235870361328125
0.41867768091786727868708339883596636354923248291015625
0.4189545215667347388688313003513030707836151123046875
0.417234376080953761611880281634512357413768768310546875
0.42224498783542763202802916566724888980388641357421875
0.41916086925301365706530987154110334813594818115234375
0.42002743558458244255149338641786016523838043212890625
0.41829799687706958888355757153476588428020477294921875
0.4192542271605279591284443085896782577037811279296875
0.420882527488810165294808030012063682079315185546875
0.419920610096760349438937964805518276989459991455078125
0.419816067490893563007858801938709802925586700439453125
0.42041501587396912231753276500967331230640411376953125
0.41652968903526221833288900597835890948772430419921875
0.41947014589197173517476358028943650424480438232421875
0.41783439606811756394932899638661183416843414306640625
0.420480915678478339714274625293910503387451171875
0.416144936459011682838848855681135319173336029052734375
0.41958605201084619995555158311617560684680938720703125
0.419657125828010013623980967167881317436695098876953125
0.417889730638757506131497621026937849819660186767578125
0.42120414052331545118335043298429809510707855224609375
0.41760674244174944558238848912878893315792083740234375
0.418668068539853222009838873418630100786685943603515625
0.41988730114564842832436397657147608697414398193359375
0.421959419686730508036731635002070106565952301025390625
0.41692894130488522552724361958098597824573516845703125
0.41346769409441097575808043984579853713512420654296875
0.421269840398867445596664538243203423917293548583984375
0.415976537357754250212593660762649960815906524658203125
0.419628054473785427891385779730626381933689117431640625
0.420906544211565203372771293288678862154483795166015625
0.41833299989479988401086529847816564142704010009765625
0.42143310418136381567677517523407004773616790771484375
0.4228582524008999143916298635303974151611328125
0.41667768273707050941112584041547961533069610595703125
0.41927684975586576587858189668622799217700958251953125
0.420521196612700765005143921371200121939182281494140625
0.415277051712478362244240770451142452657222747802734375
0.4177217611825534415714855640544556081295013427734375
0.41762555098618980853331095204339362680912017822265625
0.42139548056148823373945333514711819589138031005859375
0.422328471014761730462083733073086477816104888916015625
0.42076198368324402299123221382615156471729278564453125
0.423166553929604061234925893586478196084499359130859375
0.41582990618713022712427118676714599132537841796875
0.417937523265291710483637643847032450139522552490234375
0.42044563749299601607134491132455877959728240966796875
0.41926832506479050355352455881075002253055572509765625
0.420480793464366564560208416878595016896724700927734375
0.42220264802083129485055223995004780590534210205078125
0.420032369809142547278923984777065925300121307373046875
0.414208463968144202649313001529662869870662689208984375
0.419497319695791848204180496395565569400787353515625
0.414846112969845581819328117489931173622608184814453125
0.419013907673699892431073976695188321173191070556640625
0.4219694795550286148255736407008953392505645751953125
0.4178005224701968334244384095654822885990142822265625
0.41566525792100150749064368937979452311992645263671875
0.41778859509609211908554016190464608371257781982421875
0.417872504270681677240872886613942682743072509765625
0.41744225212919949807854891332681290805339813232421875
0.419181450680119527252287525698193348944187164306640625
0.42087076131971168369005908971303142607212066650390625
0.420691360968277638932022455264814198017120361328125
0.41963020841890130707696471290546469390392303466796875
0.420464091730365918664347191224806010723114013671875
0.4132325178071296623016905869008041918277740478515625
0.41985480830913923799840858919196762144565582275390625
0.419299959779383168978483809041790664196014404296875
0.420200597164759326318517196341417729854583740234375
0.420583946830406840700078419104102067649364471435546875
0.418716019653937843170155019834055565297603607177734375
0.421452608872037171039437453146092593669891357421875
0.416117968530043125241490997723303735256195068359375
0.42127875746202814166707639742526225745677947998046875
0.419737361818784793232595120571204461157321929931640625
0.416955469403316902887723927051411010324954986572265625
0.4204755410521106018251202840474434196949005126953125
0.42203629085272342802426237540203146636486053466796875
0.41928524184641424721320390744949690997600555419921875
0.417989258288609610847430531066493131220340728759765625
0.418351442473540779953822266179486177861690521240234375
0.4219459405928180917300096552935428917407989501953125
0.419143482205480533142605281682335771620273590087890625
0.42002625817038852229501344481832347810268402099609375
0.4187996052421107950891610016697086393833160400390625
0.422448175654113189381178017356432974338531494140625
0.418615331959588277133121891893097199499607086181640625
0.416597019069181728756490201703854836523532867431640625
0.419968820626666017314931877990602515637874603271484375
0.41451737318227255268965336654218845069408416748046875
0.42053889418983481096603327387128956615924835205078125
0.4206791349462954965332528445287607610225677490234375
0.420797123673968320733962400481686927378177642822265625
0.422239911000105216931643781208549626171588897705078125
0.42254374279015183279994971599080599844455718994140625
0.420382042268470368373556311780703254044055938720703125
0.419293828213044117436680835453444160521030426025390625
0.419202296384077410795754303762805648148059844970703125
0.41771841562564004934898775900364853441715240478515625
0.41784782551746102452483455635956488549709320068359375
0.421574861441588233379462735683773644268512725830078125
0.414925298273578047059118034667335450649261474609375
0.419155367997138539326584805166930891573429107666015625
0.41957140016038418917077024161699227988719940185546875
0.418305906106182956438743758553755469620227813720703125
0.422444475813885944592840360201080329716205596923828125
0.41823843648188974153612207373953424394130706787109375
0.416223943033582177708495919432607479393482208251953125
0.41919981357528512955212818269501440227031707763671875
0.4190070069871987268328439313336275517940521240234375
0.42166735629223295322987041799933649599552154541015625
0.417614060825268029741863529125112108886241912841796875
0.421764321707733313981947276261053048074245452880859375
0.41940146766951003076684401094098575413227081298828125
0.420740679813349893745311192105873487889766693115234375
0.419491445330339163266586410827585496008396148681640625
0.42018945318791389720303186550154350697994232177734375
0.4200064389565232314538434366113506257534027099609375
0.423120807913311247627774491775198839604854583740234375
0.41740763180759898887117742560803890228271484375
0.42018441848496557167180753822322003543376922607421875
0.422183731979324294858457733425893820822238922119140625
0.42254879375321896528561183004057966172695159912109375
0.42146640501665044720169817082933150231838226318359375
0.41627302461031145952574661350809037685394287109375
0.416895611066582738590824419588898308575153350830078125
0.4186927259490413888443072210066020488739013671875
