0.2949301116168498992919921875
0.2846253104507923126220703125
0.289886750280857086181640625
0.28146265447139739990234375
0.28215648233890533447265625
0.3033493123948574066162109375
0.28769059479236602783203125
0.28111374378204345703125
0.28292334079742431640625
0.28216026723384857177734375
0.2810085974633693695068359375
0.2890552245080471038818359375
0.28322376310825347900390625
0.2851773910224437713623046875
0.2817264087498188018798828125
0.281809352338314056396484375
0.29099316895008087158203125
0.28787098824977874755859375
0.2917868979275226593017578125
0.3010874688625335693359375
0.3069166950881481170654296875
0.2904003299772739410400390625
0.3010285161435604095458984375
0.285510383546352386474609375
0.2890626899898052215576171875
0.30013978481292724609375
0.282286167144775390625
0.291850693523883819580078125
0.28614084422588348388671875
0.2915151454508304595947265625
0.2961581312119960784912109375
0.2821983397006988525390625
0.292046494781970977783203125
0.288203932344913482666015625
0.2849666215479373931884765625
0.2947944104671478271484375
0.28209875524044036865234375
0.28819276392459869384765625
0.29038645327091217041015625
0.303573310375213623046875
0.2989206425845623016357421875
0.286161720752716064453125
0.2903353981673717498779296875
0.288666270673274993896484375
0.2959784567356109619140625
0.2857564203441143035888671875
0.2852387987077236175537109375
0.280388943850994110107421875
0.2927443943917751312255859375
0.308500848710536956787109375
0.2799362838268280029296875
0.303788609802722930908203125
0.2872263006865978240966796875
0.278744958341121673583984375
0.2876848690211772918701171875
0.28130878508090972900390625
0.28127764165401458740234375
0.294505648314952850341796875
0.2915952503681182861328125
0.2819444239139556884765625
0.3096339069306850433349609375
0.2880788408219814300537109375
0.29718647897243499755859375
0.2831174097955226898193359375
0.2844684384763240814208984375
0.285801164805889129638671875
0.27973951399326324462890625
0.300916142761707305908203125
0.2922389470040798187255859375
0.2804747782647609710693359375
0.287086822092533111572265625
0.291981749236583709716796875
0.2792063392698764801025390625
0.28416450321674346923828125
0.316963963210582733154296875
0.2883834280073642730712890625
0.298754908144474029541015625
0.29810796678066253662109375
0.281452395021915435791015625
0.293040893971920013427734375
0.294262193143367767333984375
0.2912512905895709991455078125
0.2947277016937732696533203125
0.298742555081844329833984375
0.2851052321493625640869140625
0.28220649063587188720703125
0.2846278250217437744140625
0.2870477996766567230224609375
0.2883334346115589141845703125
0.3125518150627613067626953125
0.297720141708850860595703125
0.2868401519954204559326171875
0.28581602871417999267578125
0.2831006459891796112060546875
0.28971005976200103759765625
0.2823953926563262939453125
0.2945215366780757904052734375
0.2794174663722515106201171875
0.2860943414270877838134765625
0.298814900219440460205078125
0.2862274236977100372314453125
0.281863979995250701904296875
0.297859020531177520751953125
0.291474871337413787841796875
0.29129867255687713623046875
0.2780998311936855316162109375
0.2863308526575565338134765625
0.2837660610675811767578125
0.2897918932139873504638671875
0.2790594398975372314453125
0.2890050373971462249755859375
0.295982182025909423828125
0.2892389185726642608642578125
0.3039391674101352691650390625
0.28676976263523101806640625
0.285377405583858489990234375
0.2758436501026153564453125
0.2770115174353122711181640625
0.2770753316581249237060546875
0.2894854657351970672607421875
0.296243190765380859375
0.2857992984354496002197265625
0.2970131002366542816162109375
0.298200778663158416748046875
0.2828809320926666259765625
0.298255570232868194580078125
0.28798769414424896240234375
0.2904426492750644683837890625
0.2936641685664653778076171875
0.2773926556110382080078125
0.292681954801082611083984375
0.2996399141848087310791015625
0.286007232964038848876953125
0.2897008955478668212890625
0.280819483101367950439453125
0.2909986041486263275146484375
0.2818194217979907989501953125
0.2834341265261173248291015625
0.2858082018792629241943359375
0.2858269214630126953125
0.28653080761432647705078125
0.289586894214153289794921875
0.283244542777538299560546875
0.2927223630249500274658203125
0.28265376389026641845703125
0.282639645040035247802734375
0.278392754495143890380859375
0.296030990779399871826171875
0.2973807789385318756103515625
0.2907094098627567291259765625
0.2871382050216197967529296875
