0.00099022253274953266066749080209774547256529331207275390625
0.0014375626720739063772735999435781195643357932567596435546875
0.0013852829053426526755010694813563532079569995403289794921875
0.0048080454122052633525452591811699676327407360076904296875
0.00070715826309031087036627294395429998985491693019866943359375
0.00060233845197579772255680463644011979340575635433197021484375
0.0004870777720814622254071057927404808651772327721118927001953125
0.00083787574313044592931587484230249174288474023342132568359375
0.000476058224499184014753827565158417201018892228603363037109375
0.00044781507254341816615106353083319845609366893768310546875
0.00171374479498268982198549981177393419784493744373321533203125
0.000927068080165128409302066625485849726828746497631072998046875
0.000907004993149094530802134528357782983221113681793212890625
0.001078808638266734280797276568364395643584430217742919921875
0.00160645547788675004292902048774749346193857491016387939453125
0.000761633610553995982726804836460132719366811215877532958984375
0.001077158715844632637381739215243214857764542102813720703125
0.00109775846515560251449861173256294932798482477664947509765625
0.0005142270860274932020583804614943801425397396087646484375
0.00087342308717856180326488679810381654533557593822479248046875
0.0039612184154351436082830417717559612356126308441162109375
0.00130485739583390144245844677328705074614845216274261474609375
0.000869994765483532266070465510665599140338599681854248046875
0.00097000742816390965288231296170806672307662665843963623046875
0.000672277839892081001404999796022821101360023021697998046875
0.00074158293298117882071107676011934017878957092761993408203125
0.0010560611807717730503686226484205690212547779083251953125
0.0004451302377889881684187856070167299549211747944355010986328125
0.00111352727409357444947335391560727657633833587169647216796875
0.001233294370291244945736508498157490976154804229736328125
0.000965846652852967997408828448868689520168118178844451904296875
0.00053348749411802755086842164899962881463579833507537841796875
0.001094386694253576645941006262319206143729388713836669921875
0.00103383701394646801939580793572304173721931874752044677734375
0.000839053643395881580159534340879190494888462126255035400390625
0.00084046412194001556168754252240660207462497055530548095703125
0.00051249038609427568537191266528907362953759729862213134765625
0.00071909368379738923017507890023125582956708967685699462890625
0.00059585049836004982427850595883001005859114229679107666015625
0.002614475708033552579789837722046286216937005519866943359375
0.0007680476668864154483895578806595949572511017322540283203125
0.00081395568307581996937705159922415987239219248294830322265625
0.00145915417705748569343615628213228774257004261016845703125
0.000647454846387707423117918725807840019115246832370758056640625
0.00130993163362186121508046188210983018507249653339385986328125
0.00050342714388215106975643653441920832847245037555694580078125
0.0008387455658377496008071272370898441295139491558074951171875
0.001256922851360029076694946326142598991282284259796142578125
0.00619698961450238471060369960241587250493466854095458984375
0.00106247601973320023212299378911893654731102287769317626953125
0.0009214430348893245907582194575979883666150271892547607421875
0.000975325197003174492425825459207544554374180734157562255859375
0.001125838903084006546728712550020645721815526485443115234375
0.000908523677982096843942783070957602831185795366764068603515625
0.0008006965693405708288377109482780724647454917430877685546875
0.00095976846669678967001460012653524245251901447772979736328125
0.000547689622085551441020567775552763123414479196071624755859375
0.00043132405072616466189250328255866406834684312343597412109375
0.00103518934590425743837160954541332102962769567966461181640625
0.0010242419947580883553273078945267116068862378597259521484375
0.000724515828144152982705217258541097180568613111972808837890625
0.001011267643804623049541557833208571537397801876068115234375
0.000632625725884663624339065979285123830777592957019805908203125
0.00089967890668748106385022023090414222679100930690765380859375
0.0004514353931881487369537353515625
0.0028007343300989989524907297635536451707594096660614013671875
0.004649151738785910724371941427079946151934564113616943359375
0.0004430440241311695242880375200655862499843351542949676513671875
0.0027398835194930100563059927054609943297691643238067626953125
0.0010886892264325991226681100698669979465194046497344970703125
0.0004696448114551141669696654457055728926206938922405242919921875
0.000749630091100596403740075057697822558111511170864105224609375
0.0011328598909821304720202395088790581212379038333892822265625
0.00120649970480889265518620323547338557546027004718780517578125
0.000805760250365785920569072775521135554299689829349517822265625
0.00062342976048568765796986657079514770884998142719268798828125
0.00156744288883995850324148957355419042869471013545989990234375
0.000867884771219186684602930892395988848875276744365692138671875
0.00115362187272635805142251275157150303130038082599639892578125
0.00117530249208319475216766303304893881431780755519866943359375
0.000676541148556604747706100244641902463627047836780548095703125
0.000806719862793998693413499712079328674008138477802276611328125
0.000860238895234850266778570127002012668526731431484222412109375
0.000881156554484099712419575833877161130658350884914398193359375
0.000821390084922588568396017993933355683111585676670074462890625
0.000859073836194726978866820221725220108055509626865386962890625
0.000846016319599092740839918480588721649837680160999298095703125
0.000891213820065972993876568519766578901908360421657562255859375
0.000622183181122940649927788303585884932545013725757598876953125
0.0011642567881497626995634941948765117558650672435760498046875
0.000484121129159964633421886492925523270969279110431671142578125
0.0011188397594502964317586535258897129097022116184234619140625
0.00088558537243824293760940946640403126366436481475830078125
0.0008291148475123052800916934046426831628195941448211669921875
0.00142288903616242189652252303488921825191937386989593505859375
0.000498466267285340054737918791261108708567917346954345703125
0.000727971131441209587560614568957362280343659222126007080078125
0.00118611183449248975933787431102928167092613875865936279296875
0.00084049013138117671488369619936520393821410834789276123046875
0.00110179552948956767377541865471357596106827259063720703125
0.00366124834522506791001372761229504249058663845062255859375
0.000547985922065797269840670136176186133525334298610687255859375
0.0046836536364267371268521600313761155121028423309326171875
0.0010560093440422101997155923669424737454392015933990478515625
0.000677791327201127048913964490139960616943426430225372314453125
0.000734803295749534147833503805458121860283426940441131591796875
0.0018698191548631067082641976639934000559151172637939453125
0.0007140278515638635858930882704953546635806560516357421875
0.00087572937138394335056246209347818876267410814762115478515625
0.0010705133571730050812131906923241331242024898529052734375
0.00071986382232755766717724466019490137114189565181732177734375
0.0008386406972235075328592213139700106694363057613372802734375
0.000854001377640488065247359461551468484685756266117095947265625
0.0004340903342360259947567413529867508259485475718975067138671875
0.00082564626922002472102224412964233124512247741222381591796875
0.000781211109546063923146641538863832465722225606441497802734375
0.0020450076018405584539483488271116584655828773975372314453125
0.000941435933361826969394126063406247340026311576366424560546875
0.0007477188175425441597765630064031938672997057437896728515625
0.00095787154626893948432264647152578618261031806468963623046875
0.00685284809387572135808142093083006329834461212158203125
0.000765478728887624836237091319190994909149594604969024658203125
0.000523134866468027829623788083068802734487690031528472900390625
0.004014270366512122205360224569403726491145789623260498046875
0.00056243720062119115059295904046621217275969684123992919921875
0.0010836760108378384361016433246049928129650652408599853515625
0.000932990175292433966507121834155213946360163390636444091796875
0.00183284923222725511411657084437365483609028160572052001953125
0.0004589301129655121874208190124733164338977076113224029541015625
0.000507173402675997774848026811156387338996864855289459228515625
0.000827399144739121767712364263758217930444516241550445556640625
0.001189467140893951495328462186762408236972987651824951171875
0.000982587247546817289800547001732411445118486881256103515625
0.00151926305392570686232656118619388507795520126819610595703125
0.000682793234833084625341748097326899369363673031330108642578125
0.00093671891959051269138658568635946721769869327545166015625
0.0004432604028914991964836767035507136824890039861202239990234375
0.0004555010898110469744377859502293404148076660931110382080078125
0.00099217852785479462331130751095997766242362558841705322265625
0.000918714629669247352487804203491350563126616179943084716796875
0.00050619931805675924367526885561119343037717044353485107421875
0.0009722276323723571568591328428965425700880587100982666015625
0.00069714316660772946039614783586557678063400089740753173828125
0.00102897595857406680928958220277991131297312676906585693359375
0.004341206927799659380518004780924457008950412273406982421875
0.000499381496058610009451672606672900656121782958507537841796875
0.0009367827877359200493267987752687986358068883419036865234375
0.00129827045736046462788559896495144130312837660312652587890625
0.0046262814667324715645069233005415298976004123687744140625
0.00056896128931241559366360771576864863163791596889495849609375
0.00118113274824163780492292108448282306198962032794952392578125
