0.4085015
0.33082414
0.41992846
0.5106718
0.34859794
0.3339696
0.3550196
0.31816807
0.24026343
0.30353242
0.31575558
0.3051556
0.3059423
0.4538334
0.25983378
0.4774493
0.3388427
0.33844626
0.3761124
0.37879437
0.32062116
0.4918025
0.38977936
0.4811856
0.308031
0.33287573
0.33363461
0.49525857
0.5228147
0.6929533
0.37619916
0.31394473
0.3918713
0.32882318
0.4146772
0.32746413
0.26539883
0.36400405
0.4583005
0.41633672
0.44915769
0.40064257
0.3943889
0.28921714
0.43415594
0.30288836
0.38300234
0.44886523
0.2567375
0.421478
0.32166815
0.3604532
0.26743743
0.38942072
0.32475838
0.42857623
0.34215355
0.49228498
0.34825176
0.34675694
0.35956377
0.36109275
0.35747057
0.25749984
0.33813912
0.3492159
0.34254825
0.5029268
0.6521621
0.28313455
0.46011093
0.32786474
0.28398076
0.3557284
0.3812028
0.3334085
0.3468977
0.23356694
0.2412106
0.37065682
0.36139992
0.36944306
0.38805947
0.2938473
0.30300492
0.26923233
0.3887991
0.35015017
0.25839734
0.3792208
0.5095131
0.48935193
0.32375893
0.38360363
0.47544035
0.4323078
0.34556535
0.24536948
0.48408166
0.3642467
0.36396626
0.42107144
0.5062775
0.30143905
0.37145585
0.33221808
0.45185977
0.2786963
0.58259875
0.36053115
0.38431615
0.3516113
0.27762842
0.25287625
0.3362199
0.44728628
0.32013962
0.41201404
0.30835927
0.27481094
0.28171566
0.41815716
0.48439726
0.4201111
0.27637735
0.28792253
0.3437828
0.43439227
0.32131442
0.28942162
0.28889763
0.5635384
0.41638213
0.3119474
0.4694156
0.42812818
0.39793813
0.40851232
0.36040473
0.48544
0.32708144
0.2915007
0.34110323
0.379237
0.28769687
0.5634959
0.33847052
0.28548902
0.36176944
0.40418798
0.23253208
