-53.4761054687457004774842062033712863922119140625
-50.5250535325418894672111491672694683074951171875
-51.80632063802033115962331066839396953582763671875
-53.9118033571060806252717156894505023956298828125
-61.9780366701537133167221327312290668487548828125
-51.077406071771036977224866859614849090576171875
-50.32793460240360872148812632076442241668701171875
-50.6028257558287606343583320267498493194580078125
-58.56571689558662541230660281144082546234130859375
-54.56983674798806305261678062379360198974609375
-53.0017279800767937558703124523162841796875
-53.8760470240852242795881466008722782135009765625
-59.7892211908821451515905209816992282867431640625
-53.29568344149212322236053296364843845367431640625
-49.36179108778906510224260273389518260955810546875
-53.89088056985434604939655400812625885009765625
-48.65675860939592922704832744784653186798095703125
-48.73227758915169260944821871817111968994140625
-53.01136385891557978311539045535027980804443359375
-53.56746967716168228434980846941471099853515625
-53.7017528212451651370429317466914653778076171875
-51.03561583357571151964293676428496837615966796875
-51.92999527283535599053720943629741668701171875
-55.07869775318254568219344946555793285369873046875
-52.92120970328614504296638187952339649200439453125
-56.5525549646990981500493944622576236724853515625
-57.87955997256205620260516298003494739532470703125
-51.362705747230535280323238112032413482666015625
-51.57736151566754045916241011582314968109130859375
-53.12271321389551559377650846727192401885986328125
-53.9834073036261230527088628150522708892822265625
-53.42467425558833582499573822133243083953857421875
-50.6113812966825520334168686531484127044677734375
-59.75904885664903076758491806685924530029296875
-53.24510816364844600911965244449675083160400390625
-47.17208266581940989681243081577122211456298828125
-47.70791770000988663014140911400318145751953125
-52.94673853698099463827020372264087200164794921875
-61.497418777666865707942633889615535736083984375
-52.8333930692099471571054891683161258697509765625
-51.92057439383385286646444001235067844390869140625
-50.817589662692597585191833786666393280029296875
-59.33631614429852874081916525028645992279052734375
-51.32617021336351825766541878692805767059326171875
-48.82740626160082086926195188425481319427490234375
-58.50803395368166803791609709151089191436767578125
-50.60949426123632832741350284777581691741943359375
-46.3245261707060222988729947246611118316650390625
-51.68312045428709922134657972492277622222900390625
-54.64471394290267625137857976369559764862060546875
-58.30593752384059058613274828530848026275634765625
-53.4957813032198572500419686548411846160888671875
-50.401823148780323435858008451759815216064453125
-50.31892346178812402968105743639171123504638671875
-51.2135398941002932815536041744053363800048828125
-59.2180885729954553653442417271435260772705078125
-53.8745252268912082627139170654118061065673828125
-48.316222634579588657288695685565471649169921875
-53.9427968897597480690819793380796909332275390625
-51.5836473624151921058000880293548107147216796875
-57.68406608559850923256817623041570186614990234375
-50.68703392373608807019991218112409114837646484375
-53.527352667473252267882344312965869903564453125
-60.7698604108505691101527190767228603363037109375
-55.06886675336956926685161306522786617279052734375
-48.55032568222662803236744366586208343505859375
-52.66153333894531129999450058676302433013916015625
-56.2240780171604654924522037617862224578857421875
-46.61233040616905753950049984268844127655029296875
-51.4350272672755437497471575625240802764892578125
-55.1437218649455900276734610088169574737548828125
-51.9597265967265542485620244406163692474365234375
-53.21875765692477244783731293864548206329345703125
-48.33978529023733727854050812311470508575439453125
-52.48470130417891965635135420598089694976806640625
-48.407915805690578281428315676748752593994140625
-53.83633329291436808716753148473799228668212890625
-55.148453139376982790054171346127986907958984375
-54.1134105166600107850172207690775394439697265625
-52.07667437732377635484226630069315433502197265625
-57.05710761444080247883903211914002895355224609375
-61.068075784992942089957068674266338348388671875
-48.31386078302235631554140127263963222503662109375
-53.25936903781965980897439294494688510894775390625
-57.9647222225749629842539434321224689483642578125
-46.817636702576919560669921338558197021484375
-53.1159766789883036608443944714963436126708984375
-48.53039646011374230738510959781706333160400390625
-50.70633683478761355445385561324656009674072265625
-51.2168032739292442556688911281526088714599609375
-55.4147836482248834499841905198991298675537109375
-54.68030278230151708385164965875446796417236328125
-53.57196036572897668293080641888082027435302734375
-48.85451803330884246179266483522951602935791015625
-55.50690743986607600390925654210150241851806640625
-50.8405546785258621866887551732361316680908203125
-52.91359798546334758384546148590743541717529296875
-54.1909906661703786312500596977770328521728515625
-48.67382851039411661986378021538257598876953125
-51.3382988274100711123537621460855007171630859375
-47.755550306108290214979206211864948272705078125
-52.389471710711632113088853657245635986328125
-54.26856357021006971308452193625271320343017578125
-53.85657148507326752451263018883764743804931640625
-50.9532247005708285314540262334048748016357421875
-53.44043333208457369210009346716105937957763671875
-54.349079370984583192694117315113544464111328125
-59.389599066232477753146667964756488800048828125
-54.70706489733723998369896435178816318511962890625
-51.13237096841199758046059287153184413909912109375
-52.97754508870291800803897785954177379608154296875
-58.463305988713869965067715384066104888916015625
-47.78762610423797241310239769518375396728515625
-47.9176580208158640061810729093849658966064453125
-55.613521214592736896520364098250865936279296875
-52.0830016695718285291150095872581005096435546875
-49.42493279635423419904327602125704288482666015625
-52.84719668317271867863382794894278049468994140625
-56.2449685806293899759111809544265270233154296875
-53.8080229646901528894886723719537258148193359375
-52.74755995453667622996363206766545772552490234375
-59.38278183315740221814849064685404300689697265625
-53.2243127655203096537661622278392314910888671875
-50.53273616844654725355212576687335968017578125
-55.93079210955428237639353028498589992523193359375
-49.02854842101508126006592647172510623931884765625
-53.44938892781166117629254586063325405120849609375
-56.43334413307055541508816531859338283538818359375
-53.19376752383899287224267027340829372406005859375
-57.44816241491542996300267986953258514404296875
-48.79190368089978591115141171030700206756591796875
-53.14692812218445538974265218712389469146728515625
-60.140366988090562472279998473823070526123046875
-52.3964346343229436797628295607864856719970703125
-48.22588559165374277881710440851747989654541015625
-54.9341644234099391042036586441099643707275390625
-55.02775574312596518211648799479007720947265625
-55.1106879638314097746842890046536922454833984375
-49.232657323586323627750971354544162750244140625
-50.01826593295529477245509042404592037200927734375
-50.62580495706342986750314594246447086334228515625
-53.92915158305493861234936048276722431182861328125
-51.41369994232096729547265567816793918609619140625
-53.37696922006131217131041921675205230712890625
-56.976882128081570044741965830326080322265625
-54.9225014039021317557853762991726398468017578125
-46.77555496527810419138404540717601776123046875
-54.41671628790442838408125680871307849884033203125
-57.04458144716219436531901010312139987945556640625
-50.34886100997800184586594696156680583953857421875
-51.727237648193067798274569213390350341796875
