2523.229107010682128020562231540679931640625
4438.0032268593049593619070947170257568359375
22104.37924843680593767203390598297119140625
3292.02258801513744401745498180389404296875
5213.245567691876203753054141998291015625
6062.16779668387971469201147556304931640625
4441.1387549501314424560405313968658447265625
2757.40981113178304440225474536418914794921875
3622.3907763606184744276106357574462890625
4918.02258801513744401745498180389404296875
55341.792575825194944627583026885986328125
6655.3775425387293580570258200168609619140625
3808.8038143517069329391233623027801513671875
60863.955957574871717952191829681396484375
6064.245567691876203753054141998291015625
60572.2775838750021648593246936798095703125
22308.9955045893948408775031566619873046875
2980.0290417337482722359709441661834716796875
4189.0548566081915851100347936153411865234375
3894.03226859305368634522892534732818603515625
3068.15811610596347236423753201961517333984375
7280.697654379297091509215533733367919921875
5554.8163954042611294426023960113525390625
19779.38076939803431741893291473388671875
10751.704434482575379661284387111663818359375
15775.88738630897933035157620906829833984375
11348.50661691094501293264329433441162109375
3558.1968384176279869279824197292327880859375
3066.08712520124527145526371896266937255859375
1555.061310326802185954875312745571136474609375
12563.427250966980864177457988262176513671875
3094.083898341939857346005737781524658203125
4437.542112363304113387130200862884521484375
4041.20006527693340103724040091037750244140625
3444.02581487444285812671296298503875732421875
19702.2630815018128487281501293182373046875
72536.13063882247661240398883819580078125
1904.229107010681900646886788308620452880859375
4695.061310326802413328550755977630615234375
7288.035495452359100454486906528472900390625
4180.2484681665146126761101186275482177734375
5783.0419491709699286730028688907623291015625
8577.598274510164628736674785614013671875
7651.0806714826348979840986430644989013671875
4788.3355933677594293840229511260986328125
2916.75218460282076193834654986858367919921875
3751.78735367051240245928056538105010986328125
8475.1536576827274984680116176605224609375
6948.07099090471820090897381305694580078125
4551.0516297488857162534259259700775146484375
4184.0161342965266157989390194416046142578125
13398.76799251468037255108356475830078125
7724.0484028895807568915188312530517578125
8019.4620936500041352701373398303985595703125
5300.874515859128223382867872714996337890625
4758.0774446233290291274897754192352294921875
4512.1971648022954468615353107452392578125
2874.7131359064887874410487711429595947265625
22693.85899734456688747741281986236572265625
4045.0290417337482722359709441661834716796875
26309.36206101153584313578903675079345703125
4068.67473997949173281085677444934844970703125
3401.2387875885979156009852886199951171875
5458.1742504024905429105274379253387451171875
5205.0032268593049593619070947170257568359375
8018.393676835255973855964839458465576171875
1324.0419491709699286730028688907623291015625
2938.79058052981781656853854656219482421875
45363.9899995390805997885763645172119140625
4349.0774446233290291274897754192352294921875
4302.532758170054876245558261871337890625
4723.46176726533667533658444881439208984375
8132.8712520124527145526371896266937255859375
4878.322685930537772946991026401519775390625
4590.5905152528839607839472591876983642578125
4556.8067148263444323674775660037994384765625
9620.67347142819198779761791229248046875
4323.2097458548496433650143444538116455078125
4144.1871578397121993475593626499176025390625
4485.2333130239903766778297722339630126953125
73211.4630053309374488890171051025390625
3536.214604637492811889387667179107666015625
4245.190384699017158709466457366943359375
135046.0855672526522539556026458740234375
6202.038722311664969311095774173736572265625
3323.5937421121898296405561268329620361328125
4699.6941011353237627190537750720977783203125
6353.0655163401106619858182966709136962890625
4235.038722311664969311095774173736572265625
5256.4291722876150743104517459869384765625
4430.2452413072087438195012509822845458984375
5699.02581487444331287406384944915771484375
4517.74895774351534782908856868743896484375
6813.3617346268702021916396915912628173828125
10270.667344094248619512654840946197509765625
2931.72379563840740956948138773441314697265625
3443.90352060550640089786611497402191162109375
9791.764765655374503694474697113037109375
6190.0871252012448167079128324985504150390625
59196.930173186134197749197483062744140625
11955.094231689190564793534576892852783203125
8994.258475129097860190086066722869873046875
2082.3646351015077016199938952922821044921875
2821.05808346749699921929277479648590087890625
13436.89133991235939902253448963165283203125
34204.5024848723769537173211574554443359375
3459.10003263846692789229564368724822998046875
5442.129074372214745380915701389312744140625
3431.33236650845401527476496994495391845703125
4629.8134949296227205195464193820953369140625
4874.1452086687422706745564937591552734375
48560.3105052373939543031156063079833984375
16410.4362787755599129013717174530029296875
4583.012907437221656437031924724578857421875
1650.0419491709699286730028688907623291015625
11694.477575177195831201970577239990234375
60191.7680295020472840406000614166259765625
5750.0745441486915296991355717182159423828125
1516.1258475129097860190086066722869873046875
6485.2839636188737131305970251560211181640625
6096.1839309804063304909504950046539306640625
12270.14651420741211040876805782318115234375
28518.45632968809877638705074787139892578125
2457.03226859305368634522892534732818603515625
6264.3133317372894453001208603382110595703125
103059.056888890932896174490451812744140625
2420.0548566081915851100347936153411865234375
3457.4743483178908718400634825229644775390625
3570.0193611558324846555478870868682861328125
6863.4982788590687050600536167621612548828125
18432.80381435170784243382513523101806640625
4817.1871578397121993475593626499176025390625
4287.4872557551125282770954072475433349609375
8392.07744462332993862219154834747314453125
5022.129074372214745380915701389312744140625
3121.22588015137671391130425035953521728515625
7523.671186735518858768045902252197265625
2681.30332477470574303879402577877044677734375
2770.05808346749699921929277479648590087890625
4302.09357891985564492642879486083984375
5124.439179250199231319129467010498046875
2235.08067148263444323674775660037994384765625
6995.3133317372894453001208603382110595703125
2571.17102354318512880126945674419403076171875
5585.1000326384664731449447572231292724609375
5824.277509900262884912081062793731689453125
16636.1419818094364018179476261138916015625
2696.180704121101371129043400287628173828125
5821.19361155832302756607532501220703125
7206.403683797840130864642560482025146484375
3657.0548566081915851100347936153411865234375
