75.87017
88.16715
74.62303
72.985634
124.66156
67.1543
65.50069
75.89112
95.76221
81.12458
106.16652
71.50873
64.551384
57.954327
87.28467
84.99852
89.71055
57.939392
61.035988
74.97016
67.76057
69.69223
41.058704
57.55308
72.75158
64.98329
52.898243
74.561356
64.35674
41.478825
53.477627
63.666363
61.69278
88.83959
67.90568
70.26107
113.01174
83.474686
54.43265
64.48004
63.77422
70.00287
54.318592
83.98878
68.17441
53.7304
57.36925
62.32353
69.59666
67.10696
50.828835
88.70435
56.83083
84.4293
45.796192
56.598442
77.858406
66.25424
52.996323
47.227238
46.894432
64.78607
83.182465
62.66666
65.548134
58.789303
77.62051
62.573845
66.05335
83.16814
59.45635
83.529045
66.758446
82.21792
80.43253
58.336666
69.30377
81.46759
100.48995
74.886154
102.563644
68.42725
53.64224
67.90359
82.183426
60.92807
51.416946
75.537285
51.447395
60.822063
88.896034
61.173454
77.78981
75.2833
56.00909
52.223774
55.587223
89.787224
81.4515
95.76896
91.137726
73.01738
104.65332
71.89748
62.867058
96.0017
92.9544
84.03181
87.42265
64.88435
69.20272
101.997734
67.55956
94.420265
94.39459
59.824123
78.02999
49.88016
87.41129
66.70883
114.0855
65.434074
59.65011
75.27508
74.24148
79.6939
46.10292
110.60995
77.24391
74.10048
82.346634
88.422325
53.2423
86.003815
76.32337
63.77036
94.6772
71.308876
72.5576
66.768845
98.856476
70.760895
56.24565
77.19179
70.06097
64.77706
56.22272
70.89097
65.68178
79.999115
62.598186
