0.32915869513356366127254659659229218959808349609375
0.523992972744604657009404036216437816619873046875
0.400798658313663569430218558409251272678375244140625
0.40029922406999751682832311416859738528728485107421875
0.51330817360187797060433467777329497039318084716796875
0.475155405125912810859745150082744657993316650390625
0.381616937009278955894586715658078901469707489013671875
0.53252446636901773491246103731100447475910186767578125
0.457126735870051259524871056783013045787811279296875
0.1073256679645774036568894871379598043859004974365234375
0.40836401815563239114936777696129865944385528564453125
0.46486255554363375974702421444817446172237396240234375
0.450286916184103935822946596090332604944705963134765625
0.452992404227639366975921575431129895150661468505859375
0.447106371722912232513635899522341787815093994140625
0.449722439116261474278957166461623273789882659912109375
0.1758441363010237179498318482728791423141956329345703125
0.447781750574141323983923257401329465210437774658203125
0.50392452334449766571111695157014764845371246337890625
0.31952059311653524531493530957959592342376708984375
0.55536608792300834469557457850896753370761871337890625
0.39505327912940269019514971660100854933261871337890625
0.33745698201065466026449257697095163166522979736328125
0.487300058478051967281174938761978410184383392333984375
0.4736152760302225761535055426065810024738311767578125
0.464316866949466333647222882063942961394786834716796875
0.51078910957052381380805172739201225340366363525390625
0.2351976167108657256310522143394337035715579986572265625
0.414463977515946491170240051360451616346836090087890625
0.433930126532519777615704015261144377291202545166015625
0.491350098519529099316827114307670854032039642333984375
0.51701122070090121951579931192100048065185546875
0.37143399365200113759755140563356690108776092529296875
0.2229225348505294024281653264552005566656589508056640625
0.468430861256017017080210962376440875232219696044921875
0.4380091943976527346649163519032299518585205078125
0.4550397303283688632546954977442510426044464111328125
0.43851857634894297888195069390349090099334716796875
0.47401955677002349798243585610180161893367767333984375
0.40785532149522774059136054347618483006954193115234375
0.371851627579683208235650226924917660653591156005859375
0.44241395838096853054821622208692133426666259765625
0.414281855328651305025999818099080584943294525146484375
0.46077669970205892280290527196484617888927459716796875
0.442046720369170087483468023492605425417423248291015625
0.463264153277985923917725585852167569100856781005859375
0.430642503228528761294313653706922195851802825927734375
0.39864790099241298459986637681140564382076263427734375
0.447544095758811766305740320603945292532444000244140625
0.435102833652507958728250514468527399003505706787109375
0.4420120774287055187556916280300356447696685791015625
0.48394404561841486422935076916473917663097381591796875
0.48427686820053972294175537172122858464717864990234375
0.453860377673449832958141314520617015659809112548828125
0.53567741323917072993054944163304753601551055908203125
0.2309524057943004027304567671308177523314952850341796875
0.350104859999687156868475312876398675143718719482421875
0.31808612878410758018077331144013442099094390869140625
0.48281980040104599538608454167842864990234375
0.49223755834772953132727479896857403218746185302734375
0.420012961150100505580695653407019563019275665283203125
0.449971457415344999741790843472699634730815887451171875
0.413776124267215383856211019519832916557788848876953125
0.433671839202975750726665182810393162071704864501953125
0.419784798778213341652332246667356230318546295166015625
0.37598848794376482640444692151504568755626678466796875
0.317801504795840628059266919080982916057109832763671875
0.419753416560167902371603076971950940787792205810546875
0.5100949955630493803937497432343661785125732421875
0.494532514104531750742665963116451166570186614990234375
0.371475068975164413043188460505916737020015716552734375
0.3942619394184363468269793884246610105037689208984375
0.5120491259717219190150672147865407168865203857421875
0.454778269059959772135925959446467459201812744140625
0.374104984601548229417034008292830549180507659912109375
0.3227960218002017267480141526903025805950164794921875
0.451256862836430905350226794325863011181354522705078125
0.416987894870974151739773105873609893023967742919921875
0.454548548445462718969878324060118757188320159912109375
0.000000000000000000000000000000000014159716375487144724056713922154995281392914848151616949123828649114581466784936075219291534178778224628558746189810335636138916015625
0.499259765577619918364149498302140273153781890869140625
0.39508835053638236001205541469971649348735809326171875
0.415295056819731056574340755105367861688137054443359375
0.481458779987728624494280893486575223505496978759765625
0.47275437865845104656870034887106157839298248291015625
0.3859879238890198127620578816276974976062774658203125
0.5095298436376467510200427568634040653705596923828125
0.296785599704342539784107657396816648542881011962890625
0.411794985506684640963470656060962937772274017333984375
0.3731936955749570739016007792088203132152557373046875
0.429496253841588793154215863978606648743152618408203125
0.476312366005809784130775597077445127069950103759765625
0.11131960220644125658662204614302027039229869842529296875
0.358435345601396060377652474926435388624668121337890625
0.44289883471031654682548150958609767258167266845703125
0.217332165215429584659290185300051234662532806396484375
0.000000000000000000000000000000000011181575482347337861056731119226272875001609849420949822953073647966407680182923061018343525128970750159851377247832715511322021484375
0.416871818879302302729428220118279568850994110107421875
0.416768470335500296197750458304653875529766082763671875
0.45021778823999458740701129499939270317554473876953125
0.43624673619669851465374676990904845297336578369140625
0.39380582803466079866439031320624053478240966796875
0.486935171038510306029678531558602117002010345458984375
0.47428916073696603117326731080538593232631683349609375
0.324736642897627325599074765705154277384281158447265625
0.2443579604480467237781482481295824982225894927978515625
0.50631186766991820302763471772777847945690155029296875
0.482701260555561673104563169545144774019718170166015625
0.46770213557053141872899004738428629934787750244140625
0.371660155460078189815220639502513222396373748779296875
0.404881714571964812510174169801757670938968658447265625
0.3762670564107806203679729151190258562564849853515625
0.4902265215166234924026866792701184749603271484375
0.436932167519855807480411158394417725503444671630859375
0.52465980248621157944199921985273249447345733642578125
0.341946229435318382883224330726079642772674560546875
0.332909108275695420076090158545412123203277587890625
0.437296808196209141339494408384780399501323699951171875
0.439216382430816343340751473078853450715541839599609375
0.46155548739390217516387338037020526826381683349609375
0.4461101637833728705828661986743099987506866455078125
0.346795608204166716515004509346908889710903167724609375
0.41801196426598552502440497846691869199275970458984375
0.54186943533526654714904680076870135962963104248046875
0.47675450066649094349457982389139942824840545654296875
0.4764425158771381507705200419877655804157257080078125
0.490407211664747377799500327455461956560611724853515625
0.5089319329532508984215155578567646443843841552734375
0.49510104320756120888091800225083716213703155517578125
0.42041964361543104899965328513644635677337646484375
0.463428732060339354514866272438666783273220062255859375
0.340085854773563678321579573093913495540618896484375
0.363200479482787053076009442520444281399250030517578125
0.355467039906592841003174498837324790656566619873046875
0.447786649702959393959389444717089645564556121826171875
0.53820679888050426686874061488197185099124908447265625
0.47524706873452415845093810276011936366558074951171875
0.400330228407931698608734905064920894801616668701171875
0.37361166398854128711803923579282127320766448974609375
0.442321307608886715723173210790264420211315155029296875
0.52813331218336723171802304932498373091220855712890625
0.274154217253326726311257743873284198343753814697265625
0.45180447747327334706568535693804733455181121826171875
0.43347952088769525769151869099005125463008880615234375
0.4960153822639750131884284201078116893768310546875
0.431605235430753797487568590440787374973297119140625
0.3350058139423450764837753013125620782375335693359375
0.423108467260967791023773543201969005167484283447265625
0.469803168699508832961697635255404748022556304931640625
0.515439838432568908643816030235029757022857666015625
0.4826841341242886773699183322605676949024200439453125
