-0.75773466527462007835680424250313080847263336181640625
-0.91645468622446057960218013249686919152736663818359375
-1.765796363353729248046875
-0.8416275188326836076413428600062616169452667236328125
-0.947639413177967071533203125
-0.69969213008880615234375
-0.7081409886479377302492821399937383830547332763671875
-0.74678655564785001441663325749686919152736663818359375
-0.7279582887887954267824852649937383830547332763671875
-0.83540328443050382301038325749686919152736663818359375
-0.7215047359466553178464209850062616169452667236328125
-0.631167806684970855712890625
-0.64976550638675689697265625
-1.2332708865404129472409522350062616169452667236328125
-0.8001085475087166276608741100062616169452667236328125
-1.078712174296379000537626779987476766109466552734375
-0.88142324984073638916015625
-0.66971151679754259422594486750313080847263336181640625
-0.93320257812738416358655513249686919152736663818359375
-0.7527646690607070478762352649937383830547332763671875
-0.9536431387066841569577491100062616169452667236328125
-0.96181067228317262962633549250313080847263336181640625
-0.86299282461404802635485111750313080847263336181640625
-0.77301285266876218482678950749686919152736663818359375
-0.83606916069984438255602299250313080847263336181640625
-1.047768166661262601024873220012523233890533447265625
-0.8927828967571258544921875
-0.7418163076043129411374366100062616169452667236328125
-0.6446680724620819091796875
-0.6761290609836578813229834850062616169452667236328125
-0.7868359386920928955078125
-0.6951068237423896345461571399937383830547332763671875
-0.7006792992353438886965477649937383830547332763671875
-0.728053443133831024169921875
-0.92776407897472379371350825749686919152736663818359375
-0.86109337359666826561266361750313080847263336181640625
-0.565127454698085784912109375
-0.72080175727605821922594486750313080847263336181640625
-0.88415742516517636939710200749686919152736663818359375
-0.61547440886497495338147700749686919152736663818359375
-0.94023748785257332816200914749060757458209991455078125
-1.2031190693378448486328125
-0.72301298528909685447985111750313080847263336181640625
-0.81975370049476625755602299250313080847263336181640625
-0.6862240776419639143313133899937383830547332763671875
-1.7919320791959763017331397350062616169452667236328125
-0.8038057580590247663820946399937383830547332763671875
-0.72455915659666059180921138249686919152736663818359375
-0.62108902782201769188219486750313080847263336181640625
-0.59007638543844220802014888249686919152736663818359375
-0.7008991211652755293215477649937383830547332763671875
-0.66977448165416719749742924250313080847263336181640625
-1.073098635673523038036591970012523233890533447265625
-0.790017463266849517822265625
-0.66995466351509092017835200749686919152736663818359375
-0.73534105569124219581311763249686919152736663818359375
-0.76535892486572265625
-0.8034232586622238603268897350062616169452667236328125
-1.230712524056434720165498220012523233890533447265625
-0.75268690139055249854749263249686919152736663818359375
-1.1332113772630691972409522350062616169452667236328125
-1.044611087441444485790498220012523233890533447265625
-0.73231421262025830909436763249686919152736663818359375
-0.7096644908189773115481102649937383830547332763671875
-1.00268720090389251708984375
-0.6117559120059012922610008899937383830547332763671875
-0.671498404443263918750517404987476766109466552734375
-0.97673538923263547584241450749686919152736663818359375
-0.7627008154988288435305321399937383830547332763671875
-0.64133369028568265601819575749686919152736663818359375
-0.74561674296855928734117924250313080847263336181640625
-0.68016092479228973388671875
-0.72037452310323712989514888249686919152736663818359375
-0.81926884651184084251696049250313080847263336181640625
-0.7282219871878623518313133899937383830547332763671875
-0.7232566818594932112063133899937383830547332763671875
-0.6959152415394782575930321399937383830547332763671875
-0.87629763931035997703844486750313080847263336181640625
-0.671032451093196868896484375
-0.70346046835184095069593013249686919152736663818359375
-0.76351509094238279029553950749686919152736663818359375
-1.02197255194187164306640625
-0.6107366785407066789304053600062616169452667236328125
-0.91493038684129712745374263249686919152736663818359375
-0.781228534877300262451171875
-1.187881410121917724609375
-0.931971125304698944091796875
-0.6760835543274879011477196399937383830547332763671875
-0.9591690868139266523684227649937383830547332763671875
-0.58770516663789751365953861750313080847263336181640625
-0.94212778061628343895250736750313080847263336181640625
-0.68792471438646318748766361750313080847263336181640625
-0.83530584871768953636461674250313080847263336181640625
-0.75532610565423963233655513249686919152736663818359375
-1.0587059229612350019777977649937383830547332763671875
-0.92934984564781186744397700749686919152736663818359375
-0.855459623038768768310546875
-0.69256706386804578468030513249686919152736663818359375
-0.74165605306625359549599352249060757458209991455078125
-0.65640466064214708641344486750313080847263336181640625
-0.83370702266693108573036852249060757458209991455078125
-1.0625551044940948486328125
-0.7073274284601211991940772350062616169452667236328125
-1.004216031730174929492704904987476766109466552734375
-0.8138240844011306318606102649937383830547332763671875
-1.1290328532457352128659522350062616169452667236328125
-0.76175466775894162818616450749686919152736663818359375
-0.79895979464054101004677477249060757458209991455078125
-0.76216128617525102928453861750313080847263336181640625
-0.84422738850116729736328125
-0.6899892941117287126218116100062616169452667236328125
-0.80941145718097684547132075749686919152736663818359375
-0.88244604468345644310289799250313080847263336181640625
-0.51904118210077287987047611750313080847263336181640625
-0.7904156252741814103757178600062616169452667236328125
-0.71888099759817125633531986750313080847263336181640625
-0.9264947801828384843503272350062616169452667236328125
-1.0755214691162109375
-0.87165127843618395164781986750313080847263336181640625
-0.91914080083370208740234375
-0.82055799663066864013671875
-0.65760248750448224708264888249686919152736663818359375
-0.6434567615389823469485008899937383830547332763671875
-0.8903265029191971269284522350062616169452667236328125
-0.7738874807953834977780616100062616169452667236328125
-0.6488880634307860884035790149937383830547332763671875
-0.727024681866168975830078125
-0.9672174498438834699953758899937383830547332763671875
-0.59088126868009560599404039749060757458209991455078125
-0.87160051763057710960680424250313080847263336181640625
-0.91320409774780275657946049250313080847263336181640625
-0.5125455528497695478762352649937383830547332763671875
-0.80620060861110687255859375
-0.62289839833974836036389888249686919152736663818359375
-0.74391753971576690673828125
-0.69938574731349945068359375
-0.67844678610563280418688236750313080847263336181640625
-0.8816242039203643354738915149937383830547332763671875
-0.7233456715941428694094383899937383830547332763671875
-0.7375273361802101579343116100062616169452667236328125
-0.8282182544469833818112647350062616169452667236328125
-0.86681858301162717506116450749686919152736663818359375
-1.2628866344690321543708932949812151491641998291015625
-0.5758388891816139665280616100062616169452667236328125
-0.6831536620855331864987647350062616169452667236328125
-0.71434107571840288475328861750313080847263336181640625
-0.88946189135313036278063236750313080847263336181640625
-0.8175966173410416093503272350062616169452667236328125
-0.66490899026393890380859375
-0.5506293207406998124753272350062616169452667236328125
-0.7391128510236739668215477649937383830547332763671875
