0.0290636446120581155849738053120745462365448474884033203125
0.0222060130281958624520743939001476974226534366607666015625
0.028044426872762477642719858295095036737620830535888671875
0.020690884339598140939653347913917968980967998504638671875
0.0264580946262932582835336603466203087009489536285400390625
0.0282537993336795488497070749644990428350865840911865234375
0.0186860791777232158883403911886489368043839931488037109375
0.017481180685061388502266055411382694728672504425048828125
0.0209472458217979766448291201186293619684875011444091796875
0.0224181403900421682973131964899948798120021820068359375
0.0248714180084211589072396009214571677148342132568359375
0.03208832789563582921221751576013048179447650909423828125
0.0210585698519593911282044018662418238818645477294921875
0.027595295911229868190961411755779408849775791168212890625
0.0208290943730000920053324620084822527132928371429443359375
0.0257448785510449064395377405389808700419962406158447265625
0.0275459960874812580244874737900317995809018611907958984375
0.02654630459042196799490653802422457374632358551025390625
0.0238782374368247500562301155468958313576877117156982421875
0.025061485451417765679682503332514897920191287994384765625
0.0282616772222263647196260905047893174923956394195556640625
0.027753408619031354198636307728520478121936321258544921875
0.034116973786960873293860885269168647937476634979248046875
0.0240533633856672042494739827134253573603928089141845703125
0.025399167023702602652424076268289354629814624786376953125
0.027601397742966500559180786922297556884586811065673828125
0.0263542831021484520725994826761962031014263629913330078125
0.024496971763716506031993702663385192863643169403076171875
0.0252080403306696142207155020287245861254632472991943359375
0.0223738680742176128390941158841087599284946918487548828125
0.0301117066532172565629377203322292189113795757293701171875
0.0262883777926629959298399086264907964505255222320556640625
0.02506015124590155185302364770905114710330963134765625
0.023675851626810510974774359738148632459342479705810546875
0.02667341158681067747604487294665887020528316497802734375
0.023994966109568728607204235458993935026228427886962890625
0.0221532542415739212848801997779446537606418132781982421875
0.0208761025521170505425683217026744387112557888031005859375
0.0233985250615139188379298929021388175897300243377685546875
0.033278983860915316295159271930970135144889354705810546875
0.0290189745300966674135256795352688641287386417388916015625
0.0233776799308605919003323236893265857361257076263427734375
0.024512948467085689252531466308937524445354938507080078125
0.0240949834948726744621172457527791266329586505889892578125
0.030531216060699466197103646436517010442912578582763671875
0.02329254270840952489862729635206051170825958251953125
0.0211647409898444716080945227076881565153598785400390625
0.0198598797835256579702445378643460571765899658203125
0.0260049126360572153970895925567674566991627216339111328125
0.02952784550569280408449657215896877460181713104248046875
0.021106083295446997905031594200409017503261566162109375
0.03059738394654780424541939964910852722823619842529296875
0.0242118016125747841094106860282408888451755046844482421875
0.02168374718221122154915292412624694406986236572265625
0.0292980151332628453719753025552563485689461231231689453125
0.0214635854710207192586057800554044661112129688262939453125
0.0262233865974302142454188668807546491734683513641357421875
0.02595623242154791732172469664874370209872722625732421875
0.0268802849197301886585709240762298577465116977691650390625
0.026135849960243838496776191959725110791623592376708984375
0.033323914007620795973974026082942145876586437225341796875
0.0177349853088850963056533061035224818624556064605712890625
0.0276781517168634694225914927301346324384212493896484375
0.026796760381391705740927733359058038331568241119384765625
0.02842527823127675989933749178817379288375377655029296875
0.0190560033856016046438508482196994009427726268768310546875
0.027524433714737235601166531751005095429718494415283203125
0.0307015188350463763544695439122733660042285919189453125
0.0204256135933344497301877851214157999493181705474853515625
0.0189529560986305585512656790569963050074875354766845703125
0.0274093650418736380081075054704342619515955448150634765625
0.0260228209912450499097236189527393435128033161163330078125
0.024603997097914442893085151808918453752994537353515625
0.0248051507222068930158531685492562246508896350860595703125
0.034042699844123190666689282579682185314595699310302734375
0.0243769178571379106779115630843079998157918453216552734375
0.023520524478605538132303109932763618417084217071533203125
0.0272410821571938653595790214012595242820680141448974609375
0.022445063702712146624929090421574073843657970428466796875
0.02877831174349375353838098590131266973912715911865234375
0.026576489748839866866791936672598239965736865997314453125
0.0217325314571258400297981694393456564284861087799072265625
0.02980436891616389250003749111783690750598907470703125
0.029025299624629040395884516101432382129132747650146484375
0.0246391033824475969016276621914585120975971221923828125
0.023580684212056689241787665878291591070592403411865234375
0.0230060752333919142642582045255039702169597148895263671875
0.0200791387377803054459235454487497918307781219482421875
0.027297737724150554494695342100385460071265697479248046875
0.03407190531354496731974990098024136386811733245849609375
0.029228129829583220089528339258322375826537609100341796875
0.0258073599015815093038472838316010893322527408599853515625
0.026355051459776630828901744507675175555050373077392578125
0.02281172904978463755742978946727816946804523468017578125
0.026712630918267289692469290685039595700800418853759765625
0.0210736538588351708656265515173799940384924411773681640625
0.0265690458410515577269972453677837620489299297332763671875
0.023959772009426304195667256635715602897107601165771484375
0.0232695753146782736975328731432455242611467838287353515625
0.02912005210346695072143319293900276534259319305419921875
0.02558143530950891808561920015563373453915119171142578125
0.0270311940088938697235310115729589597322046756744384765625
0.02442113674779587684238180145257501862943172454833984375
0.030235929607160351439976153642419376410543918609619140625
0.02761163675138476880643878530463553033769130706787109375
0.02550034298793422971041167102157487533986568450927734375
0.026405909044450330547260108460250194184482097625732421875
0.02274547393172880738188013083345140330493450164794921875
0.027328727800630968347572746779405861161649227142333984375
0.0229831064032868619129157394809226389043033123016357421875
0.0280304498515230419986021814793275552801787853240966796875
0.0280099985908030153780590154610763420350849628448486328125
0.0258401265134232359377275400902362889610230922698974609375
0.0276643852099411891032332277973182499408721923828125
0.02241197105913182718861520470454706810414791107177734375
0.0248544150814482174560726690515366499312222003936767578125
0.0197591734135493767021696243091355427168309688568115234375
0.0191893381971956593357031550794999930076301097869873046875
0.0198012706284407015433490784062087186612188816070556640625
0.0256411639455584074165361840869081788696348667144775390625
0.0290924389200370482611024414154599071480333805084228515625
0.0271429519887679548961756381686427630484104156494140625
0.025076699360012229267358208062432822771370410919189453125
0.02510217808881025358669347724571707658469676971435546875
0.0299588157777623924349352790841294336132705211639404296875
0.027634373403499619403778098103430238552391529083251953125
0.0263966234736179201914030301168168080039322376251220703125
0.0254865316376762900130170663715034606866538524627685546875
0.030450569261282922628453206925769336521625518798828125
0.021439076717692906459689083931152708828449249267578125
0.02492099187188064057796310635239933617413043975830078125
0.0270278777813831340426364846507567563094198703765869140625
0.0267345925695958615275760195117982220835983753204345703125
0.032458668540977307637174220644737943075597286224365234375
0.02681400483464342621164888669227366335690021514892578125
0.02759771594829078800170663043900276534259319305419921875
0.0216392078462169547281579440323184826411306858062744140625
0.0199297546813640459595351472898983047343790531158447265625
0.03020022706684592772585773445825907401740550994873046875
0.0227790146904647237968699613475109799765050411224365234375
0.021224243157600179709998400312542798928916454315185546875
0.0247255957043190643940278050649794749915599822998046875
0.0260754724343260045615888742531751631759107112884521484375
0.02318621797710869458786220320689608342945575714111328125
0.0252239491966413688361914324786994257010519504547119140625
0.026752824438418254526794726189109496772289276123046875
0.0202443925680770124564400447297884966246783733367919921875
0.0272126324195874069733491751321707852184772491455078125
0.0270063673953928710946836844186691450886428356170654296875
0.0276420865783968787432467451026241178624331951141357421875
0.024395972271717060453344316783841350115835666656494140625
