0.69022309911426960038483002790599130094051361083984375
0.66809075460275579860791594910551793873310089111328125
0.6679267219070872396713411944801919162273406982421875
0.6701183277706344032509377939277328550815582275390625
0.66378309577641181338236719966516830027103424072265625
0.6797279914840270720333137433044612407684326171875
0.66583121804674794130818327175802551209926605224609375
0.62345635112014796685997453096206299960613250732421875
0.660176486188820632605711580254137516021728515625
0.6779710136734191650020875385962426662445068359375
0.6662706449324904411923853331245481967926025390625
0.617545147256943760538661081227473914623260498046875
0.6146508093144120721262879669666290283203125
0.5991940000208078043186787908780388534069061279296875
0.70105614559621332038119589924463070929050445556640625
0.53871679560545138176763657611445523798465728759765625
0.65658176928916522907542230313993059098720550537109375
0.57106760367799525024423701324849389493465423583984375
0.67401314427676728424643215475953184068202972412109375
0.6547986234898004465065923795918934047222137451171875
0.64329323916170533248504170842352323234081268310546875
0.649744660315348721013606336782686412334442138671875
0.65873029054791543135394249475211836397647857666015625
0.68189307548043898155043507358641363680362701416015625
0.66337081483594795283664780072285793721675872802734375
0.6510547752141133681647033881745301187038421630859375
0.6926221362203441866967068563099019229412078857421875
0.6486922083810953143512278984417207539081573486328125
0.6759981413380857784289901246665976941585540771484375
0.6398550546024013296886323587386868894100189208984375
0.6245680808210274381764293138985522091388702392578125
0.6915952331128740748766858814633451402187347412109375
0.65000405657170201578765045269392430782318115234375
0.663620053547129717941288618021644651889801025390625
0.664072403149155388035751457209698855876922607421875
0.63153930677688274730741113671683706343173980712890625
0.63721718875536914605817173651303164660930633544921875
0.64051459703149526969667704179300926625728607177734375
0.65002436671956342895128955206018872559070587158203125
0.67159717255717821249305643505067564547061920166015625
0.691521114710506257239330807351507246494293212890625
0.65689801394953628577155768653028644621372222900390625
0.65446872355749141636493959595100022852420806884765625
0.66050680339621592462862054162542335689067840576171875
0.67999998978599551779922194327809847891330718994140625
0.72099889655640148067305972290341742336750030517578125
0.68792835142190200681255873860209248960018157958984375
0.6529093457156742719149633558117784559726715087890625
0.68366706094969742490974340398679487407207489013671875
0.7081963581696097964623959342134185135364532470703125
0.59624560704946627520683932743850164115428924560546875
0.61556794672685122282729253129218704998493194580078125
0.67041937735783940777167799751623533666133880615234375
0.64536470294734049613083470831043086946010589599609375
0.6368621288704126026658514092559926211833953857421875
0.6237080861824477739929761810344643890857696533203125
0.6841945087275742576338188882800750434398651123046875
0.6254685315419157287664120303816162049770355224609375
0.66749363570283726243559385693515650928020477294921875
0.6213144238593877322074376934324391186237335205078125
0.65675851991009126518150651463656686246395111083984375
0.5437665960022337596768693401827476918697357177734375
0.66842783465766830719445579234161414206027984619140625
0.64858956588057115055789836333133280277252197265625
0.6340294534692374472939491170109249651432037353515625
0.64954240941249186125361347876605577766895294189453125
0.67714938028456572727264983768691308796405792236328125
0.65333802940179597218417484327801503241062164306640625
0.68853321960245061905681041025673039257526397705078125
0.6629857633476594624966082847095094621181488037109375
0.655109137548063102940432145260274410247802734375
0.70787763785917745540388068548054434359073638916015625
0.68080452145193726121163990683271549642086029052734375
0.68665305860005021454384177559404633939266204833984375
0.647371171225063601895044484990648925304412841796875
0.667250872166853081779436251963488757610321044921875
0.6687223311859196162032503707450814545154571533203125
0.6512943312635945947164373137638904154300689697265625
0.66847957839192717610643512671231292188167572021484375
0.663030284517116097475764036062173545360565185546875
0.64119901437369020147372111750883050262928009033203125
0.6853547938182840137955054160556755959987640380859375
0.68289706090807722471680563103291206061840057373046875
0.6815852623606086790886138260248117148876190185546875
0.6146739847250881627616081459564156830310821533203125
0.67824869644184004879861049630562774837017059326171875
0.5826227057136301734630023929639719426631927490234375
0.63737351430527955375993087727692909538745880126953125
0.597089627612259032929387103649787604808807373046875
0.6290187407425473775646196372690610587596893310546875
0.71799592843768234029511177141102962195873260498046875
0.65005038021745864540434922673739492893218994140625
0.66122253296850963533159983853693120181560516357421875
0.59809334534586866549688011218677274882793426513671875
0.660724347386767885126346300239674746990203857421875
0.64743570551382945144069935849984176456928253173828125
0.54853048263100134818159858696162700653076171875
0.65364760791176468313068426141398958861827850341796875
0.62259775898427516249711288764956407248973846435546875
0.71650915213693411320861059721210040152072906494140625
0.672143283171119154673078810446895658969879150390625
0.6140842954873748649191611548303626477718353271484375
0.6744869385140719320048674489953555166721343994140625
0.68859186176980069493680503001087345182895660400390625
0.653695071756188017531030709506012499332427978515625
0.6801792932537640279377910701441578567028045654296875
0.66296327035530244753402939750230871140956878662109375
0.65300776568667406873913705567247234284877777099609375
0.6284901220158143342331413805368356406688690185546875
0.6804875272530066521170510895899496972560882568359375
0.6944584990364008891816638424643315374851226806640625
0.66119792470541460804867028855369426310062408447265625
0.631887027366198505973216015263460576534271240234375
0.65380967012820201400558062232448719441890716552734375
0.67968061696038761798632776844897307455539703369140625
0.65084521146342300124132407290744595229625701904296875
0.67049748111573104214500062880688346922397613525390625
0.66352978494503489503841819896479137241840362548828125
0.6841439218171758707143226274638436734676361083984375
0.65682023484968521387372675235383212566375732421875
0.6491740120672619962505223156767897307872772216796875
0.6580368535858569511987070654868148267269134521484375
0.6452888591120979899784515509963966906070709228515625
0.65023050617232558412439402673044241964817047119140625
0.673568193457884323294138084747828543186187744140625
0.6215363989080187057112425463856197893619537353515625
0.6365459804923736530923861209885217249393463134765625
0.68887062817488897703555039697675965726375579833984375
0.662091652395339291814480020548216998577117919921875
0.59992698003775124515613015319104306399822235107421875
0.6339264972698808175977092105313204228878021240234375
0.6681174639764879685799314756877720355987548828125
0.6885784687479021837219761437154375016689300537109375
0.64883014519362658401036014765850268304347991943359375
0.677320841363772796483999627525918185710906982421875
0.66919865679949241954460603665211237967014312744140625
0.68646426890435507939258741316734813153743743896484375
0.60364046078347211032877339675906114280223846435546875
0.643428140070167575714776830864138901233673095703125
0.626447011827127031580175753333605825901031494140625
0.594698088781260736368494690395891666412353515625
0.62978080449541240515287654488929547369480133056640625
0.65417357687849497782650587396346963942050933837890625
0.64298850431777510028297228927840478718280792236328125
0.673759337706409500157178626977838575839996337890625
0.646887794096022705758741722092963755130767822265625
0.65514440413428898235537189975730143487453460693359375
0.670731718553210232158789949608035385608673095703125
0.6711427094317687913616055084276013076305389404296875
0.583319073854103198328857615706510841846466064453125
0.60962407906884819031034794534207321703433990478515625
