83.77523040771484375
84.7073509693145751953125
83.4758646488189697265625
83.9268360137939453125
85.6842174530029296875
83.2958393096923828125
83.1453082561492919921875
82.7464931011199951171875
84.7889080047607421875
83.9834747314453125
82.363822460174560546875
82.443826198577880859375
84.0133478641510009765625
83.7962920665740966796875
83.5917255878448486328125
85.0017316341400146484375
83.7803404331207275390625
82.683710575103759765625
82.27884197235107421875
82.404416561126708984375
83.902812957763671875
81.2267343997955322265625
81.6198046207427978515625
85.721524715423583984375
83.960410594940185546875
83.64506626129150390625
86.5388813018798828125
85.4961040019989013671875
88.0962903499603271484375
84.0704748630523681640625
84.150053501129150390625
85.9946238994598388671875
83.310915470123291015625
83.0902702808380126953125
83.2972114086151123046875
84.2022979259490966796875
84.919854640960693359375
85.9025199413299560546875
85.8617641925811767578125
84.064403057098388671875
85.064697742462158203125
84.6786620616912841796875
83.3284924030303955078125
83.3852367401123046875
84.5398085117340087890625
83.14395618438720703125
83.3383333683013916015625
83.3687818050384521484375
83.7748558521270751953125
82.0972993373870849609375
85.1177215576171875
85.501652240753173828125
81.6879978179931640625
83.297478199005126953125
82.4279925823211669921875
84.34157466888427734375
82.7132663726806640625
82.917949676513671875
82.3849880695343017578125
81.824483394622802734375
83.27915859222412109375
83.6345157623291015625
83.592883586883544921875
85.0156841278076171875
82.8061158657073974609375
83.1891105175018310546875
82.495437145233154296875
82.074909687042236328125
84.0249195098876953125
84.0233476161956787109375
83.553134918212890625
84.79054737091064453125
84.34968090057373046875
84.2118604183197021484375
85.7836663722991943359375
85.212649822235107421875
83.9779644012451171875
84.3685662746429443359375
84.593504428863525390625
83.6878449916839599609375
83.9797332286834716796875
83.50880527496337890625
83.01386260986328125
83.0050442218780517578125
419.07407474517822265625
84.1394917964935302734375
83.694474697113037109375
83.800303936004638671875
82.701256275177001953125
83.259087085723876953125
84.064044952392578125
83.91870594024658203125
82.00140285491943359375
84.025695323944091796875
84.179385662078857421875
84.7893002033233642578125
84.8318879604339599609375
84.5083591938018798828125
84.4902875423431396484375
85.6499636173248291015625
83.290901660919189453125
83.56316280364990234375
82.4291841983795166015625
82.541248798370361328125
85.9583895206451416015625
86.17070484161376953125
84.63628864288330078125
82.994777202606201171875
83.5759780406951904296875
84.415264129638671875
83.8575799465179443359375
83.09224700927734375
83.158071041107177734375
84.9935538768768310546875
83.946073055267333984375
82.9280002117156982421875
82.962441921234130859375
82.3008253574371337890625
83.666794300079345703125
84.3340587615966796875
81.8018348217010498046875
86.8497579097747802734375
86.4348251819610595703125
85.3617208003997802734375
84.5680301189422607421875
83.0533893108367919921875
84.6977100372314453125
84.4232294559478759765625
81.2341058254241943359375
81.53535747528076171875
83.83394622802734375
84.2182323932647705078125
83.578792572021484375
83.6581046581268310546875
84.0009419918060302734375
84.1353013515472412109375
84.53837490081787109375
82.8318326473236083984375
82.082417011260986328125
85.01290607452392578125
85.86740875244140625
89.8906733989715576171875
84.046820163726806640625
84.065223217010498046875
84.1038925647735595703125
84.5192406177520751953125
83.570704936981201171875
83.298821926116943359375
84.522017955780029296875
84.8672502040863037109375
84.5013487339019775390625
