0.68774413131177425384521484375
0.692712386138737201690673828125
0.685995799489319324493408203125
0.6714396178722381591796875
0.66977703757584095001220703125
0.671900372020900249481201171875
0.659545195288956165313720703125
0.657744280993938446044921875
0.6800452880561351776123046875
0.598164127208292484283447265625
0.732991068623960018157958984375
0.624675505794584751129150390625
0.706232161261141300201416015625
0.554243586957454681396484375
0.598141424357891082763671875
0.62091710232198238372802734375
0.702775602228939533233642578125
0.622925420291721820831298828125
0.65707662142813205718994140625
0.65773445926606655120849609375
0.6604125984013080596923828125
0.675043749623000621795654296875
0.685386984609067440032958984375
0.649813675321638584136962890625
0.716911005787551403045654296875
0.658070760779082775115966796875
0.641108908690512180328369140625
0.619168172590434551239013671875
0.6153994388878345489501953125
0.65331053175032138824462890625
0.68160535208880901336669921875
0.66590839810669422149658203125
0.64523857645690441131591796875
0.677298272959887981414794921875
0.64750352315604686737060546875
0.680960948579013347625732421875
0.689368859864771366119384765625
0.723168401978909969329833984375
0.66972996108233928680419921875
0.72080369293689727783203125
0.6703896038234233856201171875
0.68985407613217830657958984375
0.71520988643169403076171875
0.6458741724491119384765625
0.663337566889822483062744140625
0.644652587361633777618408203125
0.6730510294437408447265625
0.676789979450404644012451171875
0.725918372161686420440673828125
0.649556954391300678253173828125
0.66523444838821887969970703125
0.723994626663625240325927734375
0.677301256917417049407958984375
0.67260032333433628082275390625
0.6818125955760478973388671875
0.670191590674221515655517578125
0.6800380907952785491943359375
0.666903628967702388763427734375
0.678032492287456989288330078125
0.681276204995810985565185546875
0.65340747870504856109619140625
0.68594693578779697418212890625
0.638230302371084690093994140625
0.696179726161062717437744140625
0.681541741825640201568603515625
0.65890455804765224456787109375
0.703658853657543659210205078125
0.653259486891329288482666015625
0.571513918228447437286376953125
0.650146596133708953857421875
0.705070431344211101531982421875
0.69900797307491302490234375
0.618233599700033664703369140625
0.65352384559810161590576171875
0.64812790416181087493896484375
0.694282094947993755340576171875
0.698804446496069431304931640625
0.5894943661987781524658203125
0.625432207249104976654052734375
0.673890640027821063995361328125
0.67770116962492465972900390625
0.68575270660221576690673828125
0.69660495780408382415771484375
0.651997757144272327423095703125
0.675899139605462551116943359375
0.697389222681522369384765625
0.679391679354012012481689453125
0.667951335199177265167236328125
0.726595572195947170257568359375
0.703761088661849498748779296875
0.724861606024205684661865234375
0.696181313134729862213134765625
0.659486257471144199371337890625
0.68584255874156951904296875
0.625653547234833240509033203125
0.67426727712154388427734375
0.6548984088003635406494140625
0.63975005038082599639892578125
0.700255356729030609130859375
0.642464096657931804656982421875
0.66758464835584163665771484375
0.67716805823147296905517578125
0.68766483478248119354248046875
0.686402917839586734771728515625
0.655348860658705234527587890625
0.716312983073294162750244140625
0.675173389725387096405029296875
0.71406245790421962738037109375
0.681169110350310802459716796875
0.72765987552702426910400390625
0.660304763354361057281494140625
0.7194113545119762420654296875
0.682689495384693145751953125
0.70565223135054111480712890625
0.672667481936514377593994140625
0.678611417300999164581298828125
0.673633656464517116546630859375
0.6852663457393646240234375
0.62266291864216327667236328125
0.65579618513584136962890625
0.6523873247206211090087890625
0.633344697766005992889404296875
0.69385040737688541412353515625
0.64936953596770763397216796875
0.63210245408117771148681640625
0.676398000679910182952880859375
0.623231903649866580963134765625
0.629563507623970508575439453125
0.6993002481758594512939453125
0.653234316967427730560302734375
0.68539554066956043243408203125
0.717440329492092132568359375
0.689792794175446033477783203125
0.61987123079597949981689453125
0.59555534832179546356201171875
0.65838918276131153106689453125
0.671075063757598400115966796875
0.6943011581897735595703125
0.739106263034045696258544921875
0.63419965840876102447509765625
0.667136850766837596893310546875
0.713505296967923641204833984375
0.60727199353277683258056640625
0.669672004878520965576171875
0.586140699684619903564453125
0.658781812526285648345947265625
0.681259007193148136138916015625
0.6912239752709865570068359375
0.6414644718170166015625
0.64665122330188751220703125
0.607121744193136692047119140625
