161853185784432.8125
151648903602845.75
167861553625526.5625
158913919660924.0625
164901795379923.9375
144297069442017.125
142649694332377.8125
163658649121509.3125
155702685413195.5625
157434605906947.25
170971222193054.4375
174571702690302.8125
149969960982998.625
156146815386215.8125
154276853307404.375
171775610957329.3125
158277881109416.625
157193458422648.5625
165478061422751.375
162782493443563.8125
165947869728589.5
153450310296733.125
165132084428683.1875
157509824203003.75
162632859956753.6875
162590410993007.875
159385557426150.5625
150241273516699.1875
154510511944077.4375
157358807414634.5
162940567692502.8125
169452861534538
151589004526851.875
161624550129494.8125
159498385574825.5625
165035443373209.9375
159603466684113.625
156932870001204.375
158640677971144.625
159331204218574.875
175636414730520.375
143246264081787.125
150129780169681.375
160871373565078.3125
168220956571574.8125
164992400504214.375
153679810802549.75
155658208727375.5625
156118094745927.1875
162500583968557.375
157992070958242.1875
157936947378651.0625
154922756027114.1875
162749575368788.75
170857866029002.1875
150256695204985.9375
160800728714522.1875
159415217615051.375
169637506747564.25
171516203332443.125
154271546033669.4375
152559151964810.25
168377351314554.625
148813403489770.1875
168104589135029.375
141806591245955.6875
172619319698600.625
165797670583024.3125
146654093220056.5
151314996366073.25
163525042320071.125
151451875073781.375
156448514343203.5
168338019650242
176323552322374.875
150512772444954.75
149533317821514.5
155015218276029.375
144892517975988.375
174835933453374.5
158670619953656.6875
167499242608203.0625
161052641341711.25
148199195347525.5
164169408964705.5
167369765890093.125
163469938734351.3125
139972033402876.6875
154639918791721
175328206529971.25
144941338868216.125
163934358894537.9375
149982435625785.6875
164640867060808.875
172344081603632.5
146461282491902.3125
144753289037671
153461324772049.0625
155593376254916.125
156424602864679.5
151126064896895.5
169885646915945
146825965419837.9375
168324630351976.1875
167731989900426.625
162266335039812.3125
152518030546340.75
155940685971979.8125
164012459541191.125
155959787247377.1875
173396716679283.4375
159293446140437.875
150662337644160.3125
167973846327193.4375
166975072072058.875
155255841377179.75
158005940595539
164275870742174.6875
158448247060792.25
159839461517286.625
169805177155843.25
161569476454644.1875
160225780980865.9375
165230183067635.3125
159411198381476.0625
154208453684514.5625
158433417062553.5
151232117699074.8125
153660619120163.8125
145555765203890.375
160913669112709.3125
164547605144049.625
159421938989262.875
166135461239674.0625
163790767904746.5
158734633412326.75
151882111427478.5
152252332849851.3125
176799129956859.75
155576235338230.3125
150561606541215
170021893021423.9375
140769053832249.375
158364023258529.6875
167272826372080.3125
162754399393735.0625
152745817956941.5625
164738784882497.5625
160082887401136.0625
173014393215738.5625
147320986188584.5625
