0.45212471552226529691864698179415427148342132568359375
0.53188135082672316489293962149531580507755279541015625
0.4245372814111141313020425513968802988529205322265625
0.4371717738535314534686904153204523026943206787109375
0.571116273037870048057129679364152252674102783203125
0.482756287312303522529788324391120113432407379150390625
0.44545317087873936845454636568319983780384063720703125
0.56587643527693476386275506229139864444732666015625
0.481935559444331473866185433507780544459819793701171875
0.3212396389598521917463358477107249200344085693359375
0.445130045597306900351242120450478978455066680908203125
0.453940001440695795054125483147799968719482421875
0.483512668826765246166132783400826156139373779296875
0.491000727749886733963791130008758045732975006103515625
0.466666693845111335559039389409008435904979705810546875
0.483852319886021675632292726731975562870502471923828125
0.400609597543483630932570349614252336323261260986328125
0.479342470852397839475855789714842103421688079833984375
0.5616750489076134389421213199966587126255035400390625
0.391406754357998043492017359312740154564380645751953125
0.5987115952751154157596147342701442539691925048828125
0.41251440007411022126149191535660065710544586181640625
0.368564533037536390391863960758200846612453460693359375
0.496023290111268611024541996812331490218639373779296875
0.50047617409704814317450427552103064954280853271484375
0.51312185812937760598373415632522664964199066162109375
0.52143791404097716846166576942778192460536956787109375
0.45037200302266222617930679916753433644771575927734375
0.433027825366702867615487093644333072006702423095703125
0.480905042886646094668634532354190014302730560302734375
0.485793031692255128373147954334854148328304290771484375
0.54351057327211815817236129078082740306854248046875
0.44690083527420931819307270416175015270709991455078125
0.259557743567060239531230081411194987595081329345703125
0.479808730257678117681052754051052033901214599609375
0.457114569192618447335263454078813083469867706298828125
0.50063140654707805055068092769943177700042724609375
0.457897901230455650622985785958007909357547760009765625
0.53478738045832174829996574771939776837825775146484375
0.496318411840401096934982660968671552836894989013671875
0.409872794201304901928750723527627997100353240966796875
0.496175583722055113522486635702080093324184417724609375
0.457638080024959481573176844904082827270030975341796875
0.498637847639344655714666032508830539882183074951171875
0.45386750778285278595802765266853384673595428466796875
0.503483344253897957543131269630976021289825439453125
0.51101720089600977114940860701608471572399139404296875
0.473750263203956745172718001413159072399139404296875
0.4715548036713670398967224173247814178466796875
0.484622826826373975794837178909801878035068511962890625
0.51776403126614145566719571434077806770801544189453125
0.5003281747194876505346883277525193989276885986328125
0.487009470170637837060922947785002179443836212158203125
0.489687931127481268500645228414214216172695159912109375
0.5634376144074175751796929034753702580928802490234375
0.3876677058689057542295586245018057525157928466796875
0.4122304502861082742271037204773165285587310791015625
0.383507782556166632037530916932155378162860870361328125
0.482983220639352506253771935007534921169281005859375
0.52893173726031894599231009124196134507656097412109375
0.45227955086848148358313892458681948482990264892578125
0.466095167709705548997334290106664411723613739013671875
0.419237735270185207792081882871570996940135955810546875
0.55506744929985629699586979768355377018451690673828125
0.4742783355758664054491191564011387526988983154296875
0.44869006765616836762688990347669459879398345947265625
0.38459837840435884270817723518121056258678436279296875
0.467271274412461468106272377553978003561496734619140625
0.5347136339022682260946339738438837230205535888671875
0.511592729472467144802294569672085344791412353515625
0.4606021038573364645429819574928842484951019287109375
0.459495008657003711771693588161724619567394256591796875
0.53572451317843683415986788531881757080554962158203125
0.482586451214514766672181167450617067515850067138671875
0.40326092255512724360499987596995197236537933349609375
0.482584365024198713722825004879268817603588104248046875
0.50969072860243624933929140752297826111316680908203125
0.433325688390716556863679898015107028186321258544921875
0.4831015990557874228983337161480449140071868896484375
0.127617820860321196096975882028345949947834014892578125
0.55333622457218478718488086087745614349842071533203125
0.420553544057967465530367690007551573216915130615234375
0.46767950467284624682662297345814295113086700439453125
0.52775931883386861809270840240060351788997650146484375
0.521445285547284864691164329997263848781585693359375
0.427504921391147263420862145721912384033203125
0.52816221863700096861293786787427961826324462890625
0.340389464132956398589868740600650198757648468017578125
0.4682594744133175002076541204587556421756744384765625
0.443121434448114970283683078378089703619480133056640625
0.458737967918353251040031182128586806356906890869140625
0.4854960549243936274166344446712173521518707275390625
0.3862409113328870713388596414006315171718597412109375
0.4244354113251500582038033826393075287342071533203125
0.462336492029014056726055059698410332202911376953125
0.4619000717773837916269030756666325032711029052734375
0.461250061776770914345746632534428499639034271240234375
0.43318745146903980813846146702417172491550445556640625
0.4320505455893310919890382137964479625225067138671875
0.4796693480235021400659434220870025455951690673828125
0.445312105171137451176122112883604131639003753662109375
0.444877465916485637098531924493727274239063262939453125
0.49171914421377049819739113445393741130828857421875
0.51379906749210479954825814274954609572887420654296875
0.4221090294574711965225333187845535576343536376953125
0.416133173406326772880703401824575848877429962158203125
0.53318562494997745471181360699119977653026580810546875
0.496875872271799912116563291419879533350467681884765625
0.50331708981897838039998305248445831239223480224609375
0.47003155246114769472143279926967807114124298095703125
0.477304150859033271547815502344747073948383331298828125
0.461333522329732181876948970966623164713382720947265625
0.53896329103947959726639282962423749268054962158203125
0.467866527462300008100015702439122833311557769775390625
0.53994651540572047299093583205831237137317657470703125
0.325817274034640558255659925634972751140594482421875
0.44630220971995571144219638881622813642024993896484375
0.46094868260832588813258325899369083344936370849609375
0.50582387506754711292700221747509203851222991943359375
0.530779513864875429618450652924366295337677001953125
0.453289254073496794550379718202748335897922515869140625
0.453484673889893497022995916267973370850086212158203125
0.45947390181666969422025204039528034627437591552734375
0.5512573435818499678617854442563839256763458251953125
0.5053568272673951700113548213266767561435699462890625
0.5034904768500541027975714314379729330539703369140625
0.53218548367003581933687428318080492317676544189453125
0.534417913813636236142201596521772444248199462890625
0.496794454294182064035823032099870033562183380126953125
0.47902269382723028368076256811036728322505950927734375
0.48449412365693877990935334310051985085010528564453125
0.404281030732250912240743900838424451649188995361328125
0.429698946458618558086328675926779396831989288330078125
0.42803402257897416038900928469956852495670318603515625
0.486759692095411422574358084602863527834415435791015625
0.56749761950539101551527210176573134958744049072265625
0.49910372118415236020183556320262141525745391845703125
0.465492321377244555602459286092198453843593597412109375
0.459675712221691068481987940685939975082874298095703125
0.423070235263820426663272655787295661866664886474609375
0.5540846866727637820559948522713966667652130126953125
0.395598029302817622010479681193828582763671875
0.4646476653092823649870979352272115647792816162109375
0.55068332593230173710452390878344886004924774169921875
0.523435608757975234794912466895766556262969970703125
0.45537776078989533612428886044654063880443572998046875
0.409738175477120381007267724271514452993869781494140625
0.5882155181565675849952867793035693466663360595703125
0.50460076950969823261772262412705458700656890869140625
0.5597798681066634696179562524775974452495574951171875
0.479974585633399064565907110591069795191287994384765625
