83.9423220157623291015625
84.5081431865692138671875
84.4862515926361083984375
84.408824443817138671875
86.37697696685791015625
84.1868114471435546875
83.6036670207977294921875
82.7026920318603515625
84.6281430721282958984375
84.917944431304931640625
82.893643856048583984375
82.9918391704559326171875
84.7943170070648193359375
84.5249462127685546875
84.4328472614288330078125
85.93346500396728515625
83.6527063846588134765625
83.956429958343505859375
83.04057216644287109375
83.061420440673828125
84.6414768695831298828125
81.8458888530731201171875
82.257370471954345703125
85.0471479892730712890625
84.1442768573760986328125
84.16292572021484375
86.642888545989990234375
86.7699520587921142578125
88.162502765655517578125
85.225037097930908203125
85.525976657867431640625
86.1063873767852783203125
83.69281864166259765625
83.826037883758544921875
84.0099551677703857421875
83.7399771213531494140625
86.0174968242645263671875
86.2077090740203857421875
86.5739099979400634765625
84.49747180938720703125
85.1089246273040771484375
85.46602630615234375
84.0689461231231689453125
83.6202509403228759765625
85.6345427036285400390625
83.600646495819091796875
84.58238887786865234375
82.8977420330047607421875
83.879558086395263671875
82.5486614704132080078125
85.997959136962890625
86.3249149322509765625
82.3311765193939208984375
82.7701294422149658203125
82.760076045989990234375
84.5876286029815673828125
83.27188396453857421875
83.306487560272216796875
82.7154219150543212890625
82.67142391204833984375
84.040582180023193359375
84.9917762279510498046875
84.5705242156982421875
84.8188762664794921875
83.471757411956787109375
83.2481067180633544921875
82.4310972690582275390625
82.454559803009033203125
84.8768670558929443359375
84.3871128559112548828125
83.9928264617919921875
85.12022113800048828125
84.6298656463623046875
84.7743408679962158203125
86.0224430561065673828125
86.1591165065765380859375
85.0845954418182373046875
84.6533353328704833984375
84.1591227054595947265625
84.185593128204345703125
84.403443813323974609375
83.9631421566009521484375
83.5142457485198974609375
83.746807098388671875
403.8543984889984130859375
84.8065891265869140625
84.062699794769287109375
84.50489139556884765625
83.597383022308349609375
83.8739426136016845703125
85.353082180023193359375
84.5839293003082275390625
82.226047992706298828125
83.9554083347320556640625
84.0496270656585693359375
84.7758872509002685546875
85.041382312774658203125
85.2765276432037353515625
85.4922931194305419921875
86.411899089813232421875
83.65618610382080078125
84.05240631103515625
82.6895368099212646484375
83.655543804168701171875
87.36545085906982421875
87.18659114837646484375
86.639403820037841796875
84.02707576751708984375
84.10794353485107421875
84.429748058319091796875
84.189807415008544921875
83.7234337329864501953125
84.0517938137054443359375
84.8447959423065185546875
83.7719142436981201171875
84.1435871124267578125
82.961442470550537109375
82.98706150054931640625
84.5225150585174560546875
84.997865200042724609375
82.9331538677215576171875
86.6679461002349853515625
87.1078951358795166015625
85.2837903499603271484375
85.5489456653594970703125
83.7512133121490478515625
84.5894000530242919921875
84.7721741199493408203125
81.810383319854736328125
82.240252017974853515625
84.0794088840484619140625
84.1713511943817138671875
83.3845131397247314453125
84.0377590656280517578125
84.4262373447418212890625
84.655405521392822265625
85.2860202789306640625
84.3560941219329833984375
82.7641570568084716796875
85.5134518146514892578125
85.4927196502685546875
89.7319691181182861328125
85.129414081573486328125
84.71070766448974609375
84.6944825649261474609375
85.204074859619140625
83.7899606227874755859375
84.2026889324188232421875
84.883358001708984375
85.5870418548583984375
85.6483232975006103515625
