1344563
1695343
1521941
1432008
1536720
1480795
1679105
1704866
1601109
1476575
1371436
1587163
1561984
1819669
1625437
1754455
1543912
1502447
1370279
1449244
1385721
1565451
1604717
1647792
1571772
1414733
1506292
1384838
1396968
1491529
1307217
1472396
1680229
1450077
1389913
1902483
1628495
1941708
1534828
1379842
1471553
1546440
1720420
1630660
1382941
1799670
1505252
1438474
1654640
1434191
1316348
1606801
1444478
1610629
1720943
1574527
1641941
1590987
1512608
1429113
1467019
1670814
1302500
1443520
1429426
1644612
1384850
1461779
1703707
1640934
1446543
1438618
1337160
1423795
1675376
1527133
1402756
1700713
1446079
1605575
1536172
1533269
1594866
1617611
1342760
1550738
1505111
1649826
1558158
1411538
1441850
1323245
1621400
1520109
1548249
1499047
1490097
1584697
1616081
1522782
1500224
1234828
1399550
1472053
1541663
1448748
1308868
1522278
1548036
1427213
1322898
1583370
1326337
1608364
1575832
1476123
1683250
1545425
1390168
1441770
1405657
1546756
1523258
1475187
1471173
1588194
1585445
1413270
1441172
1479808
1687747
1406430
1374635
1397200
1358550
1433404
1483629
1486604
1388585
1488108
1747980
1463143
1450560
1598393
1522148
1425370
1552847
1378990
1298419
1350853
1495288
