0.00175168523099273449293578064356324830441735684871673583984375
0.0004119097375951241550053050222146566738956607878208160400390625
0.000307355793629540165190494604985360638238489627838134765625
0.004866103997919708767927460257851635105907917022705078125
0.0006923204596387222235776004453100540558807551860809326171875
0.00429484975175000761871135779301766888238489627838134765625
0.03978069343604147267701165446851518936455249786376953125
0.01479713575914502234065484032043968909420073032379150390625
0.00205046772112837082102654306936528882943093776702880859375
0.03668609189800918490842462915679789148271083831787109375
0.007586917418520897939127056730512776994146406650543212890625
0.058488965639844535393532254374804324470460414886474609375
0.00109998343759798444807529449462890625
0.0111713328980840749526937116797853377647697925567626953125
0.024537967727519573168937228047070675529539585113525390625
0.01521619198145344846462290178124021622352302074432373046875
0.00105185450287535796169702262403689019265584647655487060546875
0.0013780451222555711691952762265600540558807551860809326171875
0.001534429932653438334588802405278329388238489627838134765625
0.07949406428262591195466058024976518936455249786376953125
0.0019569076370680705233284779609448378323577344417572021484375
0.00132682224619202321878874695215699830441735684871673583984375
0.0037617699941620229807381914355346452794037759304046630859375
0.00099004319257801399502272321484497297205962240695953369140625
0.021583158588036895075834564750039135105907917022705078125
0.00879905057605355998828766672659185132943093776702880859375
0.0006261380898649805161471082470825422205962240695953369140625
0.088009982537478215203208264938439242541790008544921875
0.06666802700608968901274664631273481063544750213623046875
0.07103143034502863717438714274976518936455249786376953125
0.0003254846346681006426238003115258834441192448139190673828125
0.042471302198246123349445468875273945741355419158935546875
0.000715859661722788548181284351556996625731699168682098388671875
0.001790311599324923182152691225610396941192448139190673828125
0.01414139801403507638866141604694348643533885478973388671875
0.00108435012240079239366485897022585049853660166263580322265625
0.0028530276007950306459137745918042128323577344417572021484375
0.0018031966860871761863804874082006790558807551860809326171875
0.000513602761566289678883678870846551944850943982601165771484375
0.002847170438035391375197757923842800664715468883514404296875
0.000802214621799066649777965043455196791910566389560699462890625
0.000724526022095233162949312610834340375731699168682098388671875
0.026618775757960976002802766515742405317723751068115234375
0.000639539988769684025933515147954722124268300831317901611328125
0.0003909662696241867165837524655813695062533952295780181884765625
0.002213908453122712637062274865229483111761510372161865234375
0.004918360806768760397356121671919026994146406650543212890625
0.005170512972399592642458454605502993217669427394866943359375
0.002112243048613891317766277921919026994146406650543212890625
0.048693556562066080128925449344023945741355419158935546875
0.04297204473987221995390228812539135105907917022705078125
0.01293674286454916076694043880479512154124677181243896484375
0.00630627063335850897296541717196305398829281330108642578125
0.0002855385068687610501669826845727584441192448139190673828125
0.002671646339586004892385773246132885105907917022705078125
0.000856871158757712748400836577644668068387545645236968994140625
0.00020370092512166595066953889148209100312669761478900909423828125
0.00840422884910367422317545305077146622352302074432373046875
0.0378751253895461548193424050623434595763683319091796875
0.0012460384654696099980542012275464003323577344417572021484375
0.018846664554439486460868380390820675529539585113525390625
0.04102834440767764989654864393742172978818416595458984375
0.0068950684764422474903877713359179324470460414886474609375
0.00263245070702396340156514753516603377647697925567626953125
0.0049032665300182999568168185078320675529539585113525390625
0.032384667135775091484362064875313080847263336181640625
0.0002964473170868586987362902629428162981639616191387176513671875
0.00048136597593838813778643892504760515294037759304046630859375
0.0385550751537084568365543191248434595763683319091796875
0.0190185123914852725890423101873238920234143733978271484375
0.005294618170009926343133610515678810770623385906219482421875
0.0011054602550575509840868893007836959441192448139190673828125
0.001963920235575642402048313073237295611761510372161865234375
0.0253872489370405678144049232969337026588618755340576171875
0.0010309776448411867195986690859399459441192448139190673828125
0.003461130029754713212375438757817391888238489627838134765625
0.000329236853649490508570696345458372888970188796520233154296875
0.006060599451884627654474346769575276994146406650543212890625
0.0010624847213330213500925847114331190823577344417572021484375
0.01547715987311676193172171878131848643533885478973388671875
0.0048317923175636677546318509257616824470460414886474609375
0.0007311362346808891569949206967748978058807551860809326171875
0.000672574426571372952811389556160293068387545645236968994140625
0.327295517474412933633942657252191565930843353271484375
0.0015000568714458495551966610292993209441192448139190673828125
0.0010830825481389183377600726743139603058807551860809326171875
0.0030772980040637775388245866992065202794037759304046630859375
0.0083366056822706015305701754414258175529539585113525390625
0.00085920093100867235037798597119262922205962240695953369140625
0.0004699615050776628755700714545895380069850943982601165771484375
0.0119367206306196758924809131485744728706777095794677734375
0.0031202162295812740054612444140502702794037759304046630859375
0.0031894902896601709692270265605884560500271618366241455078125
0.0157473995629698049203426535314065404236316680908203125
0.004423848164151422679424285888671875
0.00100495478371158235286753068749021622352302074432373046875
0.002909920042729936644210209095717800664715468883514404296875
0.004427164959488436545009815148432608111761510372161865234375
0.0013523439105483704182619764111450422205962240695953369140625
0.003668823997140861943588863169907199335284531116485595703125
0.053275352464988830203385106187852215953171253204345703125
0.002158230770146474068738040585913040558807551860809326171875
0.00151707373122917494288885986719606080441735684871673583984375
0.001120157675177324736737194399438521941192448139190673828125
0.0010844876160263083875179290771484375
0.000676746998942689948451645332028192569850943982601165771484375
0.003172081246739253367061817101557608111761510372161865234375
0.0011084063630551099950694027285180709441192448139190673828125
0.0010688323149224744114393903515747297205962240695953369140625
0.0048586768098175525665283203125
0.057358207656070588076335781124726054258644580841064453125
0.0035399176500504835572724626757690202794037759304046630859375
0.001187436478212475741977893761713858111761510372161865234375
0.0004410073798499069956148554982888754238956607878208160400390625
0.000719086800963850657220088891108389361761510372161865234375
0.01434173448011279161651287950007827021181583404541015625
0.00071351963211782284436657253223756924853660166263580322265625
0.00195492706348886734202263681936528882943093776702880859375
0.0010579855392279569926972104809692609705962240695953369140625
0.049105981765314936360322661812460864894092082977294921875
0.0194008904974907643581349958594728377647697925567626953125
0.0024378849315689877196022816718823378323577344417572021484375
0.00179668515076627957442745309180054391617886722087860107421875
0.000862539802619721718800194221188348819850943982601165771484375
0.000508094447068288047365813842048964943387545645236968994140625
0.00564787600305862759475505896489266888238489627838134765625
0.00066788332405849355592752925048216638970188796520233154296875
0.0022813028766540811680119116289233716088347136974334716796875
0.0018874935535131954177090474189526503323577344417572021484375
0.0030722703266656027631942293965039425529539585113525390625
0.003885236769565381283186855654321334441192448139190673828125
0.000567031104874331508443330296387330236029811203479766845703125
0.0022220152325462551833046287441675303853116929531097412109375
0.28037287235260011097892629550187848508358001708984375
0.002104552251403220275438599173867260105907917022705078125
0.0116690687998197983876735861485940404236316680908203125
0.00949605855392292134975473771874021622352302074432373046875
0.0067308346624486148357391357421875
0.00323168029892258353019673933204103377647697925567626953125
0.0017132573033450172218794538281372297205962240695953369140625
0.004478265950456261808299007753930709441192448139190673828125
0.00065810387779492891813237775977540877647697925567626953125
0.01042902433080598705028574357811521622352302074432373046875
0.0004166576413263101109039909797360223819850943982601165771484375
0.0007299727962526958956190892280346815823577344417572021484375
0.00161148505023447799304470162695679391617886722087860107421875
0.00245450098533183357074616282034185132943093776702880859375
0.0008950235864904243672512951235376021941192448139190673828125
0.006195633523166180385566281785258979653008282184600830078125
0.0017172404428129083887866190849535996676422655582427978515625
0.001053583909233566338892185143549795611761510372161865234375
