0.32263965345919132232666015625
0.339250325225293580810870253117172978818416595458984375
0.32533140480518341064453125
0.30385218560695648193359375
0.329989303834736291687335096867172978818416595458984375
0.317430329509079400818194471867172978818416595458984375
0.34928465820848941802978515625
0.330926739610731601715087890625
0.29568947665393352508544921875
0.254047875292599201202392578125
0.296560402028262615203857421875
0.321181757375597898285235487492172978818416595458984375
0.29256529919803142547607421875
0.252332874573767185211181640625
0.333216947503387872497881971867172978818416595458984375
0.340975151397287790100421034367172978818416595458984375
0.32543525286018848419189453125
0.315973266959190313141192518742172978818416595458984375
0.2978927902877330780029296875
0.249273189343512002746905409367172978818416595458984375
0.308585166931152288238848768742172978818416595458984375
0.3703101761639118194580078125
0.343388753943145275115966796875
0.293513255193829480926837049992172978818416595458984375
0.30698877386748790740966796875
0.296851611696183681488037109375
0.334779185242950916290283203125
0.266954609192907810211181640625
0.341350717470049802582110487492172978818416595458984375
0.28470659069716930389404296875
0.35338301025331020355224609375
0.235255469568073694031085096867172978818416595458984375
0.342549392953514997284258924992172978818416595458984375
0.317434501834213678161944471867172978818416595458984375
0.330185846425592899322509765625
0.2844853661954402923583984375
0.348506851121783201019610487492172978818416595458984375
0.341834129765629712860430799992172978818416595458984375
0.2666219286620616912841796875
0.32299406640231609344482421875
0.323403766378760282318438612492172978818416595458984375
0.35830527730286121368408203125
0.275493575260043088714922987492172978818416595458984375
0.316957009024918079376220703125
0.33427629061043262481689453125
0.317958268336951677124346815617172978818416595458984375
0.338908837176859378814697265625
0.2928099147975444793701171875
0.317748849280178491394366346867172978818416595458984375
0.270031516440212726593017578125
0.327418254688382093231524549992172978818416595458984375
0.334281763993203584472979628117172978818416595458984375
0.308372085914015714447344862492172978818416595458984375
0.33335400186479091644287109375
0.259512101300060693542803846867172978818416595458984375
0.311742869205772876739501953125
0.328037491999566499512042128117172978818416595458984375
0.340840476565062999725341796875
0.30913571454584598541259765625
0.349465858191251699249590956242172978818416595458984375
0.342017010785639286041259765625
0.272468230687081813812255859375
0.378214078024029676239337049992172978818416595458984375
0.30477389879524707794189453125
0.311408893205225412170733534367172978818416595458984375
0.347060848958790302276611328125
0.329078040085732881347979628117172978818416595458984375
0.311479092575609683990478515625
0.255775863304734174530352674992172978818416595458984375
0.350683344528078977386797987492172978818416595458984375
0.292584965936839580535888671875
0.322005753405392114441241346867172978818416595458984375
0.330311678349971715729083143742172978818416595458984375
0.308106600306928102295245253117172978818416595458984375
0.33268971927464008331298828125
0.311433086171746198456133924992172978818416595458984375
0.301239274442195892333984375
0.283735484816133975982666015625
0.321261276490986291687335096867172978818416595458984375
0.337129088118672315399493299992172978818416595458984375
0.3135887570679187774658203125
0.314682238735258579254150390625
0.34451421163976192474365234375
0.326459937728941385071124159367172978818416595458984375
0.31805749423801898956298828125
0.304811398498713914673174940617172978818416595458984375
0.328554514795541707794512831242172978818416595458984375
0.301494771614670697967852674992172978818416595458984375
0.327555627562105600159014784367172978818416595458984375
0.275536866858601514618243299992172978818416595458984375
0.276098973117768708984698378117172978818416595458984375
0.269070288166403714935626112492172978818416595458984375
0.370667382143437806885089003117172978818416595458984375
0.35195805132389068603515625
0.274074516259133815765380859375
0.324156370945274774353350721867172978818416595458984375
0.333282673731446210663165174992172978818416595458984375
0.259639573283493518829345703125
0.336092540994286481659258924992172978818416595458984375
0.317441661842167377471923828125
0.300263729877769891540850721867172978818416595458984375
0.292705308645963613312090956242172978818416595458984375
0.32005564309656620025634765625
0.328553129918873310089111328125
0.325170514173805713653564453125
0.2682711072266101837158203125
0.295927281491458415985107421875
0.3419448919594287872314453125
0.353263293392956201355303846867172978818416595458984375
0.319207793101668302337969862492172978818416595458984375
0.3146558068692684173583984375
0.30231891758739948272705078125
0.29371018894016742706298828125
0.35116035677492618560791015625
0.358475868590176105499267578125
0.329586239531636182586993299992172978818416595458984375
0.354251091368496417999267578125
0.36375243775546550750732421875
0.312407575547695104400958143742172978818416595458984375
0.326805524528026580810546875
0.33386098034679889678955078125
0.276774418540298883240069471867172978818416595458984375
0.33196182362735271453857421875
0.366213886998593807220458984375
0.3216302730143070220947265625
0.313849234022200107574462890625
0.324046515859663486480712890625
0.30872849933803081512451171875
0.307576763443648815155029296875
0.259563421830534879486407362492172978818416595458984375
0.340190361253917217254638671875
0.311471478082239572326983534367172978818416595458984375
0.277604698203504085540771484375
0.2506667263805866241455078125
0.332404890097677707672119140625
0.298385992646217290680255018742172978818416595458984375
0.327146895229816381256426893742172978818416595458984375
0.296501485630869809906329237492172978818416595458984375
0.309950041584670488159503065617172978818416595458984375
0.338414411991834584991778456242172978818416595458984375
0.361073398031294290344561659367172978818416595458984375
0.296516580507159177582110487492172978818416595458984375
0.268704046495258808135986328125
0.317064299248158876221026503117172978818416595458984375
0.256327641196548883240069471867172978818416595458984375
0.300426962785422801971435546875
0.340403266251087188720703125
0.328792073763906900207842909367172978818416595458984375
0.316938915289938394348467909367172978818416595458984375
0.329803835600614492218340956242172978818416595458984375
0.31795597262680530548095703125
