151637439971595165
149440477014824214
161225144656711671
166233000294062558
146838097641238423
173531491908731742
165252505981662289
187223714467470520
136653871959585970
168841696977101822
136800802663639402
184051777217214740
206629636240048462
171572667250514584
138135940095270728
120736069553942239
153030911984231864
175950136575894893
186018011294658840
177243164285911555
190972147778428185
156628183344063294
178070949014387225
172041300659606822
164457301393616765
143298248465357825
151732115160772706
171517709191250402
172983281308092628
107489618444343445
193075045725199641
151315389932805938
137109920161513165
150829834336160305
159862151020374029
140814485692383546
147941039600591312
137781779373866890
161795892327661278
189091245518182166
169166105416705198
177490781909178255
140031938771347502
115980377491184270
163073074770816763
150810024894172789
166362975299637074
157338642268254530
173294266951891623
156710159928846984
137197381078992132
158402526500437836
176085061100114251
133375049970894032
152441900322253882
194816785396577196
159943429740299202
195537365061546640
162607135049276372
188667164405953418
177342447865757334
128452606791437596
159396103481491950
189505410289432145
149463547044379509
230523433503765796
178819823190492708
164421241824829693
159925428548081228
147749176404530035
180551026416519297
141724487398147206
148342294385136201
152053568893072471
154297372655894195
145173728497758969
146731911451073303
186796361150239352
167151657392804544
176674871329458641
188795233029603198
153075741589241375
166073942282221109
155695148442812398
143035114027952385
157175026610734164
173891542140619551
160079861066321346
189567695878765941
167993153694500647
145272807173575977
158751582784532840
185806486580276227
156633217490493132
198579639926164325
162696454424683108
146123404994517119
172303618641872082
168166582421401694
142507819572722071
153365287980317618
212647109189975678
170953519299890109
145677549901194994
144048030945798099
141059744355964321
169711274728886602
166614542514195784
192060897927613725
150654099876520474
150780347924980595
151206372198069799
175938292096781707
179742508091555985
154392089258409435
161480229642759771
134470586411331707
188533290135225815
151645965525258880
176421784451483810
183472415226102537
165873037143637987
176044216329727119
180042724698223583
175471893828642683
205300168295811240
175851596816361100
157838084663051705
167928332680165814
143651069073388959
192178354688541610
152166782093644873
140459551519127601
146568020997953756
162856998627223439
144782761081981645
154719279106641192
167598450899411444
160662809545487329
181813558284803310
176755305073592754
159538512554145719
170636978488215912
163574725091448975
177280983728651277
199375797906199110
152441885976336852
168935243995906366
144129522335049199
178158691394875189
170351304223431312
