13.2418625837426162661358830519020557403564453125
10.9686252753678257221281455713324248790740966796875
10.2199502507743975598941688076592981815338134765625
12.4101816822183383948186019551940262317657470703125
14.4736521582000090546671344782225787639617919921875
11.2896186267199514219328193576075136661529541015625
12.5495071210515458659529031137935817241668701171875
13.781712005108925467311564716510474681854248046875
12.721096491109658899176793056540191173553466796875
10.4345692481821288311039097607135772705078125
13.26336149385547713563937577418982982635498046875
15.8106741093778655482537942589260637760162353515625
13.2857454131822994014555661124177277088165283203125
12.644371513892540548340548411943018436431884765625
8.99894584453377177624133764766156673431396484375
12.6702140325736554160585001227445900440216064453125
10.9171445148953178971851230016909539699554443359375
11.8156967776177612705623687361367046833038330078125
13.0385112708382191470946054323576390743255615234375
12.4592613888049275061575826839543879032135009765625
13.93169416907873170430320897139608860015869140625
10.89507672958342254787567071616649627685546875
12.383153421121459558662536437623202800750732421875
13.43195362824126704026639345102012157440185546875
10.982799082428272186007234267890453338623046875
8.6529392662974284888832698925398290157318115234375
12.7113984199858123247395269572734832763671875
13.0841055886270840602492171456106007099151611328125
14.9704213352085400146052052150480449199676513671875
12.9771353123416712804782946477644145488739013671875
12.3284021037519142538485539262183010578155517578125
11.011443982047868672680124291218817234039306640625
12.201463783312846089756931178271770477294921875
13.2539639899483034923832747153937816619873046875
13.0413388052697403196589220897294580936431884765625
11.498152367749963076448693755082786083221435546875
11.5662388827892197440405652741901576519012451171875
13.0114033701129674369667554856278002262115478515625
13.68297561338719248169581987895071506500244140625
13.2146958484043022252762966672889888286590576171875
11.894777784216540084116786601953208446502685546875
11.5858224932842066579041784279979765415191650390625
10.924857471208706982679359498433768749237060546875
10.9018108412565215559197895345278084278106689453125
11.6291951252992333820657222531735897064208984375
12.0958113198674563903978196321986615657806396484375
10.2486189010335930760220435331575572490692138671875
10.8247123910013147707331881974823772907257080078125
11.42600724063786543638343573547899723052978515625
12.94686683023019213578663766384124755859375
12.6045084137422715997445266111753880977630615234375
12.25864164381372489742716425098478794097900390625
9.59332463933994716853703721426427364349365234375
10.0133396071259728188351800781674683094024658203125
10.6989512887464162105288778548128902912139892578125
13.3749464157565380872938476386480033397674560546875
12.34096463968113965847805957309901714324951171875
11.1529408668540472859831425012089312076568603515625
10.9081324158321084638600950711406767368316650390625
14.11729953472335097330869757570326328277587890625
13.3192660562517772859791875816881656646728515625
11.3068936014258323297099195769988000392913818359375
11.251002281386366377091690083034336566925048828125
14.2078815938109048744308893219567835330963134765625
12.4970869622548459432209710939787328243255615234375
10.781274862827583405078257783316075801849365234375
11.127078082701483907612782786600291728973388671875
11.6243547840316789887538106995634734630584716796875
10.4584828553621349556124187074601650238037109375
12.9861457373138140525270500802434980869293212890625
13.5590566454993979306209439528174698352813720703125
12.707572673899537818442695424892008304595947265625
11.5124567526823451402151476941071450710296630859375
12.1550628766865287389009608887135982513427734375
11.7666522808618747575337692978791892528533935546875
12.144244068764695754225613200105726718902587890625
11.1726773997186779041612680885009467601776123046875
11.6278133044892886260868181125260889530181884765625
12.369905621813206408887708676047623157501220703125
10.60892446358320029276001150719821453094482421875
10.4006042799658739994583811494521796703338623046875
13.6719689200659786365577019751071929931640625
11.0992722241617602918495322228409349918365478515625
13.48769684201740659545976086519658565521240234375
14.3129172651779157376950024627149105072021484375
10.223099024835857306925390730611979961395263671875
11.27352844493105976653168909251689910888671875
10.23090827846773009923708741553127765655517578125
11.151515315899754199335802695713937282562255859375
12.5383202166465235194436900201253592967987060546875
13.568930608892383560259986552409827709197998046875
12.1657485369359310567460852325893938541412353515625
11.6644410477413753568498577806167304515838623046875
10.7067744793406429693050085916183888912200927734375
11.1802063304429228907110882573761045932769775390625
12.5748856366580099575003259815275669097900390625
11.4887954874815161332435309304855763912200927734375
10.877585992393196789862486184574663639068603515625
12.3115101111660703026018381933681666851043701171875
10.956199366677221718191503896377980709075927734375
13.0068377499105718442251600208692252635955810546875
12.9888365158195728810142099973745644092559814453125
10.3784684581139430292751058004796504974365234375
10.37538161401420211404911242425441741943359375
10.024881720155828901397399022243916988372802734375
13.3519288242421367840506718493998050689697265625
10.9982783717489400743261285242624580860137939453125
13.456258277657855870756975491531193256378173828125
10.505176089668083250217023305594921112060546875
10.3781101729449432014007470570504665374755859375
11.20934217675267063896171748638153076171875
11.649273508993868375682723126374185085296630859375
9.16183898494320914096533670090138912200927734375
12.591212265659873281720138038508594036102294921875
11.523337361994432370693175471387803554534912109375
13.0475948091221152225216428632847964763641357421875
13.0460011653323277869276353158056735992431640625
12.5195032238079928532670237473212182521820068359375
14.03472059219645728944669826887547969818115234375
13.5360626419179741475318223820067942142486572265625
11.904185598287210012813375215046107769012451171875
12.7317249255389608464383854879997670650482177734375
12.696159285210246281394574907608330249786376953125
10.419447447666737360805200296454131603240966796875
13.2860362545290886515658712596632540225982666015625
11.485210222022498527394418488256633281707763671875
11.0934067473737485443052719347178936004638671875
14.4436312715017383112581228488124907016754150390625
12.998304788073486548682922148145735263824462890625
12.91571814076606727894613868556916713714599609375
9.7772143701374094604261699714697897434234619140625
11.8571642550053955034172759042121469974517822265625
14.1479060477043478982750457362271845340728759765625
12.6570327211804656286631143302656710147857666015625
11.149555954411329850017864373512566089630126953125
12.4398681214742818923468803404830396175384521484375
11.663379053112041816575583652593195438385009765625
12.0443972180816682993054200778715312480926513671875
10.9627224522901922654227746534161269664764404296875
11.4563033869993233793138642795383930206298828125
10.614953483525713551216540508903563022613525390625
13.229934802842535646050237119197845458984375
12.7764147496840561046838047332130372524261474609375
10.849354102663827603691970580257475376129150390625
13.8896558867374313450682166148908436298370361328125
13.3011862045288893341421498917043209075927734375
12.2632426569426797868800349533557891845703125
12.1329452909333834753624614677391946315765380859375
10.1528723299302665594723293907009065151214599609375
14.1763644357861569034184867632575333118438720703125
11.539206567054964835961072822101414203643798828125
