9.3051030635833740234375
9.2260463237762433408306605997495353221893310546875
9.4729425907134992002056605997495353221893310546875
9.7928829193115234375
9.367406368255615234375
9.3485558032989501953125
9.412160396575927734375
9.422451496124267578125
9.4293539524078351377056605997495353221893310546875
9.29792118072509765625
9.3803613185882568359375
9.3535673618316632627056605997495353221893310546875
9.49979400634765625
9.477107524871826171875
9.502240657806396484375
9.5599610805511474609375
9.6595232486724835752056605997495353221893310546875
9.1892693042755126953125
9.4106891155242919921875
9.4558010101318359375
9.281015872955322265625
9.3319263458251953125
9.4916012287139892578125
9.2596299648284912109375
9.3633038997650164247943394002504646778106689453125
8.9652862548828125
9.6606750488281232236431605997495353221893310546875
9.41669940948486328125
9.4920742511749285341693394002504646778106689453125
9.4843106269836443544818394002504646778106689453125
9.4197304248809796689556605997495353221893310546875
9.4019036293029802919818394002504646778106689453125
9.3178803920745831845806605997495353221893310546875
9.309621334075927734375
9.3165020942688006044818394002504646778106689453125
9.5396339893341064453125
9.3636529445648193359375
9.685564517974853515625
9.0095987319946271298931605997495353221893310546875
9.611595630645751953125
9.3527901172637939453125
8.9837715625762939453125
9.1835982799530047060443394002504646778106689453125
9.5624716281890886904193394002504646778106689453125
9.4749100208282488466693394002504646778106689453125
9.34511089324951171875
9.4483058452606201171875
9.443729400634765625
9.6249034404754638671875
9.688732147216796875
9.2683229446411115048931605997495353221893310546875
9.5069487094879168154193394002504646778106689453125
9.474750041961669921875
9.4636352062225341796875
9.609312534332275390625
9.3949046134948712705181605997495353221893310546875
9.7430760860443115234375
9.378108501434326171875
9.4751441478729248046875
9.4546291828155517578125
9.2666223049163818359375
9.5599658489227294921875
9.1002156734466552734375
9.529119014739990234375
9.0151865482330322265625
9.0952682495117205263568394002504646778106689453125
9.5111186504363995908306605997495353221893310546875
9.48261165618896484375
9.4379589557647705078125
9.58280086517333984375
9.3857829570770263671875
9.3087084293365478515625
9.2293417453765886904193394002504646778106689453125
9.5172336101531982421875
9.5510318279266357421875
9.4411699771881103515625
9.45672130584716796875
9.38148784637451171875
9.41736125946044921875
9.5166957378387433408306605997495353221893310546875
9.59931659698486328125
9.4869563579559326171875
9.466002941131591796875
9.5281002521514892578125
9.5913140773773193359375
9.5157251358032244326068394002504646778106689453125
9.401741504669189453125
9.4693524837493896484375
9.48620510101318359375
9.1934936046600341796875
9.3099944591522216796875
9.5015289783477783203125
9.4557588100433367372943394002504646778106689453125
9.622390270233154296875
9.314300060272216796875
9.681465625762939453125
9.2625527381896954892681605997495353221893310546875
9.7393410205841064453125
9.3503792285919207216693394002504646778106689453125
9.4377806186676043154193394002504646778106689453125
9.60504627227783203125
9.2297132015228271484375
9.6699120998382568359375
9.2804138660430908203125
9.373357295989990234375
9.138937473297119140625
9.4482510089874285341693394002504646778106689453125
9.662566661834716796875
9.5179126262664794921875
9.6969952583313006044818394002504646778106689453125
9.28475189208984375
9.3738479614257794736431605997495353221893310546875
9.427805423736572265625
9.49806976318359375
9.446054935455322265625
9.6921360492706298828125
9.530006885528564453125
9.595951557159423828125
9.67030239105224609375
9.44669437408447265625
9.5873904228210431455181605997495353221893310546875
9.3223941326141357421875
9.491024017333984375
9.6125452518463117002056605997495353221893310546875
9.6646893024444580078125
9.3538138866424560546875
9.4961421489715576171875
9.5580685138702392578125
9.204988002777099609375
9.2153851985931396484375
9.3983087539672833798931605997495353221893310546875
9.5994126796722394345806605997495353221893310546875
9.302410602569580078125
9.5695822238922119140625
9.3258070945739763857318394002504646778106689453125
9.3891084194183367372943394002504646778106689453125
9.3736360073089599609375
9.7888545989990234375
9.279213428497314453125
9.5745754241943359375
9.5801856517791765810443394002504646778106689453125
9.5665283203125
9.391391754150390625
9.36263370513916015625
9.6454954147338884951068394002504646778106689453125
9.3311839103698712705181605997495353221893310546875
9.4441013336181640625
9.5907442569732683779193394002504646778106689453125
9.1748402118682861328125
9.3859310150146484375
9.3119685649871843935443394002504646778106689453125
