44.51328349113463644926014239899814128875732421875
44.3483078479766845703125
44.388371944427490234375
44.6339933872222900390625
44.18219280242919921875
44.42159271240234375
44.2139561176300048828125
42.85078716278076171875
44.310446262359619140625
44.4781978130340576171875
44.3396689891815185546875
44.226919651031494140625
44.12514233589173073823985760100185871124267578125
44.0012729167938232421875
44.1687488555908203125
44.260493755340576171875
44.4490573406219482421875
44.502507686614990234375
44.53988552093505859375
45.0361554622650146484375
44.822438716888427734375
44.8789017200469970703125
44.9403407573699951171875
44.88310551643370871488514239899814128875732421875
44.8883082866668701171875
45.0498669147491455078125
45.0478084087371826171875
44.6853606700897216796875
44.18719959259033203125
44.347845554351806640625
44.420506000518798828125
44.9523813724517822265625
44.56579113006591796875
44.3924920558929443359375
44.595706462860107421875
44.61892414093017578125
44.59135007858277077730235760100185871124267578125
44.91329479217529296875
45.4086663722991943359375
44.8429057598114013671875
44.1642711162567138671875
43.831296443939208984375
44.2395617961883544921875
44.1388149261474609375
43.997508525848388671875
44.3258931636810302734375
44.221408843994140625
46.2654087543487548828125
43.6892654895782470703125
43.3407342433929443359375
43.8879363536834716796875
44.8535768985748291015625
44.773921966552734375
44.819183349609375
44.7736093997955322265625
44.7210209369659423828125
45.7361724376678466796875
46.0590541362762451171875
45.885448932647705078125
44.427230358123779296875
44.1027812957763671875
44.14306640625
45.6151874065399169921875
45.1445128917694091796875
44.3715164661407470703125
43.8708946704864501953125
44.3297672271728515625
43.49104523658751730863514239899814128875732421875
43.632080554962158203125
43.6648676395416259765625
43.449575901031494140625
43.7559120655059814453125
43.8928229808807373046875
43.97498607635498046875
43.9422333240509033203125
45.783270359039306640625
45.1532075405120849609375
44.8624532222747802734375
46.071770191192626953125
44.63795757293701171875
44.07022762298583984375
43.841884613037109375
43.770560741424560546875
43.3717365264892578125
43.553842067718505859375
43.1928980350494384765625
43.4229857921600341796875
44.1958382129669189453125
44.994047641754150390625
45.3967075347900390625
45.5553433895111083984375
44.123938083648681640625
44.0670340061187744140625
43.9378998279571533203125
44.1144006252288818359375
43.3999207019805908203125
43.0308735370635986328125
43.263087749481201171875
43.25736236572265625
42.4175326824188232421875
42.1722171306610107421875
43.08658504486083984375
45.15363025665283203125
44.7614748477935791015625
44.9029629230499267578125
45.6387665271759033203125
45.3093497753143310546875
45.2041378021240234375
45.18817424774169921875
44.760280132293701171875
44.911967754364013671875
44.7545635700225830078125
44.1739482879638671875
44.074356555938720703125
44.2129251956939697265625
44.2444756031036376953125
44.6046426296234130859375
43.8564231395721435546875
43.998856067657470703125
44.358918666839599609375
43.9606783390045166015625
44.08742618560791015625
44.2181451320648193359375
45.082666873931884765625
44.346742153167724609375
44.297389507293701171875
44.97061634063720703125
44.7162606716156005859375
44.64198780059814453125
44.6233127117156982421875
45.6136667728424072265625
45.944357395172119140625
45.88031911849976296480235760100185871124267578125
44.3937046527862548828125
44.53056955337525124605235760100185871124267578125
44.550525188446044921875
46.0418338775634765625
43.930839061737060546875
43.924059391021728515625
43.64621639251708984375
44.9792764186859130859375
44.36113071441650390625
44.4632933139801025390625
44.4127786159515380859375
44.9846799373626708984375
44.49691009521485085542735760100185871124267578125
43.95812320709228515625
43.7485253810882568359375
44.466754436492919921875
43.9609110355377197265625
44.2282960414886474609375
