6.39103
10.526214
8.192719
8.347626
6.446594
9.141099
9.654335
7.8983583
6.9413257
13.720393
8.674199
7.438905
6.939795
7.603413
10.029195
10.19986
8.412434
9.678749
8.035137
9.459042
9.651625
9.564984
7.387113
6.4600325
7.4116554
10.491615
7.9427433
8.167923
7.602953
9.585855
6.822031
8.247434
8.639598
9.46381
9.337322
8.4027
9.802423
9.843048
6.7338495
9.646502
5.985001
10.2092085
10.112638
7.2600503
9.281363
11.829217
8.313674
7.7391973
9.359057
7.18729
7.810574
7.4695063
9.76835
8.593443
8.111116
8.277138
6.9920897
8.866568
8.8358345
9.610458
11.580776
6.1611056
6.616927
14.829306
8.348539
9.703117
6.737475
9.183142
10.444661
9.956211
8.751493
9.389622
8.060573
10.926284
7.6508436
10.265163
8.188829
10.74424
9.16614
9.643867
9.3330345
8.690247
8.695984
7.6825714
9.249208
7.8378854
8.043148
7.57273
8.983093
14.080248
7.788306
8.255154
9.213633
6.306362
7.9391522
6.158767
16.280455
8.395172
10.4914875
8.422203
11.382928
5.8061323
9.353098
7.9079237
7.613094
9.650823
10.17028
6.2458744
8.846994
8.130304
8.286528
7.60163
7.4890995
8.763667
9.550291
8.553003
7.33191
8.381043
9.055418
6.662076
9.255857
8.917721
6.0329947
8.837603
8.678572
8.23805
7.572756
7.349392
9.450314
11.517786
6.026576
8.120322
7.5111914
8.639223
8.24766
7.380397
7.983578
10.177901
11.4676285
11.188281
9.443895
11.735272
8.228669
8.5841
10.924593
8.830322
6.93292
7.239379
5.781415
9.492181
6.8685627
