2.2511904239654541015625
2.247630834579468217526709850062616169452667236328125
2.2423150539398193359375
2.2336413860321044921875
2.2327344417572021484375
2.22059154510498046875
2.2193868160247802734375
2.2208588123321533203125
2.23444080352783203125
2.2383940219879150390625
2.2291166782379150390625
2.22553539276123046875
2.23225116729736328125
2.2219507694244384765625
2.2164838314056396484375
2.226735591888427734375
2.2061407566070556640625
2.22696399688720703125
2.209811687469482421875
2.235663890838623046875
2.2180328369140625
2.2165286540985107421875
2.210577487945556640625
2.2032470703125
2.2440891265869140625
2.281207561492919921875
2.2536919116973876953125
2.230132579803466796875
2.25231456756591796875
2.2322428226470947265625
2.2972538471221923828125
2.2285251617431640625
2.2058389186859130859375
2.1823775768280029296875
2.2159063816070556640625
2.2072613239288330078125
2.2262351512908935546875
2.183897495269775390625
2.1971416473388671875
2.2077796459197998046875
2.2132568359375
2.1884191036224365234375
2.187183856964111328125
2.1887085437774658203125
2.2425119876861572265625
2.1700074672698974609375
2.2113335132598876953125
2.1929988861083984375
2.186938762664794921875
2.184631824493408203125
2.1806790828704833984375
2.2031371593475341796875
2.1989300251007080078125
2.18756008148193359375
2.1890747547149658203125
2.1713688373565673828125
2.209846973419189453125
2.1939160823822021484375
2.2047665119171142578125
2.190809726715087890625
2.193904876708984375
2.1894824504852294921875
2.2018764019012451171875
2.180303096771239790285790149937383830547332763671875
2.2555868625640869140625
2.225280284881591796875
2.220526218414306196535790149937383830547332763671875
2.2188107967376708984375
2.227844715118408203125
2.1993825435638427734375
2.20926952362060546875
2.209072589874267578125
2.2703626155853271484375
2.2542321681976318359375
2.2568032741546630859375
2.2884185314178466796875
2.2602322101593017578125
2.24801349639892578125
2.242892742156982421875
2.2628457546234130859375
2.25046825408935546875
2.257099628448486328125
2.2305755615234375
2.2400457859039306640625
2.246318817138671875
2.2304134368896484375
2.2444427013397216796875
2.2370836734771728515625
2.2205989360809326171875
2.2162144184112548828125
2.2227344512939453125
2.2170391082763671875
2.2381994724273681640625
2.213674068450927734375
2.260659456253052201901709850062616169452667236328125
2.205753803253173828125
2.1950151920318603515625
2.200793743133544921875
2.2216036319732666015625
2.2013413906097412109375
2.20275592803955078125
2.223346710205078125
2.183121204376220703125
2.1569206714630126953125
2.169020175933837890625
2.1723320484161376953125
2.168498992919921875
2.13704013824462890625
2.1446764469146728515625
2.2268159389495849609375
2.2141053676605224609375
2.228497982025146484375
2.2311580181121826171875
2.223651409149169921875
2.2178304195404052734375
2.2331693172454833984375
2.161489009857177734375
2.152388095855712890625
2.167955875396728515625
2.15672588348388671875
2.1424343585968017578125
2.1362316608428955078125
2.152191162109375
2.2453238964080810546875
2.2146942615509033203125
2.2418115139007568359375
2.2449176311492919921875
2.264906406402587890625
2.22926998138427734375
2.2645785808563232421875
2.1884624958038330078125
2.1955549716949462890625
2.16653537750244140625
2.1855335235595703125
2.1726367473602294921875
2.173923015594482421875
2.15927886962890625
2.21297359466552734375
2.204439640045166015625
2.20341968536376953125
2.215238094329833984375
2.2188045978546142578125
2.1911818981170654296875
2.1956355571746826171875
2.256748676300048828125
2.259548187255859375
2.25105190277099609375
2.2545983791351318359375
2.2477438449859619140625
2.2573807239532470703125
2.243147373199462890625
