-0.74223716160147812370695419303956441581249237060546875
-1.0699175451357383348494067831779830157756805419921875
-0.96345339372398175470380010665394365787506103515625
-0.7143816582861237662882558652199804782867431640625
-0.625165925834638702696111067780293524265289306640625
-0.58401937144806392865348243503831326961517333984375
-0.71853524161286552729421828189515508711338043212890625
-0.8242739292566927389316333574242889881134033203125
-0.7507940121120906251661608621361665427684783935546875
-0.87871149227772360479349345041555352509021759033203125
-0.65274171363687172320311447037965990602970123291015625
-0.82332006412637415149191610908019356429576873779296875
-0.7016422421325423375293439676170237362384796142578125
-0.76683731542906041767082570004276931285858154296875
-1.01000623992061111522389182937331497669219970703125
-1.5260313439866302065439640500699169933795928955078125
-0.8703617058023251917830975799006409943103790283203125
-0.83873683736164383883959771992522291839122772216796875
-0.742157291222415249620780741679482161998748779296875
-0.91459533857018160407648110776790417730808258056640625
-0.99756437821258880926933443333837203681468963623046875
-0.73656969883200951176860371560906060039997100830078125
-1.0278298470606170855745631342870183289051055908203125
-1.1165367178638494483067233886686153709888458251953125
-0.5672186710731441650068518356420099735260009765625
-1.133365748128554617579766272683627903461456298828125
-1.620944759946765234559507007361389696598052978515625
-0.93947169356121096317480123616405762732028961181640625
-0.79798235125332916961582441217615269124507904052734375
-0.9493844527329435845075522593106143176555633544921875
-0.84137788389935364019578400984755717217922210693359375
-0.8691784590423277112591904369764961302280426025390625
-0.76415107256052883233365946580306626856327056884765625
-0.71274710681231179254524477073573507368564605712890625
-1.5885105748785708357218027231283485889434814453125
-0.6407193116502474250495424712426029145717620849609375
-0.8033697037255222994645009748637676239013671875
-0.90584197594624538130148039272171445190906524658203125
-0.86679218978589223087993786975857801735401153564453125
-0.8675648133080848811715668489341624081134796142578125
-1.0044666164048152712240380424191243946552276611328125
-1.351806144480913740579808290931396186351776123046875
-0.795840612493257548720748673076741397380828857421875
-0.93384825048568942396087777524371631443500518798828125
-0.91262947636493618741582167785963974893093109130859375
-1.13739293593218793176902181585319340229034423828125
-1.0068823275838114650326815535663627088069915771484375
-0.822157681744677848456603896920569241046905517578125
-0.637678374908909884055674410774372518062591552734375
-0.7987214890835787617362484525074250996112823486328125
-0.656703731757570352556285797618329524993896484375
-0.7795526212977204050247337363543920218944549560546875
-0.87938722052686524310871618581586517393589019775390625
-0.7540183057921792109112857360742054879665374755859375
-0.66283970728008612116610720477183349430561065673828125
-0.5790585225629214516374076993088237941265106201171875
-0.79953839888318378736897784619941376149654388427734375
-0.81573019994012263556015795984421856701374053955078125
-0.90395276890145137560494958961498923599720001220703125
-1.0852844616710353164990010554902255535125732421875
-0.8039825035580701051429741710308007895946502685546875
-0.9925520472264472982004690493340604007244110107421875
-0.81922991983487880585101947872317396104335784912109375
-0.87683535707205617626414095866493880748748779296875
-0.84767014420174080502334845732548274099826812744140625
-0.615621236901545909603328254888765513896942138671875
-0.71122527907285937320835955688380636274814605712890625
-0.83675357346289558346796866317163221538066864013671875
-1.151413219848832714120590026141144335269927978515625
-0.97187975974789864164193886608700267970561981201171875
-0.88863748849953905217802230254164896905422210693359375
-1.24347376530035536035256882314570248126983642578125
-0.89172979530634621792017924235551618039608001708984375
-0.86645820859240185729532868208480067551136016845703125
-0.8076608963673432839414090267382562160491943359375
-0.89624874235426521540404110055533237755298614501953125
-0.82226441811996753283864336481201462447643280029296875
-0.952980263973068897342955096974037587642669677734375
-0.68061284847844538692385185640887357294559478759765625
-1.045587759383658887912815771414898335933685302734375
-0.92895828433470628571200222722836770117282867431640625
-0.7026437258632967086668941192328929901123046875
-0.86053025281859152340047103280085138976573944091796875
-1.0470546367760935613233641561237163841724395751953125
-0.8885446031527954868778351738001219928264617919921875
-0.71442647975164685902882411028258502483367919921875
-0.8491732143658572429245623425231315195560455322265625
-0.9063856932716287673201804864220321178436279296875
-1.0491389613332231522946358381886966526508331298828125
-0.59556742153475095147285856000962667167186737060546875
-0.8640614418583389966244112656568177044391632080078125
-0.76262318495988601352308933201129548251628875732421875
-0.874519377561859823089207566226832568645477294921875
-1.0708163315086303146728141655330546200275421142578125
-0.90813310138772418422803411885979585349559783935546875
-0.846136749990551439992714222171343863010406494140625
-0.943341342353590572855637219618074595928192138671875
-0.7253494208561404033019925918779335916042327880859375
-0.79127304555039745803668438384192995727062225341796875
-0.91112271354409879453584153452538885176181793212890625
-0.93151458980645884810911638851393945515155792236328125
-0.84971270690560041227712417821749113500118255615234375
-0.90060545530587210460993219385272823274135589599609375
-1.128605181003020430097194548579864203929901123046875
-0.96031795792332363959076246828772127628326416015625
-1.1249813405086630524465363123454153537750244140625
-0.68253213413965874156730251343105919659137725830078125
-0.895021083860719546265727331046946346759796142578125
-0.792624960220608354433124986826442182064056396484375
-1.1095126009511375730909321646322496235370635986328125
-0.86675583513996923290534368788939900696277618408203125
-0.8540315650498786492761382760363630950450897216796875
-0.87358637804153393968675800351775251328945159912109375
-0.77874918195378206586809710643137805163860321044921875
-1.0543908367294763106514210448949597775936126708984375
-0.77218609814265715129977252217940986156463623046875
-1.277194004437115726346974042826332151889801025390625
-0.91471490885341621979165438460768200457096099853515625
-0.78276086308323289397748112605768255889415740966796875
-0.83275973409230541477654696791432797908782958984375
-0.9535877246170476606579313738620840013027191162109375
-0.787077583187494322913835276267491281032562255859375
-0.81044134700761361056464693319867365062236785888671875
-0.9202069721612466945970254528219811618328094482421875
-0.8312680640784664287679106564610265195369720458984375
-0.83111015385487363449357189892907626926898956298828125
-1.1659253856701690121866477056755684316158294677734375
-0.80158280820767846552854507535812444984912872314453125
-0.56591902696093254743203715406707488000392913818359375
-0.9982101056142325123943237485946156084537506103515625
-0.95593972720518805008538265610695816576480865478515625
-0.69691291889251660851556380293914116919040679931640625
-0.691035906141339584252136774011887609958648681640625
-0.671316927917551264926032672519795596599578857421875
-0.822526842823458448350493199541233479976654052734375
-0.78037692451817963767979335898417048156261444091796875
-0.6992323705331717764721588537213392555713653564453125
-0.87789606498596317596394555948791094124317169189453125
-0.76374470879093314668040193282649852335453033447265625
-0.81498084150318683693825505542918108403682708740234375
-0.80691070968910583172117867434280924499034881591796875
-0.8318958364242210468120219957199878990650177001953125
-0.76844718556113356111580969809438101947307586669921875
-0.65908799865993150657317301011062227189540863037109375
-0.74677649192504602648767786376993171870708465576171875
-0.92242030667284258260707474619266577064990997314453125
-0.89345007306988388773305587164941243827342987060546875
-0.73221197253953695938122336883679963648319244384765625
-0.95406891032415541697986327562830410897731781005859375
-0.576317762537230660058185094385407865047454833984375
-0.91745973059004215510725543936132453382015228271484375
