0.366133198384018088145097635788260959088802337646484375
0.4316721249313617558840405763476155698299407958984375
0.5353020639948429248988759354688227176666259765625
0.407478765991270808211055509673315100371837615966796875
0.356022835721634012262626356459804810583591461181640625
0.46043101851724876905080918731982819736003875732421875
0.282458278114740057862519506670651026070117950439453125
0.2307272802279100865074923376596416346728801727294921875
0.450628813979282616397625815807259641587734222412109375
0.36489168031715146778282132800086401402950286865234375
0.4596328767060893216722661236417479813098907470703125
0.42749631333143833789023346980684436857700347900390625
0.5390253529860713488375267843366600573062896728515625
0.28706985525102568512778589138179086148738861083984375
0.25510383633616751097861197195015847682952880859375
0.400110230886430995322911030598334036767482757568359375
0.5042401592893976935982891518506221473217010498046875
0.317444919697087823973191689219675026834011077880859375
0.479422706467949932829242243315093219280242919921875
0.62100614296917455714464040283928625285625457763671875
0.5023044188958951661305718516814522445201873779296875
0.4101384796872247218146867453469894826412200927734375
0.2383487278856535329651933352579362690448760986328125
0.30123019409233042775753119713044725358486175537109375
0.4263280634832355975305517858942039310932159423828125
0.5059508904992118250021349012968130409717559814453125
0.427568982908031636203105563254212029278278350830078125
0.62870482658041637602508444615523330867290496826171875
0.40226544183561785406055832936544902622699737548828125
0.383347594089096521674520090527948923408985137939453125
0.486273722602699909334234007474151439964771270751953125
0.302860374711102109390736814020783640444278717041015625
0.384075144889486852495252833250560797750949859619140625
0.4312894042397636962249407588387839496135711669921875
0.479001910364304617218067505746148526668548583984375
0.2597434105755114241986802881001494824886322021484375
0.34587049383438783767275026548304595053195953369140625
0.195984010006175102258652032105601392686367034912109375
0.500478729464699956253070922684855759143829345703125
0.437733578317253402278907969957799650728702545166015625
0.57618998532101584064690769082517363131046295166015625
0.314780561216641163735374675525235943496227264404296875
0.32522533236680661872242126264609396457672119140625
0.51349560945677474865789235991542227566242218017578125
0.422528863620807715317795327791827730834484100341796875
0.292869433313631855053671415589633397758007049560546875
0.405463611476411245337914124320377595722675323486328125
0.43924882791550612370912176629644818603992462158203125
0.364575868475632336451752735229092650115489959716796875
0.468933521609239123417722794329165481030941009521484375
0.479199705813474874371848954979213885962963104248046875
0.362126705632090539754841529429540969431400299072265625
0.445262981132642565729184980227728374302387237548828125
0.2938790475152244230372389210970140993595123291015625
0.34186477126965097994570896844379603862762451171875
0.243478147329389604802685198592371307313442230224609375
0.365244634408067481157189604346058331429958343505859375
0.396930068645623801426580712359282188117504119873046875
0.3448595348850538311324953610892407596111297607421875
0.325697508240987920746789541226462461054325103759765625
0.39483599634157651170340841417782939970493316650390625
0.419244507271668231940253690481767989695072174072265625
0.54893192878082464059019685009843669831752777099609375
0.235336254443794079538321284417179413139820098876953125
0.496940140150166909105422519132844172418117523193359375
0.439156482021382299496536916194600053131580352783203125
0.406972475182969584128755968777113594114780426025390625
0.449830746813663029382013291979092173278331756591796875
0.467199451856798564364225967437960207462310791015625
0.348017187520773874087609556227107532322406768798828125
0.3474879027738360104393677829648368060588836669921875
0.453425256949944233131333248820737935602664947509765625
0.391068647518254486339372988368268124759197235107421875
0.433395733038333397235675192860071547329425811767578125
0.52707564567120168685931957952561788260936737060546875
0.47708134966889070849305198862566612660884857177734375
0.45289686860371236587496923675644211471080780029296875
0.5219013782569870141259116280707530677318572998046875
0.3315892896716075011198654465260915458202362060546875
0.499666760713801061388750213154708035290241241455078125
0.34351663891503758652135047668707557022571563720703125
0.49159015503692471416030684849829412996768951416015625
0.349345443928806620448312969529069960117340087890625
0.47979757961723701331635538736009038984775543212890625
0.4669932301052279743913686615996994078159332275390625
0.398555362192902939977301457474823109805583953857421875
0.429171059157966550134943872762960381805896759033203125
0.36852633418776548079875965413521043956279754638671875
0.347510688179296145516872229563887231051921844482421875
0.458165171868276488442717209181864745914936065673828125
0.5110235614876785792404234598507173359394073486328125
0.491236119540585158826928591224714182317256927490234375
0.457727383679547961126132804565713740885257720947265625
0.415751728296428646469706791322096250951290130615234375
0.444817618903822431519756719353608787059783935546875
0.44309801554777161758380543687962926924228668212890625
0.31704429289701241412302579192328266799449920654296875
0.270098494248302734010991343893692828714847564697265625
0.3584587362482036798638773689162917435169219970703125
0.4706225817245759390772263941471464931964874267578125
0.3643690528445631127141268734703771770000457763671875
0.43206158458174137582119556100224144756793975830078125
0.49825952527868666575017186914919875562191009521484375
0.3239367500288385937068369457847438752651214599609375
0.58932709217108747434821225397172383964061737060546875
0.521202167466796151273911164025776088237762451171875
0.334044206993723336029944448455353267490863800048828125
0.314871076321424692157080471588415093719959259033203125
0.334659617369638950901133966908673755824565887451171875
0.36625957783020712810184704721905291080474853515625
0.450991195468330108298005143296904861927032470703125
0.352076409897891406952652459949604235589504241943359375
0.41582046309758091684471992266480810940265655517578125
0.33669263676333527346429264071048237383365631103515625
0.459235591220152394864584266542806290090084075927734375
0.356049754967366960389796304298215545713901519775390625
0.189401651268318926835121374097070656716823577880859375
0.303031446770385404221315184258855879306793212890625
0.381821795278290299080481418059207499027252197265625
0.448955582081136450600666876198374666273593902587890625
0.55736174862619025649479453932144679129123687744140625
0.341085794782942652858537257998250424861907958984375
0.482324719342159202728481659505632705986499786376953125
0.43098856501519033912472878000698983669281005859375
0.303274025783060341421304428877192549407482147216796875
0.43385710892171747143919446898507885634899139404296875
0.25612939520693533967943267271039076149463653564453125
0.39360299975938384253737467588507570326328277587890625
0.360234093494316065520166603164398111402988433837890625
0.30272647879854031049973173139733262360095977783203125
0.356134588515814254350289047579281032085418701171875
0.513291734290401091556077517452649772167205810546875
0.279397008652949363494144563446752727031707763671875
0.345637135632841874244292057483107782900333404541015625
0.2866781452161719645488346941419877111911773681640625
0.456689377280860731023182097487733699381351470947265625
0.339553361358443606121682023513130843639373779296875
0.38919439337468186845825357522699050605297088623046875
0.472437033322388122424939638221985660493373870849609375
0.3108358511824480530094660934992134571075439453125
0.405628618346188629661952518290490843355655670166015625
0.482470412336085507920557802208350040018558502197265625
0.464218836045597382788940876707783900201320648193359375
0.406250596139685560270748965194798074662685394287109375
0.2478520236590426584211144245273317210376262664794921875
0.330883413514930502241639942440087907016277313232421875
0.3687565242543555665832855083863250911235809326171875
0.41935673867270117920469374439562670886516571044921875
0.42712379486342244572227855314849875867366790771484375
0.394816558655694482826703506361809559166431427001953125
0.379874685978668080732489897854975424706935882568359375
