0.000543926032114541192774570532719735638238489627838134765625
0.000552636978827649697106061399409782097791321575641632080078125
0.0020242628012783823836240326698998615029267966747283935546875
0.000837492693681269879772688380370482263970188796520233154296875
0.00106935052666813136014456464550903547205962240695953369140625
0.00129151613800786439940904148926392736029811203479766845703125
0.0012958388711558654383948496757739121676422655582427978515625
0.000833072549430653448536421290526732263970188796520233154296875
0.000872321721690241217057881772944938347791321575641632080078125
0.0011327745264861732547856387753881790558807551860809326171875
0.00114949254202656447887420654296875
0.00533581912750378216381275109370108111761510372161865234375
0.0007461839754250832422444172919995253323577344417572021484375
0.00109210286493180322268947701758179391617886722087860107421875
0.000490853321171016401987252653071891472791321575641632080078125
0.001102907283930107916469776085932608111761510372161865234375
0.0014837254746817053752128146015820675529539585113525390625
0.0014504876127466558022316434062304324470460414886474609375
0.000566410309111233835344112463872079388238489627838134765625
0.0028390677651623265342895052754101925529539585113525390625
0.0016629172928514890199280795712866165558807551860809326171875
0.00113140569766983383782898986424925169558264315128326416015625
0.00115721282083541148789918029393675169558264315128326416015625
0.00099778453586623076961015232910767736029811203479766845703125
0.0011407800589222460811711368222631790558807551860809326171875
0.000517272683646297060620911079098505069850943982601165771484375
0.000521116193704074226987488227536005069850943982601165771484375
0.00108981946483254431810860918261596452794037759304046630859375
0.001589275859296321834202014855463858111761510372161865234375
0.00061593604026711546751970960400512922205962240695953369140625
0.00094693201943300657486002336327146622352302074432373046875
0.000644226200529374160540230231930536319850943982601165771484375
0.000621386701968731328289685666987907097791321575641632080078125
0.002512181636411696394883819039023364894092082977294921875
0.00161659543868154288205618573925903547205962240695953369140625
0.00127286446862854055704639133494993075146339833736419677734375
0.0010074907809030264789484920839868209441192448139190673828125
0.0017328243446536363558951876484570675529539585113525390625
0.0005823865007550921811529942573315565823577344417572021484375
0.001649395598215050960655414513666983111761510372161865234375
0.0011036955169402063760275556347778547205962240695953369140625
0.007317321011796593978326885832075276994146406650543212890625
0.0016052862169453874750801869453198378323577344417572021484375
0.002107104078168049558772434437514675664715468883514404296875
0.00089045971632003791985943141895631924853660166263580322265625
0.00058221529252477921545505523681640625
0.00162516733515076332305948625389646622352302074432373046875
0.00053312141491915101924881081885132516617886722087860107421875
0.00116626279312185936187784562889646622352302074432373046875
0.0010124437580816447908305111269555709441192448139190673828125
0.0012392117781564594529430944902514966088347136974334716796875
0.0013795635930728168683234713398633175529539585113525390625
0.0014530834346078336412333431582055709441192448139190673828125
0.0016371367708779872851554415547070675529539585113525390625
0.000733398300653789205448551680177615708089433610439300537109375
0.00161369038512930267070810685936521622352302074432373046875
0.0012786153805791401240343763134887922205962240695953369140625
0.0011910104076378047466278076171875
0.0016099234088324011759940646015820675529539585113525390625
0.0013029795046895741028603055156054324470460414886474609375
0.0017697935923933981981759355761596452794037759304046630859375
0.00130485681467689567693268859471800169558264315128326416015625
0.0009177128644660115762421437324292128323577344417572021484375
0.00180763251613825560483450605175903547205962240695953369140625
0.00116402128129266201582436845995971452794037759304046630859375
0.0013135269214399158781148013730444290558807551860809326171875
0.001392024331726133927478183949233425664715468883514404296875
0.00132268106448464096459860517285278547205962240695953369140625
0.00119584489380940794077401445605346452794037759304046630859375
0.0012673039769288151935866526542895371676422655582427978515625
0.00188279463443905112525478262597289358382113277912139892578125
0.00104402895085513596103166111817017736029811203479766845703125
0.000594702850939938750841895487297961153672076761722564697265625
0.000566710402490571145579789646973267736029811203479766845703125
0.00103962585970293727895275015526976858382113277912139892578125
0.000535663186456076839854489879400034624268300831317901611328125
0.00688799865893088315849102087895516888238489627838134765625
0.00202550338348373749897124440622064867056906223297119140625
0.000903126797638833535807056929201053208089433610439300537109375
0.000570223962276941200022495337407235638238489627838134765625
0.0009753491217270493680857601503930709441192448139190673828125
0.000534425270743668092386646772951053208089433610439300537109375
0.000544118919497122983768011561522826013970188796520233154296875
0.000503299822448752785797321251948233111761510372161865234375
0.00094946437093312852084636688232421875
0.000574277715786593073894750194341440874268300831317901611328125
0.0010551941927406005734824123720727584441192448139190673828125
0.00146424140082672231411020646874021622352302074432373046875
0.0010880758531857282096766414980493209441192448139190673828125
0.0009606076078489422277739695488207871676422655582427978515625
0.000591650695569114772574825789064334458089433610439300537109375
0.0013548591779544948143776394999804324470460414886474609375
0.00153073181165382272983510603125978377647697925567626953125
0.00095669295769766908750508793701783361029811203479766845703125
0.000561710617912467599470438539555061652208678424358367919921875
0.000548731735907494991462407529780875847791321575641632080078125
0.000618183054612018154962138627439571791910566389560699462890625
0.00063960765663068747631514465723512330441735684871673583984375
0.0011171911179553716160495202558422533911652863025665283203125
0.00173064812290249394992336373633179391617886722087860107421875
0.000763037001597695004918853189934679903672076761722564697265625
0.0006444877362810075283050537109375
0.00173776886891573666658883379199096452794037759304046630859375
0.00064401876879855986073042384276732263970188796520233154296875
0.00085466130869463088730320077246460641617886722087860107421875
0.005373618939192965730800022328139675664715468883514404296875
0.00090963661088608207920536141699585641617886722087860107421875
0.00125897819641977541660349260155271622352302074432373046875
0.000988721726462245091571201527358425664715468883514404296875
0.001200688357930630549563755238295925664715468883514404296875
0.0011698840884491802129263593457153547205962240695953369140625
0.001442511603236198459987438269536141888238489627838134765625
0.00135219637799309576157991141798220269265584647655487060546875
0.0014030217274557800315182287675952466088347136974334716796875
0.00116645129921380433062061410254273141617886722087860107421875
0.00173407745314762000606034764160767736029811203479766845703125
0.000840052413986995820567582615723267736029811203479766845703125
0.00137304155388847000385244001563478377647697925567626953125
0.000883569602883653762957771871100476346327923238277435302734375
0.00167032660217955705901637930566039358382113277912139892578125
0.000528895117749925733167948305180061652208678424358367919921875
0.0011720792495179921215153751035131790558807551860809326171875
0.00539187424350529888317229421090814867056906223297119140625
0.0013137445168104021353538968241991824470460414886474609375
0.00054381896989070806040789118895872888970188796520233154296875
0.00514098869636654860759694685157228377647697925567626953125
0.000945893072057515395777149702638553208089433610439300537109375
0.000520814768678974399258863048345347124268300831317901611328125
0.0010466109693516045288375071464770371676422655582427978515625
0.0013784227217547594980529002128832871676422655582427978515625
0.00096161729306913916633103855957642736029811203479766845703125
0.00145648177916882551850841220897336825146339833736419677734375
0.000546389871451538090829647131840829388238489627838134765625
0.001525858396198600565318859167973641888238489627838134765625
0.0007225815801939461900660344184643690823577344417572021484375
0.00118478064425289633491977792090210641617886722087860107421875
0.00129359451355412599822536368066039358382113277912139892578125
0.00167879056418314583087880720313478377647697925567626953125
0.00123343471554107956232593235057493075146339833736419677734375
0.002224640564527362307511992867148364894092082977294921875
0.00125855764490552242233778468261107263970188796520233154296875
0.0008811812254134565418339786191381790558807551860809326171875
0.00081079454859718687320668806250978377647697925567626953125
0.00115454453160054979106441397362914358382113277912139892578125
0.00185385199496522555355493278028689019265584647655487060546875
0.00117910705623216929653629403418335641617886722087860107421875
0.0007749557285569607691100291191332871676422655582427978515625
0.0068694174219854180207800453672462026588618755340576171875
0.0007838696351973339394858530937426621676422655582427978515625
0.0006161691635497845709323883056640625
0.001361210534814745291842807972670925664715468883514404296875
