0.099235236644744873046875
0.079860031604766845703125
0.10810029506683349609375
0.08557033538818359375
0.07762444019317626953125
0.09805011749267578125
0.106772482395172119140625
0.09220981597900390625
0.08835947513580322265625
0.083254337310791015625
0.0748913288116455078125
0.10516655445098876953125
0.086335837841033935546875
0.079083502292633056640625
0.093471825122833251953125
0.092031538486480712890625
0.108786284923553466796875
0.10117065906524658203125
0.0739257335662841796875
0.1026241779327392578125
0.125063955783843994140625
0.079245984554290771484375
0.1147401332855224609375
0.095225632190704345703125
0.097633183002471923828125
0.10486423969268798828125
0.0783216953277587890625
0.095683872699737548828125
0.087674200534820556640625
0.12512910366058349609375
0.0895645618438720703125
0.0746796131134033203125
0.115378856658935546875
0.1042487621307373046875
0.11223447322845458984375
0.102127552032470703125
0.0673024654388427734375
0.111103475093841552734375
0.109630763530731201171875
0.107117712497711181640625
0.10573303699493408203125
0.094671905040740966796875
0.08943939208984375
0.078051626682281494140625
0.085107147693634033203125
0.115806400775909423828125
0.08731448650360107421875
0.076589047908782958984375
0.1118795871734619140625
0.1322720050811767578125
0.070443332195281982421875
0.09771764278411865234375
0.09589385986328125
0.075873911380767822265625
0.0985405445098876953125
0.081316769123077392578125
0.086765468120574951171875
0.1034529209136962890625
0.104974925518035888671875
0.1031482219696044921875
0.119109928607940673828125
0.087941586971282958984375
0.09512126445770263671875
0.0865252017974853515625
0.078018963336944580078125
0.10120832920074462890625
0.079112112522125244140625
0.137130439281463623046875
0.08175027370452880859375
0.07691133022308349609375
0.097542703151702880859375
0.073089599609375
0.0719242095947265625
0.0898272991180419921875
0.111576735973358154296875
0.099450588226318359375
0.092247068881988525390625
0.10295391082763671875
0.0823485851287841796875
0.12192070484161376953125
0.093842566013336181640625
0.09401023387908935546875
0.108653366565704345703125
0.112208545207977294921875
0.078189432621002197265625
0.091940402984619140625
0.086046993732452392578125
0.0826303958892822265625
0.098846852779388427734375
0.13882923126220703125
0.096657693386077880859375
0.0958430767059326171875
0.097701609134674072265625
0.0828106403350830078125
0.1131732463836669921875
0.08720123767852783203125
0.11797130107879638671875
0.071985304355621337890625
0.078330516815185546875
0.0795753002166748046875
0.074407875537872314453125
0.070468425750732421875
0.087115228176116943359375
0.100782871246337890625
0.097451269626617431640625
0.08005523681640625
0.086789429187774658203125
0.090155780315399169921875
0.0797212123870849609375
0.0823719501495361328125
0.096457540988922119140625
0.119616210460662841796875
0.09053552150726318359375
0.11577427387237548828125
0.08751499652862548828125
0.103921711444854736328125
0.063190400600433349609375
0.077315747737884521484375
0.076204597949981689453125
0.080701649188995361328125
0.09158670902252197265625
0.1057827472686767578125
0.08607375621795654296875
0.113942623138427734375
0.10238182544708251953125
0.119860112667083740234375
0.11131191253662109375
0.099559783935546875
0.12282431125640869140625
0.072141170501708984375
0.098771393299102783203125
0.100591719150543212890625
0.07515752315521240234375
0.088717401027679443359375
0.083442866802215576171875
0.11260128021240234375
0.078689515590667724609375
0.09316742420196533203125
0.11953830718994140625
0.081154644489288330078125
0.085005462169647216796875
0.09864795207977294921875
0.075338840484619140625
0.101233541965484619140625
0.076977312564849853515625
0.05847060680389404296875
0.073282420635223388671875
0.092869579792022705078125
0.082493305206298828125
0.094659507274627685546875
0.10429394245147705078125
