98.998382568359375
103.41333770751953125
97.05724334716796875
105.47016143798828125
106.83892822265625
93.33624267578125
108.563446044921875
112.0623626708984375
102.6631317138671875
101.9528656005859375
99.8014373779296875
96.4315032958984375
99.55865478515625
92.55901336669921875
101.90509033203125
103.35066986083984375
103.4723358154296875
93.724212646484375
94.648681640625
95.0071563720703125
94.7725982666015625
95.49485015869140625
92.9593505859375
100.6944427490234375
102.457489013671875
98.5815887451171875
94.172332763671875
99.378570556640625
90.73972320556640625
110.54120635986328125
85.3562164306640625
94.6584320068359375
98.7460784912109375
97.22939300537109375
95.0413665771484375
107.58318328857421875
95.301300048828125
129.26947021484375
95.5518341064453125
85.9373016357421875
100.7595062255859375
96.9566497802734375
97.59857177734375
92.070831298828125
91.34747314453125
93.75396728515625
99.64664459228515625
84.63719940185546875
101.206695556640625
95.19597625732421875
88.3178558349609375
87.56365966796875
96.70233917236328125
100.291473388671875
85.659149169921875
95.5352020263671875
88.1575469970703125
103.46091461181640625
93.429840087890625
117.5569915771484375
92.47406005859375
95.5699310302734375
96.759979248046875
107.413330078125
88.442352294921875
92.7621612548828125
92.7945404052734375
95.35007476806640625
95.210968017578125
106.4166412353515625
106.9889678955078125
92.00567626953125
86.303070068359375
99.11818695068359375
90.668212890625
97.081817626953125
91.56401824951171875
98.675811767578125
106.6611785888671875
96.60749053955078125
93.9992828369140625
103.52728271484375
99.3726959228515625
109.3506622314453125
93.89826202392578125
96.8881683349609375
105.39794921875
94.8424530029296875
94.7327117919921875
100.2541046142578125
92.10302734375
100.445098876953125
103.3314666748046875
105.0743865966796875
102.9582977294921875
88.17008209228515625
95.4380950927734375
90.01796722412109375
87.103302001953125
99.29198455810546875
101.30951690673828125
90.818023681640625
88.3158416748046875
99.20630645751953125
95.867340087890625
95.8688201904296875
95.3327178955078125
94.420501708984375
86.4515838623046875
98.07932281494140625
83.66922760009765625
93.87607574462890625
88.49664306640625
107.71617889404296875
99.81082916259765625
100.07845306396484375
97.0465545654296875
104.31159210205078125
98.649444580078125
93.439727783203125
102.6237945556640625
99.7975616455078125
101.856414794921875
104.4881134033203125
100.6182708740234375
106.7292938232421875
104.27048492431640625
103.396881103515625
90.9505767822265625
95.17557525634765625
103.6231689453125
85.86181640625
86.06351470947265625
95.4600677490234375
97.1505889892578125
99.060394287109375
91.5767822265625
98.58709716796875
97.14715576171875
95.98609161376953125
100.4789886474609375
97.1890106201171875
87.42249298095703125
93.9983673095703125
92.00185394287109375
91.77457427978515625
88.1022491455078125
95.601318359375
100.99423980712890625
94.34417724609375
96.0058746337890625
