0.30675663955149679029688059017644263803958892822265625
0.321328341419849616844572892659925855696201324462890625
0.32694718218861640313122052248218096792697906494140625
0.374192839097949703219825323685654439032077789306640625
0.304530541712277502686134766918257810175418853759765625
0.321209954789279883424768513577873818576335906982421875
0.332186872148769907209242546741734258830547332763671875
0.355061836739937686235890623720479197800159454345703125
0.261612983067468773956676386660546995699405670166015625
0.321184586542523298202667092482442967593669891357421875
0.279499644047269513169595711588044650852680206298828125
0.330364095347023101201244799085543490946292877197265625
0.34433756999075681992650288520962931215763092041015625
0.326392832788567399671109114933642558753490447998046875
0.319212032521553890074272885613027028739452362060546875
0.26713268185856209324668952831416390836238861083984375
0.30204953248431609669211184154846705496311187744140625
0.323116318971570226636913503170944750308990478515625
0.372614538353714885854373051188304089009761810302734375
0.30405997688865138428582213236950337886810302734375
0.348497929574916209816137779853306710720062255859375
0.337252373688501305704079413771978579461574554443359375
0.368603241380042578878573067413526587188243865966796875
0.349482513806845085380103910210891626775264739990234375
0.30705419800006639174938527503400109708309173583984375
0.272011052057628377465192670570104382932186126708984375
0.340797012288038103644538523440132848918437957763671875
0.34009781627785928836971152122714556753635406494140625
0.352193928953506485424185257215867750346660614013671875
0.24513353824894490440300387490424327552318572998046875
0.33210822873499667995389472707756794989109039306640625
0.320973291858303311219202669235528446733951568603515625
0.293245892094041782360847037125495262444019317626953125
0.326283979484025987716222516610287129878997802734375
0.3263274158546309866579804292996414005756378173828125
0.275346856016276897438643800342106260359287261962890625
0.284777681869198773245699385370244272053241729736328125
0.3025536936402060117501378044835291802883148193359375
0.318381151259825301291783716806094162166118621826171875
0.343633082449297688754086266271770000457763671875
0.325091534640744583839477854780852794647216796875
0.3190658849290854970348618735442869365215301513671875
0.281321987028247677553594030541717074811458587646484375
0.260598356732393676704617746509029529988765716552734375
0.347883678308370691834028320954530499875545501708984375
0.346495190604986402771459097493789158761501312255859375
0.371231391981251490630455691643874160945415496826171875
0.324351809689985282059154769740416668355464935302734375
0.3430419424454724808271066649467684328556060791015625
0.33917346669218328969463982502929866313934326171875
0.28635376161280279294629735886701382696628570556640625
0.315916468733990873918315855917171575129032135009765625
0.3466658422457145061201799762784503400325775146484375
0.287224611631833492975118815593305043876171112060546875
0.318877416970130500573077370063401758670806884765625
0.359055603405276924089406520579359494149684906005859375
0.309149182256068522089975658673211000859737396240234375
0.374521175127001393345693713854416273534297943115234375
0.330100338188596575950128908516489900648593902587890625
0.387377112614600616069537863950245082378387451171875
0.338899405627941685548165651198360137641429901123046875
0.263089247922087487996378740717773325741291046142578125
0.30623351603071269355638150955201126635074615478515625
0.333863786045825394754871240365901030600070953369140625
0.326245134070093978362336883947136811912059783935546875
0.405903848903757913380019317628466524183750152587890625
0.328088523959514599681597246672026813030242919921875
0.32672841610322389538367815475794486701488494873046875
0.3339715032520971238483298293431289494037628173828125
0.311346134256447915067411713607725687325000762939453125
0.354045506029439405182301925378851592540740966796875
0.325783313737177782076770427011069841682910919189453125
0.335080797857119583316176658627227880060672760009765625
0.30367051679926537754994342321879230439662933349609375
0.3032972159717230997699743966222740709781646728515625
0.298769995934167809092940615300904028117656707763671875
0.316327721508042503106850062977173365652561187744140625
0.3373274699895569828100860831909812986850738525390625
0.31633626448208429504660443853936158120632171630859375
0.323800576681284979496666664999793283641338348388671875
0.353922345077028577264854902750812470912933349609375
0.292904300300762698849865728334407322108745574951171875
0.34824109663856239738066733480081893503665924072265625
0.353423898360293808895704614769783802330493927001953125
0.282995223872970103062840507845976389944553375244140625
0.3385952545578561068140288625727407634258270263671875
0.33276161565704287514932957492419518530368804931640625
0.303940778480690620977355820286902599036693572998046875
0.339088839099712380242834797172690741717815399169921875
0.321021297539965277945128718783962540328502655029296875
0.32500757775037081298563634845777414739131927490234375
0.319128083872505907692129767383448779582977294921875
0.347747860336500014266647440308588556945323944091796875
0.297210349015947006279247943894006311893463134765625
0.392601455605674498627877255785278975963592529296875
0.3121986905232427833567498964839614927768707275390625
0.248450525584994086347734310038504190742969512939453125
0.31258028570081008989944848508457653224468231201171875
0.307706594962436297269192664316506125032901763916015625
0.3430326074962672944224095772369764745235443115234375
0.3405151947157472047678083981736563146114349365234375
0.366574310690081173191856578341685235500335693359375
0.352930452842836583915442361103487201035022735595703125
0.3047394851305689211784510916913859546184539794921875
0.306591136237521488805413127920473925769329071044921875
0.296001986528431182410514566072379238903522491455078125
0.332214353140296514421692108953720889985561370849609375
0.310427396732159299741482527679181657731533050537109375
0.347736354790981694318219297201721929013729095458984375
0.315008980761224799405084695536061190068721771240234375
0.3276555534192053809050548807135783135890960693359375
0.317307204191954406180542491711094044148921966552734375
0.32649305006939588480463498854078352451324462890625
0.34542248857345370094407144279102794826030731201171875
0.312849738421559997458842872219975106418132781982421875
0.337479001368387210302302037234767340123653411865234375
0.2993895474125067845960757040302269160747528076171875
0.3654796216810309861244832063675858080387115478515625
0.32150996433516032535493422983563505113124847412109375
0.32555292464742802138744082185439765453338623046875
0.34834818135986800324843670750851742923259735107421875
0.34489961146332748231913001291104592382907867431640625
0.35582706304555877796502727505867369472980499267578125
0.33195280670499671682449616127996705472469329833984375
0.329412932374534006552124765221378766000270843505859375
0.360831375132609988298781900084577500820159912109375
0.3241377418909177077210870265844278037548065185546875
0.329030873193580097879618051592842675745487213134765625
0.310518039733807704738666188859497196972370147705078125
0.29931480921356679036904324675560928881168365478515625
0.359972776028614827037444001689436845481395721435546875
0.316384851254603083337002544794813729822635650634765625
0.303115114964274123821041939663700759410858154296875
0.290721785737857174591880493608186952769756317138671875
0.321564984277513288279948255876661278307437896728515625
0.3181358611754701026796965379617176949977874755859375
0.31840934866705350447801947666448540985584259033203125
0.32295177333957969523225983721204102039337158203125
0.3373605949908415890803325964952819049358367919921875
0.34060122893868527427230219473131000995635986328125
0.29934718245746960718633999931626021862030029296875
0.318688356748632106718588374860701151192188262939453125
0.325214479809169010326996840376523323357105255126953125
0.313264680490700275772297800358501262962818145751953125
0.349085672562005899788317719867336563766002655029296875
0.391450564733518302507064845485729165375232696533203125
0.329400482269231187348879075216245837509632110595703125
0.330865959653981078769646728687803260982036590576171875
0.317868749659118099426535763996071182191371917724609375
0.34957350872060677371422343640006147325038909912109375
0.31922419302770010940406564259319566190242767333984375
