0.2813149680777706773682211860432289540767669677734375
0.10529094451816589650405830980162136256694793701171875
0.1526456033443872872812363539196667261421680450439453125
0.2347341863229399916424000593906384892761707305908203125
0.09327053815871140518556359211288508959114551544189453125
0.209045672867843312925373311372823081910610198974609375
0.2015142460787137934641322090101311914622783660888671875
0.1656358820470459070062219097962952218949794769287109375
0.09917192332350009686958713928106590174138545989990234375
0.150739729372881103852677142640459351241588592529296875
0.1963663469225193913825222580271656624972820281982421875
0.11640207188891170397848640050142421387135982513427734375
0.112288164305290705247131199939758516848087310791015625
0.082758919584236700917045936876093037426471710205078125
0.1923964650625998029642715891895932145416736602783203125
0.23275987849574530930141236240160651504993438720703125
0.102235176782334402645346926874481141567230224609375
0.04440541111657479722563124369116849265992641448974609375
0.264370833775939895193829443087452091276645660400390625
0.178729068109766797700643792268238030374050140380859375
0.16148553374658669579133629667921923100948333740234375
0.190101742409750806839241477064206264913082122802734375
0.2261090220091747926556280390286701731383800506591796875
0.243211203572898992941730966776958666741847991943359375
0.037672049958461899243911119583572144620120525360107421875
0.0667321190823809973213798230062820948660373687744140625
0.2248221876205223901390439777969731949269771575927734375
0.2011133221952043081959260462099337019026279449462890625
0.1582588542165218881141441897852928377687931060791015625
0.1448488223956526932401089879931532777845859527587890625
0.12294153647163659492935749995012884028255939483642578125
0.0328960714045092028623429314393433742225170135498046875
0.097031750342941702758281508067739196121692657470703125
0.1877919923558749870640127710430533625185489654541015625
0.0944446612451478040295427263117744587361812591552734375
0.12443550526200490569106449356695520691573619842529296875
0.2076465412349872974306919104492408223450183868408203125
0.06787947530731119893943059651064686477184295654296875
0.182086700981352989092698635431588627398014068603515625
0.273642196478398214143368250006460584700107574462890625
0.1846483336140078979070722198230214416980743408203125
0.0919984527360337978052484686486423015594482421875
0.10801136607688699431406575968139804899692535400390625
0.1691423632542078114848749237353331409394741058349609375
0.1652253883723436012065377553881262429058551788330078125
0.1352964732833877026241253815896925516426563262939453125
0.213546838419066908887344879985903389751911163330078125
0.09264936517176469710221908826497383415699005126953125
0.2011164294023251863929857563562109135091304779052734375
0.292711183160103194378365287775523029267787933349609375
0.08431481709474099306422800736982026137411594390869140625
0.06914342129333030106952406868003890849649906158447265625
0.1401610871501378918768665471361600793898105621337890625
0.128176370013810103642981630400754511356353759765625
0.10171279717521340690833397957248962484300136566162109375
0.1120678510176494058203644499371876008808612823486328125
0.10736909083821709331996174796586274169385433197021484375
0.12143426200531569347784710544146946631371974945068359375
0.11919363693668059978048034963649115525186061859130859375
0.1485925132059036923859451917451224289834499359130859375
0.1793985375318881969608497684021131135523319244384765625
0.11584585174185950406933187650793115608394145965576171875
0.1977170140909940976303715842732344754040241241455078125
0.1265700564659164861769369281319086439907550811767578125
0.140343802652365290395408692347700707614421844482421875
0.1327544539219465968837852187789394520223140716552734375
0.14403555977754700645476759746088646352291107177734375
0.1706042052630802052792802214753464795649051666259765625
0.161185741071997512552371745186974294483661651611328125
0.0983697192509773998825295393544365651905536651611328125
0.1918109897887274872818608173474785871803760528564453125
0.2328998279544866878421061073822784237563610076904296875
0.18539262163005709727059411306981928646564483642578125
0.1724241554182877889100922175202867947518825531005859375
0.08581865969589090592517521827176096849143505096435546875
0.156168033069607192775407611406990326941013336181640625
0.182072162365889800295093436943716369569301605224609375
0.176745531882305295656721000341349281370639801025390625
0.09085406233842230339092793656163848936557769775390625
0.144565778885576812218261011366848833858966827392578125
0.1933251904920564034906504957689321599900722503662109375
0.1473035046703004002921488790889270603656768798828125
0.2048863622093358982656496891650022007524967193603515625
0.1810338358095756883248128588093095459043979644775390625
0.2086736494885954862343879767649923451244831085205078125
0.140973663036665808334646499133668839931488037109375
0.1587389352304758027845110746056889183819293975830078125
0.11575626839121609668037393703343695960938930511474609375
0.1377759346401546125537862508281250484287738800048828125
0.162498505000793491692689940464333631098270416259765625
0.2236622005682110947422103208737098611891269683837890625
0.2439629996526969935022322033546515740454196929931640625
0.08906173109676500387887898568806122057139873504638671875
0.2110988361194912898977094073416083119809627532958984375
0.245944587541376602501941306400112807750701904296875
0.11806095855076149947482377911001094616949558258056640625
0.10231928902443239437491939725077827461063861846923828125
0.03560495012742499743030322179038194008171558380126953125
0.21742587098455590233214707041042856872081756591796875
0.312242976347418821347901030094362795352935791015625
0.147919893618541298252466731355525553226470947265625
0.0784114897387467035816399629766237922012805938720703125
0.228924318148036098907738278285250999033451080322265625
0.16964228743623188666589385320548899471759796142578125
0.2287924977503552892432736598493647761642932891845703125
0.1556732839134865875596602791119948960840702056884765625
0.1688424083721571100635827633595908991992473602294921875
0.0731680013141227936213084603878087364137172698974609375
0.0796963245100986983349145020838477648794651031494140625
0.2225878363861185926797503498164587654173374176025390625
0.083050070332822800711625177427777089178562164306640625
0.25280165496176731920741076464764773845672607421875
0.12248956620989649712871738529429421760141849517822265625
0.11579123085447999563779575282751466147601604461669921875
0.1587951504868382046620212122434168122708797454833984375
0.2408818806807138113157407133257947862148284912109375
0.2250650241505209037118362402907223440706729888916015625
0.190680538870592497513456464730552397668361663818359375
0.1911631566289702932603944418588071130216121673583984375
0.00992879958526000049034987426921361475251615047454833984375
0.1674047037169638929565707030633348040282726287841796875
0.1850690169415092067861650093618663959205150604248046875
0.01671952387109700011169621802764595486223697662353515625
0.195317862545522913375606322006206028163433074951171875
0.1073303394248326936288862043511471711099147796630859375
0.070285287107195504319179235608316957950592041015625
0.0223431527294138988770644260739572928287088871002197265625
0.221103093190561705849717100136331282556056976318359375
0.09919079256022660107117161487622070126235485076904296875
0.162596672826595900485102674792869947850704193115234375
0.09659911512770409658390491358659346587955951690673828125
0.2455578220904525987844380097158136777579784393310546875
0.2106117218618941133723154734980198554694652557373046875
0.17841704465451169170364664751105010509490966796875
0.24602237431651541310628772407653741538524627685546875
0.11530443024265239759795775853490340523421764373779296875
0.2246204721483484878508107840389129705727100372314453125
0.0991517025568048049333214066791697405278682708740234375
0.1715138235961133073015361105717602185904979705810546875
0.1704510462100826961862054531593457795679569244384765625
0.0814764313470003054273860243483795784413814544677734375
0.0988839107650947013450348777041654102504253387451171875
0.1575127325927201116240183864647406153380870819091796875
0.045989804268135196785305396360854501836001873016357421875
0.2158174734328258959070723221884691156446933746337890625
0.260236633535978700848545486223883926868438720703125
0.1048926324060868997545270531190908513963222503662109375
0.126197229927150489370291097657172940671443939208984375
0.1001504274775150971077408712517353706061840057373046875
0.07418499561516110618608621507519274018704891204833984375
0.0450833330567236012509368947576149366796016693115234375
