1767211
1822655
1885208
1364339
1392596
1924837
935062
1313664
1508609
1888485
1300480
896598
1673883
896516
1405677
1293940
1220946
1942519
1406839
1604355
1939913
1631152
1151305
835986
1845333
1790280
1962553
1819832
1567072
1434785
1561486
1553473
1453985
1783184
1846280
1087020
1222513
1854278
1372351
1706281
1626204
1373218
1138247
1362368
1508254
1415427
1679382
1689087
1767755
1639729
1590068
1275549
1915798
1126910
1261118
999846
2088425
1996282
1848333
1354937
1680141
1888280
1808648
1734878
1466361
1056657
1465528
1912869
1624857
1581267
1661793
1764282
1183770
1664902
1180514
1821544
1724456
2113348
1732521
1042432
1513918
1052079
1785061
1189341
1548719
1291233
1803533
1589566
1515189
1341503
1376988
1755162
1800405
1882936
1203817
1726450
1991424
998778
1879113
1441162
1871303
1270543
1883889
1231159
1606650
1358375
1672370
1452035
1786774
1733720
1738304
897392
1707165
1838170
1875450
1704145
1047473
1784065
1536956
1719757
1606858
2037431
1344275
1809836
1381538
1586050
1367643
1826667
1941244
1236665
1189634
1659504
1532945
1818979
1764266
1688659
1600552
1459552
1515211
1824278
1453337
1475078
1568312
1891488
1623438
1430225
1153545
1622048
1399364
1864551
1510958
