-0.00010789558
0.0004906822
-0.0031911377
-0.0015276985
0.0003056638
0.00031454
-0.0001830433
0.00028493124
0.00041740993
0.00014087674
0.0013871943
0.0002618992
-0.0001263339
0.00018630177
-0.00013776473
-6.110291e-06
0.00061909575
-5.4349133e-05
-0.0005413117
-0.00015646091
-0.0001519497
-0.00023709447
0.000493078
0.0006268115
-0.00089794444
-0.0003567431
-0.0010267887
-0.00058544986
-0.00047810609
-0.00018430827
-0.00042398344
0.00019494159
0.00040894843
-0.00049124495
0.0007526474
-0.0008546603
-1.7348211e-05
-0.00034390134
0.001155294
-0.00015675114
-0.0006579171
7.018633e-05
-0.0028776377
-0.0007891031
0.00039233454
0.0009576045
-0.00067440607
-0.00014442368
-0.00017103367
-0.000106403604
-0.00017232937
0.00025225943
-0.00037461123
-0.00038184435
0.00015686988
-0.00059358217
5.264068e-06
0.00079228636
-0.00078479573
0.00019922439
0.0017625485
-0.00038142875
-0.00032602437
3.71621e-05
-0.0051914323
1.8545776e-05
0.0007780213
-0.0009773355
-0.00019314652
-2.9115006e-05
0.00013317273
1.9385945e-05
0.0002586646
-0.00053056004
-0.0006090392
0.0006873366
0.00057510193
0.00035301992
0.00038276217
-0.000120509416
0.00015168986
0.00047258288
0.0003934484
-0.00058563426
-0.00083308807
-0.0015567541
0.00034879986
-5.228701e-05
-0.0005169101
0.00031505176
-0.0008484428
-0.00053176994
0.00024295281
-6.211456e-06
0.0003444422
-0.0011798237
-0.00023905328
0.00016205432
6.7181885e-05
0.00018636626
-0.0008018473
-0.00017535128
-0.001704094
0.0013837195
-0.00022824574
9.043282e-05
-0.00047893194
-0.0020123804
0.0011841129
-0.0009715883
-0.0006033204
-0.0016199052
5.6719524e-05
0.00010745763
-0.0009185537
-0.0009430256
0.00085911853
0.0010100817
-0.0003708643
-0.0019514393
-0.0005249027
-1.6790233e-05
-0.00025559496
0.00017417967
-0.0008258177
-2.934708e-05
-0.0011510046
-0.00024031941
0.0001228666
-8.88044e-05
-0.0005333957
-0.00014225929
-0.00072114833
0.00039374857
0.0003512809
1.4844816e-05
0.00017809891
-3.8182363e-05
3.769342e-05
0.00031971582
5.5008102e-05
-4.060217e-05
-1.599174e-05
-0.0005360658
-0.00044671074
0.00025052112
-0.002237225
-0.0011634231
-3.5151723e-05
-0.00018822588
0.00043483917
