16179720
16102756
16357995
16250969
16250068
15802634
15940779
16399217
16272291
16266641
16436087
16136140
16101891
16316607
16454928
16415121
15995559
16291665
15709609
15552238
15813884
15643711
15923979
16348481
16255001
15809373
16195234
15980253
16334957
16256524
15732960
16303259
16197484
16171665
16457535
15853839
16324344
16184913
15892438
16039804
15728025
16248013
16096744
15937770
15879932
16510788
16092788
16106198
16203468
15781075
16236139
15603678
16097312
16422175
16194405
16134576
16142448
16217955
16251823
16536270
15464032
16133437
15762248
16198958
16158402
16068639
16032362
16283649
16067617
16111240
16341277
15471916
16357412
16357201
15260908
16311363
15999086
15474303
16304148
16298532
16310924
15904925
16117554
15568180
16184185
16256412
16038089
16125186
16071852
15732238
15869828
16304662
16266681
16258053
16401037
16307175
16186609
16317801
16132454
15734006
16078656
16118454
15619245
16151584
16238622
16451008
16180633
16239494
16136359
16373444
16236395
16346061
16313980
15659611
16032545
16275839
16381616
16326704
16434515
15748967
15848319
16447086
15717001
15664787
16484608
16189319
16348481
15920952
16152619
16190338
15758899
15749787
16079629
16181043
16400385
16238319
16115812
16509076
16530060
16155423
16105451
16202584
16057257
16099363
16267116
15968028
16246650
15973280
15844354
16198351
16286555
