12.27115535736083984375
14.4588336944580078125
12.2436275482177734375
12.8693981170654296875
12.58770847320556640625
15.7262210845947265625
14.464862823486328125
15.77786922454833984375
16.709575653076171875
12.79402446746826171875
12.5435199737548828125
13.938770294189453125
14.77849674224853515625
14.5684947967529296875
13.94377422332763671875
13.86777496337890625
13.5997219085693359375
11.86139583587646484375
12.618732452392578125
13.20673084259033203125
11.75380039215087890625
14.59090328216552734375
13.9342594146728515625
12.22106170654296875
13.54927349090576171875
12.92021656036376953125
15.07983303070068359375
12.34379863739013671875
14.52100467681884765625
16.77845001220703125
9.54197025299072265625
13.6371746063232421875
13.70110797882080078125
12.35826778411865234375
12.07527637481689453125
16.3454990386962890625
12.408050537109375
23.5318012237548828125
12.795452117919921875
11.0960941314697265625
11.84431743621826171875
12.79439258575439453125
15.159175872802734375
13.32603931427001953125
12.12394046783447265625
12.96700286865234375
15.85414028167724609375
10.45337581634521484375
14.43550872802734375
11.894817352294921875
9.8030223846435546875
10.39434719085693359375
13.34525775909423828125
11.9429035186767578125
12.1624011993408203125
13.69592761993408203125
12.42016315460205078125
11.00523471832275390625
12.0175952911376953125
15.208209991455078125
14.6526737213134765625
14.450801849365234375
13.48949527740478515625
11.0785064697265625
12.72908782958984375
11.8234653472900390625
12.093036651611328125
13.554332733154296875
12.795513153076171875
15.13067150115966796875
15.12679004669189453125
11.929500579833984375
10.74134922027587890625
12.5166072845458984375
11.0436573028564453125
14.3944110870361328125
12.04063320159912109375
13.97460842132568359375
14.59259128570556640625
16.2089748382568359375
15.04752445220947265625
13.58309268951416015625
17.7012462615966796875
14.2403850555419921875
11.958415985107421875
12.56999969482421875
14.0506725311279296875
13.69511699676513671875
12.8192272186279296875
11.6130886077880859375
12.32742786407470703125
13.24931812286376953125
18.4812221527099609375
15.13214588165283203125
13.52376079559326171875
10.854564666748046875
11.122791290283203125
11.520198822021484375
11.16980075836181640625
10.5596446990966796875
13.02118968963623046875
11.78942012786865234375
13.38592815399169921875
13.70927715301513671875
10.75790500640869140625
13.66545963287353515625
10.40054035186767578125
14.843563079833984375
11.0931529998779296875
16.316799163818359375
12.31916046142578125
11.802646636962890625
9.10943508148193359375
12.23871898651123046875
14.23242092132568359375
12.05742359161376953125
12.81237030029296875
12.0872859954833984375
12.767303466796875
10.7681102752685546875
12.210529327392578125
15.4264965057373046875
12.04646396636962890625
13.30546474456787109375
13.63807201385498046875
12.3492794036865234375
13.7497615814208984375
13.3095111846923828125
11.43795013427734375
12.4931049346923828125
13.6342678070068359375
13.0768260955810546875
10.4354572296142578125
10.27644252777099609375
13.12159633636474609375
11.8901824951171875
11.8992557525634765625
13.67462062835693359375
16.85878753662109375
12.0215854644775390625
17.2346706390380859375
12.56637859344482421875
10.5683994293212890625
12.87256622314453125
13.20700550079345703125
11.10260105133056640625
12.921947479248046875
13.49634265899658203125
14.48896694183349609375
11.12600040435791015625
13.41611385345458984375
