9.3160817623138445497943394002504646778106689453125
9.24558734893798828125
9.6077926158905047060443394002504646778106689453125
9.760234355926513671875
9.3969876766204833984375
9.3479135036468505859375
9.4209086894988995908306605997495353221893310546875
9.799049854278564453125
9.3619124889373779296875
9.3676013946533203125
9.6488835811615007997943394002504646778106689453125
9.3453121185302716611431605997495353221893310546875
9.4926815032958984375
9.48691082000732421875
9.4803164005279541015625
9.6608011722564697265625
9.56680965423583984375
9.1582570075988751767681605997495353221893310546875
9.4288423061370831845806605997495353221893310546875
9.653146266937255859375
9.3223226070404034970806605997495353221893310546875
9.3061964511871337890625
9.0736441612243634580181605997495353221893310546875
9.351718902587890625
9.3582365512847900390625
8.965324878692626953125
9.7369084358215314267681605997495353221893310546875
9.4012510776519775390625
9.215610980987548828125
9.5100696086883544921875
9.4366538524627685546875
9.2671060562133806826068394002504646778106689453125
9.3136796951293963076068394002504646778106689453125
9.3393409252166765810443394002504646778106689453125
9.2286074161529541015625
9.54257869720458984375
9.4007651805877685546875
9.829823970794677734375
9.0590505599975603701068394002504646778106689453125
9.5235459804534912109375
9.297859668731689453125
9.0402381420135498046875
9.2672803401947021484375
9.5400326251983642578125
9.6576335430145263671875
9.372658252716064453125
9.231368541717529296875
9.437551021575927734375
9.5472528934478759765625
9.6000750064849835752056605997495353221893310546875
9.2674515247344952939556605997495353221893310546875
9.5332007408142072080181605997495353221893310546875
9.62621021270751953125
9.56724071502685546875
9.4633924961090087890625
9.2707722187042236328125
9.6513173580169677734375
9.3881776332855224609375
9.6985344886779802919818394002504646778106689453125
9.4692313671112060546875
9.3244574069976806640625
9.4198904037475603701068394002504646778106689453125
9.1053631305694580078125
9.5557811260223406435443394002504646778106689453125
9.0477120876312255859375
9.1250560283660888671875
9.4893443584442138671875
9.1919107437133806826068394002504646778106689453125
9.4134376049041765810443394002504646778106689453125
9.501858234405517578125
9.23865509033203125
9.2681195735931396484375
9.1909844875335693359375
9.6130087375640886904193394002504646778106689453125
9.596714019775390625
9.4661352634429913877056605997495353221893310546875
9.5128955841064435361431605997495353221893310546875
9.4868476390838623046875
9.301771640777587890625
9.414353847503662109375
9.5384647846221923828125
9.4835503101348876953125
9.3856251239776593564556605997495353221893310546875
9.5078918933868408203125
9.6036984920501726747943394002504646778106689453125
9.5710985660552978515625
9.3791863918304443359375
9.3545105457305908203125
9.4865515232086181640625
9.23112583160400390625
9.3211457729339599609375
9.1473524570465087890625
9.4979236125946044921875
9.5477318763732927919818394002504646778106689453125
9.4053099155426043154193394002504646778106689453125
9.660917758941650390625
9.2698118686676043154193394002504646778106689453125
9.5831334590911882997943394002504646778106689453125
9.40016937255859375
9.4878599643707275390625
9.577509403228759765625
9.2207794189453125
9.747055530548095703125
9.1440079212188720703125
9.2999541759490966796875
9.0959126949310302734375
9.4039468765258806826068394002504646778106689453125
9.67057132720947265625
9.5243141651153564453125
9.66872882843017578125
9.27265262603759765625
9.446271419525146484375
9.360378742218017578125
9.486338138580322265625
9.4352538585662841796875
9.2538356781005859375
9.4203948974609375
9.6707241535186767578125
9.33978271484375
9.4373309612274152158306605997495353221893310546875
9.4740612506866455078125
9.1841313838958740234375
9.4132516384124755859375
9.6424663066863995908306605997495353221893310546875
9.5835032463073712705181605997495353221893310546875
9.3165259361267072080181605997495353221893310546875
9.4544887542724591611431605997495353221893310546875
9.2616424560546875
9.296781063079833984375
9.258885860443115234375
9.3095943927764892578125
9.375216007232666015625
9.334379673004150390625
9.40659236907958984375
9.34228610992431640625
9.3780202865600603701068394002504646778106689453125
9.22521209716796875
9.709844112396240234375
9.244028568267822265625
9.3668220043182355283306605997495353221893310546875
9.4589135646820086122943394002504646778106689453125
9.625821590423583984375
9.4790859222412127138568394002504646778106689453125
9.3629467487335205078125
9.6738023757934552548931605997495353221893310546875
9.4279937744140625
9.4998478889465314267681605997495353221893310546875
9.5864281654357927919818394002504646778106689453125
9.5933201313018798828125
9.3649780750274658203125
9.2141413688659685732318394002504646778106689453125
