6768018.502592383883893489837646484375
6852900.098269662819802761077880859375
6775877.580385775305330753326416015625
6827026.014538318850100040435791015625
6838290.532484431751072406768798828125
6860955.273569264449179172515869140625
6811866.78347815014421939849853515625
6805606.087994459085166454315185546875
6814511.000552184879779815673828125
6840293.542277776636183261871337890625
6839607.78090070746839046478271484375
6822256.4173122979700565338134765625
6858344.600372872315347194671630859375
6805512.3543410003185272216796875
6828709.29771248064935207366943359375
6821427.552920454181730747222900390625
6789883.46013857610523700714111328125
6805563.0732096247375011444091796875
6774525.122138916514813899993896484375
6701506.092157111503183841705322265625
6689506.5329087562859058380126953125
6836090.117429585196077823638916015625
6725419.12143298052251338958740234375
6800966.16424439288675785064697265625
6803449.61051243729889392852783203125
6746497.88874259032309055328369140625
6853533.522795987315475940704345703125
6821599.62188415043056011199951171875
6823183.18195374496281147003173828125
6756607.89837648160755634307861328125
6766708.527000078000128269195556640625
6841182.800958379171788692474365234375
6797140.6066485680639743804931640625
6777978.787117698229849338531494140625
6819010.948944048024713993072509765625
6738702.2463642843067646026611328125
6832396.0685808174312114715576171875
6764278.426365700550377368927001953125
6760164.361854542978107929229736328125
6728615.807573073543608188629150390625
6773109.17111715860664844512939453125
6943939.46759535931050777435302734375
6824951.718132026493549346923828125
6791140.72346030734479427337646484375
6766318.64516393654048442840576171875
6794751.79602221585810184478759765625
6818713.923181809484958648681640625
6839082.140670952387154102325439453125
6752838.31254478730261325836181640625
6668090.00077559612691402435302734375
6838105.20502119325101375579833984375
6718655.47957840748131275177001953125
6804840.7586019001901149749755859375
6842024.623618255369365215301513671875
6804623.06566052697598934173583984375
6870379.202987625263631343841552734375
6856415.110864295624196529388427734375
6743195.700820916332304477691650390625
6800863.663306434638798236846923828125
6842656.6547287665307521820068359375
6719487.25105467997491359710693359375
6758369.709364582784473896026611328125
6753885.5433209799230098724365234375
6899626.70182032324373722076416015625
6827092.16636967845261096954345703125
6923229.981429900042712688446044921875
6862220.50818775594234466552734375
6733900.316983212716877460479736328125
6840095.650703750550746917724609375
6831525.689865176565945148468017578125
6797528.966309159062802791595458984375
6821317.1826146543025970458984375
6875685.99575085937976837158203125
6813311.975220732390880584716796875
6686939.19043632037937641143798828125
6831612.413613843731582164764404296875
6770899.795137911103665828704833984375
6754636.89162082038819789886474609375
6944741.197477047331631183624267578125
6793184.901678555645048618316650390625
6758517.553118023090064525604248046875
6774604.12233128212392330169677734375
6778018.546459133736789226531982421875
6745547.92055498994886875152587890625
6799599.300480133853852748870849609375
6811670.660466320812702178955078125
6801155.18233424983918666839599609375
6984637.25447001866996288299560546875
6833899.960273683071136474609375
6702725.59735483489930629730224609375
6894903.42849164642393589019775390625
6784837.56796135194599628448486328125
6861213.354142640717327594757080078125
6815109.801720492541790008544921875
6802569.8240127228200435638427734375
6887620.544384027831256389617919921875
6810834.171507687307894229888916015625
6888436.553091466426849365234375
6826415.0684912204742431640625
6747516.6694843135774135589599609375
6887548.389081460423767566680908203125
6845734.292351364158093929290771484375
6836031.139887209050357341766357421875
6782152.5565652288496494293212890625
6797629.029294542036950588226318359375
6845650.55870029143989086151123046875
6822422.244468287564814090728759765625
6805603.50360192917287349700927734375
6792432.3599949590861797332763671875
6871054.379913092590868473052978515625
6810114.92326092906296253204345703125
6758327.736973698250949382781982421875
6868515.868614644743502140045166015625
6687398.22964078746736049652099609375
6787959.4198186956346035003662109375
6825835.818610006012022495269775390625
6818976.34964545071125030517578125
6831333.073530896566808223724365234375
6851757.671494618989527225494384765625
6798527.39428086020052433013916015625
6762658.057626136578619480133056640625
6811096.28232451342046260833740234375
6721591.51631969772279262542724609375
6728873.2288978062570095062255859375
6865704.073689937591552734375
6698368.854569324292242527008056640625
6797431.623482209630310535430908203125
6795688.380488262511789798736572265625
6787178.733418735675513744354248046875
6964198.357219420373439788818359375
6737135.68752948381006717681884765625
6718117.488274541683495044708251953125
6802971.1860784478485584259033203125
6805135.23943810164928436279296875
6854004.691081456840038299560546875
6765961.541322576813399791717529296875
6872587.232047493569552898406982421875
6802070.883985205553472042083740234375
6854548.308976913802325725555419921875
6816731.25677625834941864013671875
6827414.6346841640770435333251953125
6788805.358099932782351970672607421875
7108008.984455325640738010406494140625
6758388.87198797054588794708251953125
6823946.84876170940697193145751953125
6852088.220959712751209735870361328125
6877634.437439163215458393096923828125
6761649.1170598566532135009765625
6745218.43622408621013164520263671875
6788127.042753425426781177520751953125
6843638.155267004854977130889892578125
