84.3584747314453125
84.816201686859130859375
83.48191356658935546875
84.146679401397705078125
86.674694061279296875
82.9144332408905029296875
83.09520435333251953125
82.722410678863525390625
83.874493122100830078125
84.1615374088287353515625
82.2704646587371826171875
82.6952908039093017578125
82.799669742584228515625
84.2148406505584716796875
84.1842195987701416015625
84.64421558380126953125
83.5478928089141845703125
83.4346687793731689453125
83.026767253875732421875
83.1830952167510986328125
83.24327754974365234375
81.1676819324493408203125
81.8443109989166259765625
85.365139007568359375
83.37932491302490234375
83.7037868499755859375
86.262456417083740234375
86.1065404415130615234375
87.3357512950897216796875
84.248389720916748046875
84.2832791805267333984375
85.61707305908203125
82.594440937042236328125
83.0976479053497314453125
83.3123052120208740234375
83.257369518280029296875
85.027448177337646484375
86.34398651123046875
85.7062127590179443359375
83.8289601802825927734375
84.585511684417724609375
84.853659152984619140625
82.9896585941314697265625
82.9845101833343505859375
84.146713733673095703125
82.7253265380859375
83.255754947662353515625
82.7045078277587890625
82.3096573352813720703125
81.965186595916748046875
85.2758400440216064453125
86.1224386692047119140625
81.498112201690673828125
83.464864253997802734375
82.67335414886474609375
84.8993129730224609375
82.1131060123443603515625
82.470564365386962890625
81.7889382839202880859375
82.9430332183837890625
83.08366680145263671875
84.0008428096771240234375
83.325382232666015625
84.0632870197296142578125
82.27593708038330078125
82.764126300811767578125
82.004058837890625
82.2024776935577392578125
84.50773334503173828125
83.3155820369720458984375
83.580407619476318359375
85.434084415435791015625
85.1139390468597412109375
85.0115258693695068359375
85.4746224880218505859375
85.182775974273681640625
83.98476314544677734375
84.170521259307861328125
83.4825809001922607421875
83.2934944629669189453125
83.4498746395111083984375
83.6805837154388427734375
83.3291575908660888671875
82.9048099517822265625
429.1631457805633544921875
84.2086904048919677734375
83.4056565761566162109375
83.532387256622314453125
82.6728992462158203125
83.728801727294921875
84.4168651103973388671875
83.938762664794921875
80.9591572284698486328125
82.8657782077789306640625
83.6217136383056640625
84.0478398799896240234375
84.7432858943939208984375
84.69933605194091796875
84.537464618682861328125
85.8519458770751953125
83.1559960842132568359375
83.435513019561767578125
82.13106441497802734375
82.054592609405517578125
86.5106079578399658203125
86.7995955944061279296875
84.6401653289794921875
82.6704235076904296875
83.4805762767791748046875
84.1153461933135986328125
83.538814544677734375
83.178607940673828125
83.3796367645263671875
83.8916490077972412109375
83.06779956817626953125
83.5043261051177978515625
82.2703037261962890625
82.3163640499114990234375
83.421749114990234375
84.375211238861083984375
81.647417545318603515625
85.975333690643310546875
85.8831079006195068359375
84.149289608001708984375
84.2434561252593994140625
83.31276607513427734375
83.6762866973876953125
84.0384719371795654296875
81.2526454925537109375
81.7193453311920166015625
82.6734235286712646484375
83.838021755218505859375
83.0664675235748291015625
83.326422214508056640625
84.3315494060516357421875
84.384649753570556640625
84.485306262969970703125
81.8640401363372802734375
82.0991637706756591796875
85.1319282054901123046875
85.696887969970703125
89.389997959136962890625
83.7628362178802490234375
83.8457462787628173828125
83.9708411693572998046875
84.4704320430755615234375
83.5679848194122314453125
83.581331729888916015625
83.8541071414947509765625
84.935719966888427734375
84.9810564517974853515625
