0.55161419375954612309698177341488189995288848876953125
0.6003021939716022270516759817837737500667572021484375
0.56481367076428956597311525911209173500537872314453125
0.56549286007723598146412768983282148838043212890625
0.62022797785063132902649840616504661738872528076171875
0.60435458011067366701496439418406225740909576416015625
0.55504507454777041175475460477173328399658203125
0.60050342554465785394057775192777626216411590576171875
0.60349977287728140407097043862449936568737030029296875
0.47575269713977419439032701120595447719097137451171875
0.61136310586741959838263937854208052158355712890625
0.56071301115978455786859058207483030855655670166015625
0.58184371982798233080558247820590622723102569580078125
0.567653894206340936534616048447787761688232421875
0.6147934003706783112619405073928646743297576904296875
0.570345741463854860597848528414033353328704833984375
0.57512308339464845996502617708756588399410247802734375
0.57460878938595627563046264185686595737934112548828125
0.602954482167852301444099794025532901287078857421875
0.582886694106643954427227072301320731639862060546875
0.626293357573114661818181048147380352020263671875
0.52340227228698499306602798242238350212574005126953125
0.5230377442962634848555580902029760181903839111328125
0.54747319394278670667830510865314863622188568115234375
0.5958579595552697671934083700762130320072174072265625
0.6021285700871950030688140031998045742511749267578125
0.59716293655223429137635093866265378892421722412109375
0.613875931460631019120910423225723206996917724609375
0.576853779112280307117543998174369335174560546875
0.610405616875202117199705753591842949390411376953125
0.59355314480107546071252500041737221181392669677734375
0.613323750699025449506507357000373303890228271484375
0.594518294955909798460425008670426905155181884765625
0.5471909464834130432109304820187389850616455078125
0.57338361652806757451372732248273678123950958251953125
0.55925344344048844025252265055314637720584869384765625
0.57664736191467091952489454342867247760295867919921875
0.52429113020592066352065785395097918808460235595703125
0.60536830370196936801363563063205219805240631103515625
0.54917648453620604431790752641973085701465606689453125
0.525344999395426004440423639607615768909454345703125
0.60106730113073802979073434471501968801021575927734375
0.589880617681642238636641195625998079776763916015625
0.5996972753796721011809722767793573439121246337890625
0.5403876611167104382360548697761259973049163818359375
0.55819200377908206878174723897245712578296661376953125
0.59956677012388481795568395682494156062602996826171875
0.58842941493673084352167279575951397418975830078125
0.54845150587318725055041568339220248162746429443359375
0.5522610003730779038022546956199221312999725341796875
0.5890893506546135416357401481945998966693878173828125
0.55213277939307747743669096962548792362213134765625
0.54198528767549536411252120160497725009918212890625
0.57984028618037031233001243890612386167049407958984375
0.6059192799320378686189769723569042980670928955078125
0.570106951274582218758268936653621494770050048828125
0.63540300418720352393364692034083418548107147216796875
0.553998713172045409436350382748059928417205810546875
0.6196060060342707398461925549781881272792816162109375
0.6032383606624065475187990159611217677593231201171875
0.558903833237887059937065714620985090732574462890625
0.569888000466133082255737463128753006458282470703125
0.56135615548732420432287426592665724456310272216796875
0.6247801706314779490725186406052671372890472412109375
0.57642826922713996662395175007986836135387420654296875
0.6261409040025178729393928733770735561847686767578125
0.54752913881073650426145604797056876122951507568359375
0.55455579391758502705300770685425959527492523193359375
0.58693735751080333695739454924478195607662200927734375
0.56571836320976043310793102136813104152679443359375
0.556102251538173941725062832119874656200408935546875
0.5824005640028258046214659771067090332508087158203125
0.6103142664981546783309340753476135432720184326171875
0.6045417885503969745997210338828153908252716064453125
0.5457081405767443271770389401353895664215087890625
0.58481975275479503029174566108849830925464630126953125
0.58936842676285083886256188634433783590793609619140625
0.59255369148571357396093617353471927344799041748046875
0.576543153274654773809970720321871340274810791015625
0.251257942787631083358945716099697165191173553466796875
0.60013102920781502547242780565284192562103271484375
0.61634312227873422340707065814058296382427215576171875
0.60352056787980046248520693552563898265361785888671875
0.59004201326759997403570423557539470493793487548828125
0.63377725107805604753963280018069781363010406494140625
0.59663839026859644132372295644017867743968963623046875
0.58141778140328381763168863471946679055690765380859375
0.60528041513726493771940795340924523770809173583984375
0.5708456633619605202767388618667609989643096923828125
0.63839552578532943183375891749165020883083343505859375
0.58627037672409632040881888315198011696338653564453125
0.6207112951262472311242390787811018526554107666015625
0.60518861512811306102577191268210299313068389892578125
0.55574400894635977987690012014354579150676727294921875
0.55044316634451739833622241349075920879840850830078125
0.61220096595842898867800840889685787260532379150390625
0.470941559793825514912413154888781718909740447998046875
0.5709180468206540570719198512961156666278839111328125
0.5405664073088427556967872078530490398406982421875
0.51758571919458706833694350279984064400196075439453125
0.528970848612819732892376123345457017421722412109375
0.5601467178669248259126334232860244810581207275390625
0.6261217909207401621785038514644838869571685791015625
0.55260315087848022042038564904942177236080169677734375
0.61078319085454990666761432294151745736598968505859375
0.61473024368728135247152977171936072409152984619140625
0.63344926048243077598698391739162616431713104248046875
0.5465691202145042115745354749378748238086700439453125
0.595587868151912669389957954990677535533905029296875
0.5814695349895464548950485550449229776859283447265625
0.636674263090502901007994296378456056118011474609375
0.56424988069036963178604082713718526065349578857421875
0.567359255910767412700579370721243321895599365234375
0.5482260761829695905333892369526438415050506591796875
0.6374772807085136161475702465395443141460418701171875
0.6244055402493444706379932540585286915302276611328125
0.60239982668104385954421786664170213043689727783203125
0.6009417904914478025801827243412844836711883544921875
0.64631446948641213534614280433743260800838470458984375
0.62247768122723046158029092111974023282527923583984375
0.60032976313591823736004471356864087283611297607421875
0.53150533510479391896552670004894025623798370361328125
0.5987074755772578971146913318079896271228790283203125
0.58493805842138779649275193150970153510570526123046875
0.55643440826853785008410113732679747045040130615234375
0.63077949341934569371659335956792347133159637451171875
0.58182195506214473557093924682703800499439239501953125
0.621753803882503230937572880065999925136566162109375
0.55775743384872311647626474950811825692653656005859375
0.62513097196597511295834692646167241036891937255859375
0.59156333661147642022370973791112191975116729736328125
0.6613567027416753507651492327568121254444122314453125
0.55779261759714149349065337446518242359161376953125
0.55681719955423858436915907077491283416748046875
0.56193462888443013181216656448668800294399261474609375
0.60418546915765058979985724363359622657299041748046875
0.5580377603649619988601671138894744217395782470703125
0.6271542158301428582234393616090528666973114013671875
0.5708362711555838853172417657333426177501678466796875
0.57032234356810695974360214677290059626102447509765625
0.62397698682731228547737600820255465805530548095703125
0.55449840715348075459445453816442750394344329833984375
0.54718975466722319378476413476164452731609344482421875
0.6057328767507568212380419936380349099636077880859375
0.64068414826012431984025852216291241347789764404296875
0.584854981610351654097712525981478393077850341796875
0.5567365420471446224581768547068350017070770263671875
0.650937889744021891402780966018326580524444580078125
0.594530336171180895377119668410159647464752197265625
0.59985951737510034842415507227997295558452606201171875
0.574517566980450755664833195623941719532012939453125
