0.115225422157209600459992770993267185986042022705078125
0.121698745265857499742168101874995045363903045654296875
0.130454219195971610201212342872167937457561492919921875
0.1452518140131799084802111110548139549791812896728515625
0.11652119624234490158354304867316386662423610687255859375
0.14088185479706039071601253453991375863552093505859375
0.13350173794968400731164592798450030386447906494140625
0.155189432545692895804023692107875831425189971923828125
0.10465739091018190498605378024876699782907962799072265625
0.1273620042979946020977877196855843067169189453125
0.1156665018156441959717994905076920986175537109375
0.1505469844306557003488222790110739879310131072998046875
0.1628451310314278088764439189617405645549297332763671875
0.1442735088022842060428985178077709861099720001220703125
0.11324299285349159749358705084887333214282989501953125
0.10409255441692109867002358214449486695230007171630859375
0.11477640171946300318150946395689970813691616058349609375
0.152779885493321609946093531107180751860141754150390625
0.1586861569781584935245888345889397896826267242431640625
0.136624199035490112574819931978709064424037933349609375
0.1504163688077415905741673896045540459454059600830078125
0.1347175164225216936753071195198572240769863128662109375
0.149254526262122488855510482608224265277385711669921875
0.14787387555727249388581867606262676417827606201171875
0.125497990072693410557036486352444626390933990478515625
0.11262967919715720366280464759256574325263500213623046875
0.1295738752299255003297417943031177856028079986572265625
0.140089695382913992371953781912452541291713714599609375
0.1469855293208540969462916336851776577532291412353515625
0.079351751065790399053412329521961510181427001953125
0.1513275671530865118530329027635161764919757843017578125
0.1269971912249643064551918314464273862540721893310546875
0.1109963157806377054281909977362374775111675262451171875
0.12862148955770080771543462105910293757915496826171875
0.1304667712963853976049222183064557611942291259765625
0.12128208129168249751472785646910779178142547607421875
0.12328322537397029545758186941384337842464447021484375
0.1160001116706698975900025061491760425269603729248046875
0.1372426064616535101858829648335813544690608978271484375
0.145412033085308312063688163107144646346569061279296875
0.13847180009977899661777200890355743467807769775390625
0.1378066142601379884258250285711255855858325958251953125
0.11335875411597269579733193722859141416847705841064453125
0.0968733744534227003697424152051098644733428955078125
0.133231506663790799649405016680248081684112548828125
0.128207126847831698324142735145869664847850799560546875
0.1458751561300669907783600365291931666433811187744140625
0.127475077552663795810161673216498456895351409912109375
0.1438876056079241017027214866175199858844280242919921875
0.1355035574339849002711844150326214730739593505859375
0.12035244413498209781199221879433025605976581573486328125
0.1286615302723392861850015833624638617038726806640625
0.1434772626156247954387623622096725739538669586181640625
0.10590738020077640479943426043973886407911777496337890625
0.1312796672318795876410746359397307969629764556884765625
0.1553033181300277065783888019723235629498958587646484375
0.1274726641040314911723640989293926395475864410400390625
0.1674713774215811079582039155866368673741817474365234375
0.13142064439643130757673361586057581007480621337890625
0.159571622931042489401676220950321294367313385009765625
0.1468181007624022871294044989554095081984996795654296875
0.11410354024734660483009207609939039684832096099853515625
0.1315530897212331129519924388660001568496227264404296875
0.1531700424861197895598508011971716769039630889892578125
0.1281752236957177937259899636046611703932285308837890625
0.1860293170777269911031481797181186266243457794189453125
0.1357028691310681878245958387196878902614116668701171875
0.1289915365936613877995142729560029692947864532470703125
0.128127172735178207485517987151979468762874603271484375
0.11224380430183579504532787041171104647219181060791015625
0.1521170922969662109291988372206105850636959075927734375
0.11945854955040359490769930062015191651880741119384765625
0.1291038257290104962482502060083788819611072540283203125
0.12118431785056109351028652554305153898894786834716796875
0.119444501566875305176296251374878920614719390869140625
0.1215724857940934933164811582173570059239864349365234375
0.12065202956053010241443956829243688844144344329833984375
0.1497032905099655863967456070895423181354999542236328125
0.1313800484560048997817460758597007952630519866943359375
0.13653718398570779957168497276143170893192291259765625
0.157076106522498093465145529989968053996562957763671875
0.1180618759095821979077101104849134571850299835205078125
0.13632738792083121115439325876650400459766387939453125
0.13272207020710069524938035101513378322124481201171875
0.12808784030283171251340945673291571438312530517578125
0.126399936758636588507442866102792322635650634765625
0.1527932018401151059716625013606972061097621917724609375
0.123780298073798700198011601969483308494091033935546875
0.153135784734416802166379056870937347412109375
0.133542017498001097663973268936388194561004638671875
0.1237136733459268944645970123019651509821414947509765625
0.128389804775420890425863262862549163401126861572265625
0.1431348383892646902726397684091352857649326324462890625
0.1322566780082345128111143139904015697538852691650390625
0.1635767236948879876923257370435749180614948272705078125
0.1269628980545688123893199872327386401593685150146484375
0.11144236526687810451274884826489142142236232757568359375
0.1366534101966234981961889616286498494446277618408203125
0.135010207902068801733008740484365262091159820556640625
0.129930056977855590272241670390940271317958831787109375
0.136524101262031793968532156213768757879734039306640625
0.171249726722894013430931181574123911559581756591796875
0.1461136980705541876801589751266874372959136962890625
0.11395415034687410293923193194132181815803050994873046875
0.12624322422871170346070357481949031352996826171875
0.1180656375073391994856564224392059259116649627685546875
0.1414960004585572861390829757510800845921039581298828125
0.1281506478836081097671950601579737849533557891845703125
0.151704090147436299051975083784782327711582183837890625
0.12471751203195689805536261474117054603993892669677734375
0.1246204000551622004255847286913194693624973297119140625
0.1184872384597883965273723561040242202579975128173828125
0.1444682690482911036067292798179551027715206146240234375
0.143752778076663589867933978894143365323543548583984375
0.1252915288324409903708556157653219997882843017578125
0.1356055311110916095085343613391160033643245697021484375
0.1225232602879127996597929950439720414578914642333984375
0.1524997543969368873906233829984557814896106719970703125
0.129693848564374103471408261611941270530223846435546875
0.1308632044979760877811969521644641645252704620361328125
0.147452191301880308760274829182890243828296661376953125
0.1267758385917965024969333853732678107917308807373046875
0.143086103220178395556416717226966284215450286865234375
0.144315455239745704663079095553257502615451812744140625
0.13291037806452921099520381176262162625789642333984375
0.176177416647195606014264512850786559283733367919921875
0.1394929530862424049697523287250078283250331878662109375
0.1341057172152541887566457035063649527728557586669921875
0.1360315142092020923580975022559869103133678436279296875
0.1196818344858879001879614634162862785160541534423828125
0.15854892489778149577972499173483811318874359130859375
0.12392278522404509555343565807561390101909637451171875
0.12126074041230210098785136096921632997691631317138671875
0.12063568636586370630414677407316048629581928253173828125
0.12367909380055559787070507127282326109707355499267578125
0.1266100130152164882080256802510120905935764312744140625
0.12929293980188349966198302354314364492893218994140625
0.1397002829654024058658734475102392025291919708251953125
0.132770683410698697723972827589022926986217498779296875
0.142571723741694189602213782563921995460987091064453125
0.1280934061484859942670055943381157703697681427001953125
0.1299636105768388893988429799719597212970256805419921875
0.136488637814463797948150158845237456262111663818359375
0.12439746700842579940626819734461605548858642578125
0.1471394181111493060232220386751578189432621002197265625
0.1734322511354763063362582897752872668206691741943359375
0.1310170400643941024387828520048060454428195953369140625
0.130480162332278493142467823417973704636096954345703125
0.1236383709943212061421746739142690785229206085205078125
0.1479081600181222089229748917205142788589000701904296875
0.140109992428580298895468558839638717472553253173828125
