311.894753932952880859375
310.3720052242279052734375
102.50246906280517578125
311.72412014007568359375
313.52976322174072265625
311.7573015689849853515625
315.7912995815277099609375
320.790358066558837890625
301.4773471355438232421875
300.2208373546600341796875
299.46872043609619140625
302.7682397365570068359375
302.272554874420166015625
302.8240525722503662109375
309.501156330108642578125
311.11235141754150390625
330.4345824718475341796875
330.4400198459625244140625
328.7419764995574951171875
327.760474681854248046875
329.333021640777587890625
330.437755584716796875
330.345414638519287109375
333.5145046710968017578125
322.8751823902130126953125
323.300015926361083984375
324.0340240001678466796875
324.441760540008544921875
323.622167110443115234375
324.6706192493438720703125
324.154082775115966796875
323.0130021572113037109375
322.7320086956024169921875
322.1258270740509033203125
319.7365610599517822265625
321.1785604953765869140625
322.6001751422882080078125
328.539656162261962890625
327.0481815338134765625
325.51718425750732421875
314.844792842864990234375
313.240200042724609375
313.7198007106781005859375
306.977603912353515625
316.87353992462158203125
315.64947795867919921875
312.626401424407958984375
315.7979223728179931640625
300.461101055145263671875
296.225270748138427734375
299.761138916015625
297.860940456390380859375
303.1987173557281494140625
297.5671360492706298828125
303.5106067657470703125
312.87964725494384765625
311.962683200836181640625
309.627109527587890625
307.3642017841339111328125
307.85459613800048828125
307.76822662353515625
307.1528899669647216796875
309.914831638336181640625
311.298429012298583984375
299.56932163238525390625
303.8211591243743896484375
302.22082424163818359375
299.55881214141845703125
301.470855236053466796875
303.1594979763031005859375
301.949035167694091796875
302.175529003143310546875
323.8176100254058837890625
321.2168161869049072265625
319.875232696533203125
320.4280970096588134765625
321.767332553863525390625
319.5604431629180908203125
321.2449467182159423828125
320.9775447845458984375
309.239964962005615234375
304.986654758453369140625
301.850267887115478515625
305.5500147342681884765625
300.45680713653564453125
299.4995434284210205078125
300.57180690765380859375
299.86732006072998046875
306.2211706638336181640625
303.24874114990234375
307.4914913177490234375
303.978898525238037109375
298.1828901767730712890625
299.4598214626312255859375
298.41273975372314453125
326.191549777984619140625
328.176501750946044921875
326.8481686115264892578125
329.6781084537506103515625
325.0942947864532470703125
327.8443577289581298828125
326.3961513042449951171875
307.0713884830474853515625
307.462482452392578125
307.081584930419921875
307.6958448886871337890625
307.4814083576202392578125
305.20132541656494140625
309.2533166408538818359375
322.3536455631256103515625
320.7120640277862548828125
320.079738140106201171875
319.74464702606201171875
319.378489971160888671875
318.9088649749755859375
316.4813063144683837890625
317.1618158817291259765625
317.4454424381256103515625
317.1664106845855712890625
316.273956775665283203125
316.960428714752197265625
317.2047138214111328125
319.596788883209228515625
308.499960422515869140625
308.22636127471923828125
308.09128284454345703125
307.6956169605255126953125
309.342265605926513671875
310.694282054901123046875
309.142547130584716796875
304.79361820220947265625
306.3128101825714111328125
303.3185398578643798828125
303.4810464382171630859375
303.9792678356170654296875
303.930084705352783203125
309.916946887969970703125
334.7652490139007568359375
334.4320895671844482421875
332.7019557952880859375
335.6710529327392578125
335.952095508575439453125
337.1592676639556884765625
335.2089002132415771484375
308.321884632110595703125
305.259916782379150390625
304.2267391681671142578125
303.5447709560394287109375
304.3437187671661376953125
305.0748403072357177734375
304.89426517486572265625
