0.0242700216764129006463690529926680028438568115234375
0.0195290013257477627905966954813266056589782238006591796875
0.0289166285283348478696296979251201264560222625732421875
0.01795652359584731794228673606994561851024627685546875
0.023563314758612563526440908390213735401630401611328125
0.0141929817095122305647958427243793266825377941131591796875
0.00569707737549290764433873590633083949796855449676513671875
0.01353821841872730746825226333385217003524303436279296875
0.01461701266223358781914942738922036369331181049346923828125
0.0196268198808179743231061564756601001136004924774169921875
0.0240843930312739686050438336906154290772974491119384765625
0.024115077551916254405828254903099150396883487701416015625
0.0095575382456692843657908298382608336396515369415283203125
0.0198351117713916370866034100117758498527109622955322265625
0.0128766648187273423376009162666377960704267024993896484375
0.007652643207921610256361244495337814441882073879241943359375
0.01222962407409124672985623050180947757326066493988037109375
0.00517523386818102316964118614350809366442263126373291015625
0.009863551863919801931945841033666511066257953643798828125
0.00839196412108642215976761491447177832014858722686767578125
0.00378391904127106659672108435188420116901397705078125
0.0243024264921981696108144177514986949972808361053466796875
0.00804487120315977750906188958879283745773136615753173828125
0.012478475247783678281354724504126352258026599884033203125
0.02010583718030715949520725871479953639209270477294921875
0.00981293352295033172172367130769998766481876373291015625
0.01281943666833044483122083789794487529434263706207275390625
0.01562819394177684950708595579271786846220493316650390625
0.0233066586298462559423416706749776494689285755157470703125
0.00579985400506875976855969412326885503716766834259033203125
0.0149583822701689732326268966744464705698192119598388671875
0.012337913443681548797403735306943417526781558990478515625
0.00678968396979238823785163248203389230184257030487060546875
0.01171188323381727215688474785793005139566957950592041015625
0.02483618505017602673401455604107468388974666595458984375
0.01989561207868968673029286264863912947475910186767578125
0.0154806349899183522123014000726470840163528919219970703125
0.03230567142315947382069651894198614172637462615966796875
0.01620279419104926621475470938094076700508594512939453125
0.0290409944169361666777007258133380673825740814208984375
0.01035931788693092610309509638000236009247601032257080078125
0.00810289716234658362326026548316804110072553157806396484375
0.011970206514327619284898673868156038224697113037109375
0.01154360063284414796014321069606012315489351749420166015625
0.014339723076381573341198105708826915360987186431884765625
0.004725938523173676096555961834155823453329503536224365234375
0.0157585993712829434965083663655605050735175609588623046875
0.03127720065817098105132032515030005015432834625244140625
0.0080916366500468316080851849392274743877351284027099609375
0.007326171039279836573465676252681078040041029453277587890625
0.018466645305099359253286905868662870489060878753662109375
0.01391778575241790945338227203365022432990372180938720703125
0.0271079138215397259792371897901830379851162433624267578125
0.033677418749289221577836173082687309943139553070068359375
0.0253833303137432596263689532634089118801057338714599609375
0.01343981431011396186769868421606588526628911495208740234375
0.0200860969012132579980534075048126396723091602325439453125
0.0238068320849574056874420335816466831602156162261962890625
0.00768447572609326674808460921894948114641010761260986328125
0.0115397843116823890785571649075791356153786182403564453125
0.0202690796411117146735847427407861687242984771728515625
0.01383912884504496544624263520972817786969244480133056640625
0.01449809583868229799497040488631682819686830043792724609375
0.0260860647000009208962278961507763597182929515838623046875
0.013118821194514775074768664353541680611670017242431640625
0.0175101246410740464531929916347507969476282596588134765625
0.0069820518568779847690120021752591128461062908172607421875
0.0036185625052647142629869136953857378102838993072509765625
0.0261140002755703426462474681102321483194828033447265625
0.00871996303665721096687324376262040459550917148590087890625
0.01105850626008244956544057657765733893029391765594482421875
0.015888368571214554758608272777564707212150096893310546875
0.01026213479982724351147194141731233685277402400970458984375
0.01234996245925940212828653130827660788781940937042236328125
0.01460919805078769902195734431415985454805195331573486328125
0.002069131880443443073647191710051629343070089817047119140625
0.00544439125757346931155922220568754710257053375244140625
0.0202696903939163682040192071553974528796970844268798828125
0.0229279490946096842218793199208448641002178192138671875
0.01079176176177434019753942351371733820997178554534912109375
0.01024766951775303754079704532387040671892464160919189453125
0.00928798805929920145985079216188751161098480224609375
0.0128428125306625506851787577033974230289459228515625
0.02280436176767151879030137706649838946759700775146484375
0.015021554398435166266523310696356929838657379150390625
0.0108635649065439710003744266941794194281101226806640625
0.016710243070067028192671187980522518046200275421142578125
0.01540816952544585456685855007208374445326626300811767578125
0.0227225178358134438649784669905784539878368377685546875
0.004652170095796656808240232550133441691286861896514892578125
0.020029076710403249939052017225549207068979740142822265625
0.020056761736768562165433849031614954583346843719482421875
0.01685181762791924942046506430415320210158824920654296875
0.0189888013235417103807822769567792420275509357452392578125
0.020074088648832470738181399383392999880015850067138671875
0.00554786785244355991342235512320257839746773242950439453125
0.0271176657313436132723527549615027965046465396881103515625
0.0215318054788079908667963735524608637206256389617919921875
0.00909901533898044116710490669674982200376689434051513671875
0.00778986075940703119602215309669190901331603527069091796875
0.044765276877147763823217019307776354253292083740234375
0.0109972102654057705961587743104246328584849834442138671875
0.0194700835786953581341141017446716432459652423858642578125
0.017279880641597071544435237910875002853572368621826171875
0.02203203151418826888363611260501784272491931915283203125
0.01338669608914065667359949429737753234803676605224609375
0.0147849727037107601945731261139371781609952449798583984375
0.027031842723541456285918371804655180312693119049072265625
0.0082241672875016762211952681127513642422854900360107421875
0.01002105040467837770989945056498982012271881103515625
0.00755507292683976240665888468583943904377520084381103515625
0.01147726348823505625185159573220516904257237911224365234375
0.007881753630376749086838827906831284053623676300048828125
0.005192620715177739300350001627748497412540018558502197265625
0.0196976202510790350530545111951141734607517719268798828125
0.009037325399157324079535413829944445751607418060302734375
0.01366067864697011711994090177313410094939172267913818359375
0.0289909130106471672749801626878252136521041393280029296875
0.01289948068043657823655845362509353435598313808441162109375
0.00740296682447023381146156140175662585534155368804931640625
0.004447410123583593610785413829944445751607418060302734375
0.0254981455440714509241839635933501995168626308441162109375
0.027743152851849785245352819629260920919477939605712890625
0.0083155628607573563171317942988025606609880924224853515625
0.021442862959363616359720339232808328233659267425537109375
0.007284839696666077675513140121665855986066162586212158203125
0.0213957169190176106632339525503994082100689411163330078125
0.0110592062333599271128914409700882970355451107025146484375
0.0188207244588239931692985607014634297229349613189697265625
0.0133110820384294802065650031863697222433984279632568359375
0.01931145219680761859759599019525921903550624847412109375
0.01996513571160267452864189863248611800372600555419921875
0.019397749126639919625691987903337576426565647125244140625
0.01332237097951692768316167558850793284364044666290283203125
0.01526383498301347139969319499641642323695123195648193359375
0.01563520903404162776251240529745700769126415252685546875
0.0221515800166322725239798074881036882288753986358642578125
0.023446565966599032526662682585083530284464359283447265625
0.006519831033283368486308528844119791756384074687957763671875
0.0163602885593596945879024673331514350138604640960693359375
0.01228272565939371625820530908868022379465401172637939453125
0.0088522171708668891121352118034337763674557209014892578125
0.00889934755911354902213616924200323410332202911376953125
0.0185244361393936650406200072893625474534928798675537109375
0.015421450474944857489401073280532727949321269989013671875
0.027764189679437119295801750240570981986820697784423828125
0.0208180363311544179560907963377758278511464595794677734375
0.016167360266993342776675746108594466932117938995361328125
0.0149429587051295199862099849497099057771265506744384765625
0.014105419876515312704867710635880939662456512451171875
0.016896450389644733502958473536637029610574245452880859375
