0.000498809782851202822805125602911857640719972550868988037109375
0.0005388867612602342427319257467388524673879146575927734375
0.0019514974239148853533964977913228722172789275646209716796875
0.000552413964118008489652400516689567666617222130298614501953125
0.000685010054830253295975184268939983667223714292049407958984375
0.000883835113094075578397956771681265308870933949947357177734375
0.0012260187895369177753235323535818679374642670154571533203125
0.00053296084356964303248294090309400417027063667774200439453125
0.000859773849499610178480357713937110020196996629238128662109375
0.000670642183021410574934872972363564258557744324207305908203125
0.00078809834056224777054655561414620024152100086212158203125
0.005264376249657886676358575783751803101040422916412353515625
0.00074238753665687644105186659970740947755984961986541748046875
0.00106070569697429262744081679414875907241366803646087646484375
0.0004576814378394643213938952630570611290750093758106231689453125
0.000702408774478006209772418255710135781555436551570892333984375
0.000729990860101165767691300256814201929955743253231048583984375
0.0006917469865493877829998314865633801673538982868194580078125
0.00054785872910828961081242116648581941262818872928619384765625
0.002823962209051416975824633226466175983659923076629638671875
0.00165984422794028204685423677489097826764918863773345947265625
0.000774701758423752546815765906984552202629856765270233154296875
0.000810433564970368391922050932407728396356105804443359375
0.00054932209968823410457805511697415568050928413867950439453125
0.000620361227465453962150176980827609440893866121768951416015625
0.000496802962329165862832847100349908942007459700107574462890625
0.0004762157213722039892332682509135111104114912450313568115234375
0.000740647004657892112609862689254214274114929139614105224609375
0.00100963912364943736964251197463227072148583829402923583984375
0.000586416089559634316936975739764648096752353012561798095703125
0.0006985846782946122414392764454760254011489450931549072265625
0.00053572201852076172488847927155575234792195260524749755859375
0.00057876494056931346472716359841115263407118618488311767578125
0.001536014516548744358870326465194011689163744449615478515625
0.000596277033920759196895799991722242339164949953556060791015625
0.000837141084255822276287417604834217854659073054790496826171875
0.00063843996162102714143904425014852677122689783573150634765625
0.0011786669000171147436706320377197698689997196197509765625
0.00054175397211034780065030957985072745941579341888427734375
0.00164355209042660516984002416762677967199124395847320556640625
0.0007785085988195844346193563723090846906416118144989013671875
0.00723720292499917261519470912389806471765041351318359375
0.001468514399347926879801917721124482341110706329345703125
0.0020508315191974982837075369701551608159206807613372802734375
0.000541329144971885848659776119262687643640674650669097900390625
0.000523537230586208573133999433224516906193457543849945068359375
0.00110984634089572099281684192106922637321986258029937744140625
0.00050418779234102516391413661978049276513047516345977783203125
0.000546199118036277291889091234367015204043127596378326416015625
0.0006223982259744033872228552439764825976453721523284912109375
0.000623271150998305875808036535801193167571909725666046142578125
0.000885291503250843088944355141478581572300754487514495849609375
0.000947983808768766158213414652067285715020261704921722412109375
0.000969740964713448525512384801317011806531809270381927490234375
0.00071032248001386068432527753913063861546106636524200439453125
0.000898229030605446191783125531316045453422702848911285400390625
0.00119894048251359039945762585688271428807638585567474365234375
0.000795799224606542378313012164881001808680593967437744140625
0.00094259686765656353936437827911731801577843725681304931640625
0.00088549263532536164056363503505053813569247722625732421875
0.00100414929178895711604779794612340992898680269718170166015625
0.0008848586936723305991503440992573814583010971546173095703125
0.000481011689336128373493950416417419546633027493953704833984375
0.00170848238944543173202517127862165580154396593570709228515625
0.00076235997759690750201488906867552941548638045787811279296875
0.000880447117819297309267156936840592607040889561176300048828125
0.00134896736768312501021649385535283727222122251987457275390625
0.00094856624889537162308161821755447817849926650524139404296875
0.000638400858442344132544221668723594120820052921772003173828125
0.001202778131737912946375157474676598212681710720062255859375
0.00107047806721467992675800307011968470760621130466461181640625
0.00067425484017445669847334865920629454194568097591400146484375
0.000529507250414540148360231786028862188686616718769073486328125
0.000550096403350726109900137306141232329537160694599151611328125
0.000983298301033024534090198898184098652563989162445068359375
0.000532773236735832600441398199109244160354137420654296875
0.006852454340479041672296034448663704097270965576171875
0.00196911449231549663674289973869235836900770664215087890625
0.000612258306620025775056370687110529615893028676509857177734375
0.000514673437215691707662112985843805290642194449901580810546875
0.000627954330995748508624509920394984874292276799678802490234375
0.0005009108452440347303280532287317328155040740966796875
0.000507927332094617787171253464606479610665701329708099365234375
0.00049709102430322833592046816164611300337128341197967529296875
0.000918022498197493784510836434265002026222646236419677734375
0.000539554834748672018131243621752446415484882891178131103515625
0.00099342492093753274363943095437434749328531324863433837890625
0.000556185446886484254058746756754771922715008258819580078125
0.00084017609580765519917966432927869391278363764286041259765625
0.000545097099495669653625162798249448314891196787357330322265625
0.00057393909785623188797576421649182520923204720020294189453125
0.0008360772101140231428451077277941294596530497074127197265625
0.000595286897981402662004268844242460545501671731472015380859375
0.00095146388395691053850578011719107962562702596187591552734375
0.00052446685822534768427194418194403624511323869228363037109375
0.000499530109800166120803677216599680832587182521820068359375
0.00052930500820189672374349587613551193499006330966949462890625
0.00050455450130287046554833363387615463580004870891571044921875
0.000698335077664504941773182533637509550317190587520599365234375
0.0016717395610994401251858665347072019358165562152862548828125
0.000762018196072220791066620382281371348653919994831085205078125
0.0006148934452752364242245075587334213196299970149993896484375
0.00144473403291698015808719457453435097704641520977020263671875
0.000542972364615065751676514782531057790038175880908966064453125
0.00058622801138275373346309127242648173705674707889556884765625
0.005326710347028252613699184081497151055373251438140869140625
0.0005968910370526352669739988954233922413550317287445068359375
0.000673278201561958882827296779538528426201082766056060791015625
0.000625785851266080100398225827262876919121481478214263916015625
0.000909543994356824272128070330012405975139699876308441162109375
0.000667589892552477464672533447043178966850973665714263916015625
0.00083407072518798335523937392821380854002200067043304443359375
0.0012971408790865119296797924874908858328126370906829833984375
0.000858884980667967592830869261177895168657414615154266357421875
0.00108291470486569286514610954696991029777564108371734619140625
0.00116163563469373295501674281382520348415710031986236572265625
0.000534512707811426773969742942682614739169366657733917236328125
0.000943602120174016878971501309791847234009765088558197021484375
0.00083092793523539755680407115079333379981108009815216064453125
0.00114310637761557407944545960987170474254526197910308837890625
0.0004847372279406718213745630663424890371970832347869873046875
0.00078431771392150771878004622550406566006131470203399658203125
0.00480419485317037063543121888642417616210877895355224609375
0.00050933352556310242109649522035397239960730075836181640625
0.000494257169965049204286844375388909611501730978488922119140625
0.004572470112839351064071280461575952358543872833251953125
0.000518041521717372437962068065786525039584375917911529541015625
0.0004745494750968235896267100049072951151174493134021759033203125
0.000891540941430702294119570172625799386878497898578643798828125
0.00076836500097029157563266466013374156318604946136474609375
0.000501974333298296272222460689960144009091891348361968994140625
0.00144942023830823781861687482575007379637099802494049072265625
0.0005033209591979782328297066129607628681696951389312744140625
0.00112218461474779761764819507874335613450966775417327880859375
0.000722050387820180063734587516677265739417634904384613037109375
0.0010108297390285995824565912215575735899619758129119873046875
0.000725089057391454052704793387107429225579835474491119384765625
0.00102580002860208391486651624546766470302827656269073486328125
0.000852580746384466628233489426946789535577408969402313232421875
0.0013579649001369737716660157644810169585980474948883056640625
0.000870928174554161577992916765111885979422368109226226806640625
0.000554763732310238600296814492907060412107966840267181396484375
0.00052534713139406751143678508952916672569699585437774658203125
0.000772717290402701582376077116265378208481706678867340087890625
0.00088374312084735641252553062230390423792414367198944091796875
0.000868805547000034948668112377845318405888974666595458984375
0.000726297337861016821525250719560062862001359462738037109375
0.0067654337205144028655201537958419066853821277618408203125
0.000714462669760996681340980973828891364973969757556915283203125
0.0005402409241647286759768764596856271964497864246368408203125
0.000624918229688932827005365400196978953317739069461822509765625
