2528.3249999999998181010596454143524169921875
3942.6999999999998181010596454143524169921875
32376.6500000000014551915228366851806640625
3292.52500000000009094947017729282379150390625
5215.375
6116.6999999999998181010596454143524169921875
4444.225000000000363797880709171295166015625
2557.1999999999998181010596454143524169921875
3645.4499999999998181010596454143524169921875
4918.524999999999636202119290828704833984375
55552.4000000000014551915228366851806640625
6663.774999999999636202119290828704833984375
3828.0749999999998181010596454143524169921875
60742.800000000002910383045673370361328125
6091.9499999999998181010596454143524169921875
45274.699999999997089616954326629638671875
22290.9749999999985448084771633148193359375
2980.6750000000001818989403545856475830078125
4190.274999999999636202119290828704833984375
3894.75
2688.5
7303.8000000000001818989403545856475830078125
5567.649999999999636202119290828704833984375
19787.8499999999985448084771633148193359375
10595.375
15690.82500000000072759576141834259033203125
11132.375
4004.3000000000001818989403545856475830078125
3068.02500000000009094947017729282379150390625
1556.424999999999954525264911353588104248046875
12238.024999999999636202119290828704833984375
3095.9499999999998181010596454143524169921875
4449.600000000000363797880709171295166015625
4101.9250000000001818989403545856475830078125
3433.8249999999998181010596454143524169921875
19801.875
72735.89999999999417923390865325927734375
1786.52500000000009094947017729282379150390625
4634.350000000000363797880709171295166015625
7671.375
4183.8249999999998181010596454143524169921875
5738.4250000000001818989403545856475830078125
8728.774999999999636202119290828704833984375
6031.3249999999998181010596454143524169921875
4795.8000000000001818989403545856475830078125
2955.72499999999990905052982270717620849609375
3777.02500000000009094947017729282379150390625
7970.600000000000363797880709171295166015625
6949.649999999999636202119290828704833984375
4668.3000000000001818989403545856475830078125
4167.350000000000363797880709171295166015625
13415.850000000000363797880709171295166015625
7725.125
7928.1999999999998181010596454143524169921875
5209.524999999999636202119290828704833984375
4200.350000000000363797880709171295166015625
4538.8249999999998181010596454143524169921875
2349.52500000000009094947017729282379150390625
22745.9000000000014551915228366851806640625
4025.4499999999998181010596454143524169921875
27057.1500000000014551915228366851806640625
4105.9250000000001818989403545856475830078125
3406.5500000000001818989403545856475830078125
5203.625
5205.0749999999998181010596454143524169921875
8027.149999999999636202119290828704833984375
1324.97499999999990905052982270717620849609375
2068.90000000000009094947017729282379150390625
46045.574999999997089616954326629638671875
4171.399999999999636202119290828704833984375
3862.5500000000001818989403545856475830078125
4755.975000000000363797880709171295166015625
7130.6750000000001818989403545856475830078125
5247.6750000000001818989403545856475830078125
5317.4250000000001818989403545856475830078125
4371.9250000000001818989403545856475830078125
9649.600000000000363797880709171295166015625
4558.350000000000363797880709171295166015625
4225.024999999999636202119290828704833984375
4505.1750000000001818989403545856475830078125
73905.60000000000582076609134674072265625
3476.4250000000001818989403545856475830078125
4224.649999999999636202119290828704833984375
135387.77499999999417923390865325927734375
6202.899999999999636202119290828704833984375
3336.8000000000001818989403545856475830078125
4542.600000000000363797880709171295166015625
6265.8249999999998181010596454143524169921875
4221.125
5265.975000000000363797880709171295166015625
4430.8249999999998181010596454143524169921875
5443.6750000000001818989403545856475830078125
4526.8000000000001818989403545856475830078125
6616.8249999999998181010596454143524169921875
13036.649999999999636202119290828704833984375
4872.9250000000001818989403545856475830078125
3035.52500000000009094947017729282379150390625
10189.399999999999636202119290828704833984375
6138.375
59353.7750000000014551915228366851806640625
11727.29999999999927240423858165740966796875
9022.25
2090.47499999999990905052982270717620849609375
2822.34999999999990905052982270717620849609375
13597.375
39830.824999999997089616954326629638671875
3461.3249999999998181010596454143524169921875
6211.8249999999998181010596454143524169921875
3391.22499999999990905052982270717620849609375
4670.149999999999636202119290828704833984375
4920.875
56866.300000000002910383045673370361328125
14303.625
4587.375
1650.97499999999990905052982270717620849609375
10957.375
60431.2750000000014551915228366851806640625
5026.5749999999998181010596454143524169921875
1473.450000000000045474735088646411895751953125
6698.975000000000363797880709171295166015625
6100.274999999999636202119290828704833984375
12215.125
25840.92499999999927240423858165740966796875
2457.75
5903.350000000000363797880709171295166015625
103212.25
2421.1999999999998181010596454143524169921875
3467.34999999999990905052982270717620849609375
3570.4499999999998181010596454143524169921875
6876.524999999999636202119290828704833984375
18472.92499999999927240423858165740966796875
4629.350000000000363797880709171295166015625
4298.3249999999998181010596454143524169921875
8192.79999999999927240423858165740966796875
5025
3126.25
7529.3000000000001818989403545856475830078125
2688.0500000000001818989403545856475830078125
2542.0500000000001818989403545856475830078125
3936.375
5156.4499999999998181010596454143524169921875
2236.875
7024.524999999999636202119290828704833984375
2574.97499999999990905052982270717620849609375
5446.25
5998.1999999999998181010596454143524169921875
16639.29999999999927240423858165740966796875
2700.1999999999998181010596454143524169921875
5442.774999999999636202119290828704833984375
7661.899999999999636202119290828704833984375
3658.27500000000009094947017729282379150390625
