9.3680818080902099609375
9.3872349262237566591693394002504646778106689453125
9.379362583160400390625
9.3742511272430419921875
9.323072910308837890625
9.3635880947113037109375
9.3684067726135236142681605997495353221893310546875
9.4400489330291765810443394002504646778106689453125
9.5862200260162353515625
9.5452406406402605654193394002504646778106689453125
9.4897835254669207216693394002504646778106689453125
9.60262203216552734375
9.4674365520477294921875
9.4900043010711687685443394002504646778106689453125
9.48010349273681640625
9.5483751296997088076068394002504646778106689453125
9.3994290828704833984375
9.3717136383056640625
9.3731863498687744140625
9.3594729900360107421875
9.3414127826690673828125
9.3867282867431640625
9.6380877494811993955181605997495353221893310546875
9.6181824207305908203125
9.3211867809295636533306605997495353221893310546875
9.368575572967529296875
9.36599063873291015625
9.361878871917724609375
9.4153497219085693359375
9.33802032470703125
9.3739650249481201171875
9.4367635250091552734375
9.6012980937957763671875
9.4859564304351806640625
9.5068252086639404296875
9.5399525165557861328125
9.46954059600830078125
9.5560233592987060546875
9.6120123863220197080181605997495353221893310546875
9.615693569183349609375
9.4741430282592755673931605997495353221893310546875
9.3979134559631365419818394002504646778106689453125
9.482633113861083984375
9.4205548763275164247943394002504646778106689453125
9.3578307628631591796875
9.3463108539581298828125
9.615711212158203125
9.730638027191162109375
9.3359527587890625
9.256239414215087890625
9.2956578731536882997943394002504646778106689453125
9.3128252029418963076068394002504646778106689453125
9.4925510883331298828125
9.4331905841827392578125
9.3777925968170166015625
9.5539066791534423828125
9.15950298309326171875
9.24711322784423828125
9.249525547027587890625
9.297833919525146484375
9.3449640274047833798931605997495353221893310546875
9.3591015338897705078125
9.253577709197998046875
9.3278081417083740234375
9.6657769680023193359375
9.68867397308349609375
9.6698248386383056640625
9.6866934299468994140625
9.2663652896881103515625
9.340005397796630859375
9.3946712017059326171875
9.3831810951232927919818394002504646778106689453125
9.3764789104461687685443394002504646778106689453125
9.3760454654693603515625
9.4271688461303728701068394002504646778106689453125
9.4424540996551513671875
9.316655635833740234375
9.3964374065399152158306605997495353221893310546875
9.5521259307861328125
9.336375713348388671875
9.3675310611724835752056605997495353221893310546875
9.2953784465789794921875
9.3077023029327392578125
9.395359039306640625
9.7509648799896240234375
9.6256256103515625
9.6629655361175537109375
9.6704623699188232421875
9.454048633575439453125
9.4905316829681396484375
9.4298725128173845888568394002504646778106689453125
9.431603908538818359375
9.5421361923217755673931605997495353221893310546875
9.485993862152099609375
9.5469722747802716611431605997495353221893310546875
9.443374156951904296875
9.4437110424041765810443394002504646778106689453125
9.544412136077880859375
9.5540866851806640625
9.4595243930816632627056605997495353221893310546875
9.2728335857391357421875
9.2436249256134033203125
9.7609775066375714658306605997495353221893310546875
9.6881031990051287294818394002504646778106689453125
9.6827228069305419921875
9.6918969154357927919818394002504646778106689453125
9.41158390045166015625
9.4121649265289306640625
9.4106578826904296875
9.4357998371124285341693394002504646778106689453125
9.363834381103515625
9.4795463085174560546875
9.4370386600494384765625
9.4776928424835205078125
9.5117337703704833984375
9.3096661567688006044818394002504646778106689453125
9.409992694854736328125
9.4372353553771954892681605997495353221893310546875
9.399265289306640625
9.4369947910308837890625
9.3317401409149152158306605997495353221893310546875
9.2224884033203125
9.38373279571533203125
9.4072253704071044921875
9.4429767131805419921875
9.380413532257080078125
9.3767054080963117002056605997495353221893310546875
9.3999431133270263671875
9.42047214508056640625
9.417254924774169921875
9.483732700347900390625
9.43473529815673828125
9.3969161510467511533306605997495353221893310546875
9.3355350494384765625
9.3153135776519775390625
9.25744724273681640625
9.3289878368377685546875
9.2778499126434326171875
9.43332195281982421875
9.324374675750732421875
9.6410748958587646484375
9.6147403717041015625
9.315987110137939453125
9.329342365264892578125
9.448725223541259765625
9.4662063121795636533306605997495353221893310546875
9.4450187683105486513568394002504646778106689453125
9.4858567714691162109375
9.4406185150146484375
9.4329216480255126953125
9.4214785099029541015625
