2.21693515777587890625
2.2166540622711181640625
2.220821380615234375
2.2183682918548583984375
2.22414302825927734375
2.225587368011474609375
2.2178256511688232421875
2.2171838283538818359375
2.2201220989227294921875
2.242711544036865234375
2.2323887348175048828125
2.214022159576416015625
2.22139644622802734375
2.235873699188232421875
2.207212924957275390625
2.2159435749053955078125
2.1983640193939208984375
2.216574192047119140625
2.202153682708739790285790149937383830547332763671875
2.2332003116607666015625
2.2110526561737060546875
2.2072544097900390625
2.2117297649383544921875
2.182289123535155805910790149937383830547332763671875
2.2236502170562744140625
2.2767124176025390625
2.2295167446136474609375
2.222496032714844194089209850062616169452667236328125
2.227924823760986328125
2.2218475341796875
2.2366087436676025390625
2.219146251678466796875
2.206549167633056640625
2.1745822429656982421875
2.2124664783477783203125
2.1947605609893798828125
2.213133335113525390625
2.1883122920989990234375
2.1875169277191162109375
2.178322315216064453125
2.17705249786376953125
2.1711294651031494140625
2.1674787998199462890625
2.160029888153076171875
2.185245513916015625
2.1756460666656494140625
2.1770384311676025390625
2.1802337169647216796875
2.17452144622802734375
2.1788046360015869140625
2.1809980869293212890625
2.2007071971893310546875
2.203975677490234375
2.1817910671234130859375
2.1773922443389892578125
2.1772348880767822265625
2.1889894008636474609375
2.1856768131256103515625
2.2674577236175537109375
2.1882970333099365234375
2.19024753570556640625
2.18084716796875
2.16996097564697265625
2.1765730381011962890625
2.24564838409423828125
2.2096455097198486328125
2.205848693847655805910790149937383830547332763671875
2.211067676544189453125
2.21137332916259765625
2.18925762176513671875
2.217262506484985795651709850062616169452667236328125
2.183251857757568359375
2.2483336925506591796875
2.246606349945068359375
2.2373731136322021484375
2.24219512939453125
2.22412776947021484375
2.2578003406524658203125
2.2285068035125732421875
2.22907257080078125
2.244334936141968217526709850062616169452667236328125
2.2353973388671875
2.239435672760009765625
2.2284405231475830078125
2.233338832855224609375
2.2235305309295654296875
2.23770809173583984375
2.219035625457763671875
2.2201979160308837890625
2.2080771923065185546875
2.2139418125152587890625
2.234923839569091796875
2.2233994007110595703125
2.190398693084716796875
2.2296581268310546875
2.1892168521881103515625
2.200626373291015625
2.183674335479736328125
2.2178947925567626953125
2.217580318450927734375
2.1955242156982421875
2.21716594696044921875
2.1625087261199951171875
2.1522312164306640625
2.1677801609039306640625
2.148436069488525390625
2.1690504550933837890625
2.1238005161285400390625
2.127958774566650390625
2.21975040435791015625
2.194550991058349609375
2.181636333465576171875
2.2115333080291748046875
2.18984508514404296875
2.20111083984375
2.205557346343994140625
2.1721479892730712890625
2.167898654937744140625
2.1723983287811279296875
2.151959896087646484375
2.135130405426025390625
2.139510631561279296875
2.149863004684447798098290149937383830547332763671875
2.243621826171875
2.209212779998779296875
2.270533084869384765625
2.2330169677734375
2.2620031833648681640625
2.220663785934447798098290149937383830547332763671875
2.2445003986358642578125
2.1808516979217529296875
2.177951335906982421875
2.166762828826904296875
2.1772158145904541015625
2.1623394489288330078125
2.1456468105316162109375
2.155204296112060546875
2.195500850677490234375
2.196536540985107421875
2.193370342254638671875
2.1990449428558349609375
2.1970255374908447265625
2.1850922107696533203125
2.186281681060791015625
2.2306196689605712890625
2.246553897857666015625
2.23203563690185546875
2.2504112720489501953125
2.2505285739898681640625
2.2431457042694091796875
2.233406543731689453125
