2527.86308339501510999980382621288299560546875
3758.98647315672724289470352232456207275390625
17176.48461842203323612920939922332763671875
3292.479458926269217045046389102935791015625
5215.082235954587304149754345417022705078125
6065.56169488085652119480073451995849609375
4443.9452476899386965669691562652587890625
2555.7947325820177866262383759021759033203125
3643.3290871376748327747918665409088134765625
4918.479458926269217045046389102935791015625
55532.674209206845262087881565093994140625
6663.013813481926263193599879741668701171875
3826.24685118308798337238840758800506591796875
60741.8631550546779180876910686492919921875
6089.4387350771239653113298118114471435546875
45167.2490894657676108181476593017578125
22290.8904237202150397934019565582275390625
2980.61644719091736988048069179058074951171875
4190.164400249510435969568789005279541015625
3894.68494132324167367187328636646270751953125
2688.10964793944958728388883173465728759765625
7301.5619815195095725357532501220703125
5566.46593208299600519239902496337890625
19787.08230761425147647969424724578857421875
10594.301531833485569222830235958099365234375
15690.232966041498002596199512481689453125
11131.0412971264522639103233814239501953125
3562.1781420717734363279305398464202880859375
3067.84934157275210964144207537174224853515625
1556.30138851415904355235397815704345703125
12235.767463916481574415229260921478271484375
3095.780847440428260597400367259979248046875
4448.5070142304584805970080196857452392578125
3976.726095130366957164369523525238037109375
3433.7534354555655227159149944782257080078125
19791.0427303197211585938930511474609375
72712.14057124781538732349872589111328125
1785.69875480516793686547316610813140869140625
4634.2328943818347397609613835811614990234375
7288.7534354555655227159149944782257080078125
4183.4932007485322174034081399440765380859375
5738.30138851415904355235397815704345703125
8670.604138561922809458337724208831787109375
6029.5891785253816124168224632740020751953125
4795.1233897617121328948996961116790771484375
2952.1923138520169231924228370189666748046875
3767.71256828709420005907304584980010986328125
7967.164901867154185310937464237213134765625
6949.506870911131045431829988956451416015625
4552.0959061171861321781761944293975830078125
4167.2328943818347397609613835811614990234375
13414.301603493149741552770137786865234375
7725.0274119848627378814853727817535400390625
7927.575436703118612058460712432861328125
5208.9589895122016969253309071063995361328125
4200.2328943818347397609613835811614990234375
4536.4113230922621369245462119579315185546875
2345.8361730277965762070380151271820068359375
22741.13770486128123593516647815704345703125
4025.4109647939449132536537945270538330078125
26357.13770486128123593516647815704345703125
4102.5484546762372701778076589107513427734375
3406.068565791987566626630723476409912109375
5201.835886389142615371383726596832275390625
5205.0684941323243037913925945758819580078125
8026.356284143546872655861079692840576171875
1324.8904237202141302987001836299896240234375
2067.00028663865350608830340206623077392578125
45978.818291778166894800961017608642578125
4170.1508734062381336116231977939605712890625
3859.4662187216499660280533134937286376953125
4753.0278419428432243876159191131591796875
7129.575508362782784388400614261627197265625
4884.84941323241582722403109073638916015625
4602.5344262153203089837916195392608642578125
4370.6303323325073506566695868968963623046875
9646.4251365741874906234443187713623046875
4280.1507300869116079411469399929046630859375
4147.9726596748014344484545290470123291015625
4503.1646868881643968052230775356292724609375
73838.927868057959130965173244476318359375
3476.04115380712528349249623715877532958984375
4224.506870911131045431829988956451416015625
135351.2100686154444701969623565673828125
6202.821929587889826507307589054107666015625
3335.602920347644612775184214115142822265625
4541.5070142304584805970080196857452392578125
6265.232966041498002596199512481689453125
4221.0274119848627378814853727817535400390625
5265.1097195991123953717760741710662841796875
4430.7534354555655227159149944782257080078125
5443.0959777768503045081160962581634521484375
4525.8631550546788275823928415775299072265625
6615.4522619203971771639771759510040283203125
10445.975239422683443990536034107208251953125
2938.5480963779200465069152414798736572265625
3034.69875480516793686547316610813140869140625
9807.233109360824528266675770282745361328125
6135.9726596748014344484545290470123291015625
59335.578088110662065446376800537109375
11725.71256828709374531172215938568115234375
9019.712711606420270982198417186737060546875
2089.73983695262950277538038790225982666015625
2822.2328943818347397609613835811614990234375
13581.46815353256170055828988552093505859375
32420.86487488659986411221325397491455078125
3461.123318102048870059661567211151123046875
5228.0548239697245662682689726352691650390625
3390.9452476899386965669691562652587890625
4666.4937023661759667447768151760101318359375
4877.082235954587304149754345417022705078125
48741.5645612673906725831329822540283203125
14288.824151037455521873198449611663818359375
4583.2739765292963056708686053752899169921875
1650.8904237202141302987001836299896240234375
10956.0412971264522639103233814239501953125
60409.5649195657097152434289455413818359375
5021.493917345165755250491201877593994140625
1473.15073008691115319379605352878570556640625
6491.027483644526000716723501682281494140625
6099.90416554247713065706193447113037109375
12214.767177277828523074276745319366455078125
25822.19460696124588139355182647705078125
2457.68494132324167367187328636646270751953125
5900.8907820185313539695926010608673095703125
103196.70097625473863445222377777099609375
2421.09590611718658692552708089351654052734375
3466.45219026073345958138816058635711669921875
3570.4109647939449132536537945270538330078125
6874.1373465629658312536776065826416015625
18469.2882199692030553705990314483642578125
4628.1919555536996995215304195880889892578125
4297.3426139809480446274392306804656982421875
8191.602920347644612775184214115142822265625
5024.739765292966694687493145465850830078125
3125.79458926269080620841123163700103759765625
7528.753507115228785551153123378753662109375
2687.4384484384709139703772962093353271484375
2541.6986831455042192828841507434844970703125
3936.342470661620609462261199951171875
5153.548383016574007342569530010223388671875
2236.7123533081039568060077726840972900390625
7021.8771118559316164464689791202545166015625
2574.63018901318037023884244263172149658203125
5445.274119848623740836046636104583740234375
5829.890495379877393133938312530517578125
16639.01374182226209086365997791290283203125
2699.8356714101528268656693398952484130859375
4779.945605988255920237861573696136474609375
7234.794947561007575131952762603759765625
3658.164400249510435969568789005279541015625
