-0.1679979827255010660369549668757827021181583404541015625
-0.19491586029529572865470754550187848508358001708984375
-0.1936356562376022327764957253748434595763683319091796875
-0.182715446278452875450426518000313080847263336181640625
-0.1788525860011577484076639166232780553400516510009765625
-0.1849528384953737225604442073745303787291049957275390625
-0.2002317889034748166210420095012523233890533447265625
-0.179773477315902707740491450749686919152736663818359375
-0.1928607951104640838568826666232780553400516510009765625
-0.179824373871088016851871316248434595763683319091796875
-0.183757932335138318702405513249686919152736663818359375
-0.1980290208756923797661642083767219446599483489990234375
-0.1807365176826715436053660823745303787291049957275390625
-0.190241216272115709617906986750313080847263336181640625
-0.196525455862283704444593013249686919152736663818359375
-0.1916441487520933184551807926254696212708950042724609375
-0.18804909206926823106442725475062616169452667236328125
-0.1852798366546630770557158029987476766109466552734375
-0.191574552729725844368857679000939242541790008544921875
-0.192446242719888693795127210250939242541790008544921875
-0.1914397181570529904437449886245303787291049957275390625
-0.2031184027343988507396943532512523233890533447265625
-0.18851437501609324964846337024937383830547332763671875
-0.1910808981209993484551290521267219446599483489990234375
-0.188745784983038900062268794499686919152736663818359375
-0.19558904819190503499015676425187848508358001708984375
-0.19191854134202002146736276699812151491641998291015625
-0.195748022347688677147203861750313080847263336181640625
-0.199718119055032727882093013249686919152736663818359375
-0.1853909616172313701287777121251565404236316680908203125
-0.1900062821060418960517068853732780553400516510009765625
-0.19832858338952064070070946399937383830547332763671875
-0.1868272627145051989483448551254696212708950042724609375
-0.1933956618607044208868472878748434595763683319091796875
-0.1818500646948814358783153011245303787291049957275390625
-0.1966410874575376388495584478732780553400516510009765625
-0.19272270694375037702883446399937383830547332763671875
-0.1913107328861951839105159933751565404236316680908203125
-0.1930901641398668211468958588739042170345783233642578125
-0.1888288106769323293487872206242172978818416595458984375
-0.1958597155660390942699677907512523233890533447265625
-0.1988450779765844333990543191248434595763683319091796875
-0.1745391713827848523266084157512523233890533447265625
-0.1699469356983900059088199441248434595763683319091796875
-0.19880681008100509199465477649937383830547332763671875
-0.1879631455242633808477847878748434595763683319091796875
-0.2057697609812021155573091846235911361873149871826171875
-0.1956412698328494903510232916232780553400516510009765625
-0.1883920626342296678057408598760957829654216766357421875
-0.19001123577356338056887352649937383830547332763671875
-0.1944028278440237123003697661260957829654216766357421875
-0.1944810771197080512262544971235911361873149871826171875
-0.1995924411714077029156300113754696212708950042724609375
-0.195445116907358162894325914749060757458209991455078125
-0.194615050032734882012874777501565404236316680908203125
-0.1799230143427848760406817518742172978818416595458984375
-0.18304663836956025502189504550187848508358001708984375
-0.1930583727359771739617855246251565404236316680908203125
-0.19001306325197220292722022350062616169452667236328125
-0.191396992355585104927939710250939242541790008544921875
-0.176302661374211300238101784998434595763683319091796875
-0.1933982432633638282037935596235911361873149871826171875
-0.1877828742563724395697732916232780553400516510009765625
-0.1804125863313675026677884716264088638126850128173828125
-0.18223155185580253156985008899937383830547332763671875
-0.1875328239053487833221112168757827021181583404541015625
-0.19274734973907470259035790149937383830547332763671875
-0.19083732798695562937751901699812151491641998291015625
-0.1891779321432113525336404791232780553400516510009765625
-0.205554098412394525841051518000313080847263336181640625
-0.184065378904342658028525647750939242541790008544921875
-0.1986511594057083218700654470012523233890533447265625
-0.19015885271131993672355520175187848508358001708984375
-0.1982343264669179927484066183751565404236316680908203125
-0.191450398117303854927939710250939242541790008544921875
-0.1829006724059581701080645643742172978818416595458984375
-0.1975992317497730355047025341264088638126850128173828125
-0.185322975441813475594443616500939242541790008544921875
-0.195128216221928607598812277501565404236316680908203125
-0.200436932221055019720523659998434595763683319091796875
-0.17689984560012816938723290149937383830547332763671875
-0.1804030908644199404644581363754696212708950042724609375
-0.1947201100736856427264598323745303787291049957275390625
-0.1889072282612323794293018863754696212708950042724609375
-0.1857602152973413522918377793757827021181583404541015625
-0.1969762881845235902300572661260957829654216766357421875
-0.1923610521852970045575403901239042170345783233642578125
-0.1845154072344303008978982916232780553400516510009765625
-0.1979901243746280681268245871251565404236316680908203125
-0.1947521735727787139946798333767219446599483489990234375
-0.1918948872387409299022920095012523233890533447265625
-0.1818307035416364680902034933751565404236316680908203125
-0.1965225248038768857128388845012523233890533447265625
-0.1914368877559900206097864838739042170345783233642578125
-0.1824365496635436956207598768742172978818416595458984375
-0.1856775788217782940936473323745303787291049957275390625
-0.1988086886703968048095703125
-0.19423219665884972062741553600062616169452667236328125
-0.1878114044666290283203125
-0.1997355102002620619305872651239042170345783233642578125
-0.2311062625795602676337381353732780553400516510009765625
-0.1860421040654182400775340511245303787291049957275390625
-0.18884542711079121968253957675187848508358001708984375
-0.1787969787418842437798360833767219446599483489990234375
-0.1946712502092123042718441183751565404236316680908203125
-0.185917712450027472481650647750939242541790008544921875
-0.1896588152647018521435029470012523233890533447265625
-0.157537921145558368340999777501565404236316680908203125
-0.1750698979943990651886309706242172978818416595458984375
-0.2023667050153017121782994536260957829654216766357421875
-0.1804291009157895919745584478732780553400516510009765625
-0.16507165610790253129636084850062616169452667236328125
-0.1955417249351739938934002793757827021181583404541015625
-0.1923781125992536644719876903764088638126850128173828125
-0.17246598646044730696047508899937383830547332763671875
-0.18966729998588560679451120449812151491641998291015625
-0.1957579033076763119769481136245303787291049957275390625
-0.200102350860834110601871316248434595763683319091796875
-0.1957122568041086141388262831242172978818416595458984375
-0.18761619426310061076179636074812151491641998291015625
-0.191882506757974635736019308751565404236316680908203125
-0.1908280798047780890680513721235911361873149871826171875
-0.1844614008814096373090052338739042170345783233642578125
-0.1949308180063963058525899896267219446599483489990234375
-0.18563674144446851155265676425187848508358001708984375
-0.1927955503016710314678761051254696212708950042724609375
-0.173133401498198502554970445999060757458209991455078125
-0.1889344082027673843438009271267219446599483489990234375
-0.197028542235493653311806383499060757458209991455078125
-0.1887055248767137427545748096235911361873149871826171875
-0.1565812420099973734100018418757827021181583404541015625
-0.184325715228915221199912366500939242541790008544921875
-0.174979300647974012061780513249686919152736663818359375
-0.1806494554132223040454618967487476766109466552734375
-0.1929085570573806640570779791232780553400516510009765625
-0.16780359193682670149172508899937383830547332763671875
-0.1854742745310068163799854801254696212708950042724609375
-0.18835034325718880143796241100062616169452667236328125
-0.1776847708225250122016092291232780553400516510009765625
-0.1979125400632619768970243967487476766109466552734375
-0.19165806226432324788078176425187848508358001708984375
-0.1863805990666151102264080918757827021181583404541015625
-0.19536995783448218855227196399937383830547332763671875
-0.1886269196122884739263980691248434595763683319091796875
-0.1852676049619913223320821771267219446599483489990234375
-0.18581063196063041242922508899937383830547332763671875
-0.18214320681989193406735694225062616169452667236328125
-0.1984600052982568862969259271267219446599483489990234375
-0.191723943501710902825863058751565404236316680908203125
-0.1971334374696016300543277566248434595763683319091796875
-0.186814925819635380133121316248434595763683319091796875
