96.3400268554687642108547152020037174224853515625
110.3242034912109375
100.628509521484375
99.2185821533203267108547152020037174224853515625
102.3108978271484375
85.7160186767578125
89.7445220947265625
100.2088165283203267108547152020037174224853515625
84.130950927734375
99.653778076171875
78.29946136474609375
96.5327301025390625
92.30745697021484375
92.094329833984375
91.1295776367187642108547152020037174224853515625
98.7238616943359375
91.77687835693359375
87.06531524658203125
91.6256256103515625
100.04276275634765625
88.09300994873046875
100.02701568603515625
90.7783355712890625
98.7071533203125
89.28586578369140625
101.28818511962890625
96.39235687255859375
90.5330810546875
98.78032684326171875
96.0863800048827982891452847979962825775146484375
89.7144927978515625
91.84696197509765625
102.441741943359375
94.06496429443359375
95.6674041748046732891452847979962825775146484375
85.2644500732421875
98.40717315673828125
92.52472686767578125
79.35614013671875
91.4449920654296732891452847979962825775146484375
96.4758911132812357891452847979962825775146484375
101.28693389892578125
83.36977386474609375
101.9691925048827982891452847979962825775146484375
93.8607177734375
95.08913421630859375
95.53801727294921875
97.9911499023437642108547152020037174224853515625
93.38019561767578125
89.8464202880859375
83.185821533203125
88.299774169921875
97.151123046875
98.7996215820312357891452847979962825775146484375
85.15850830078125
92.89437103271484375
97.4949188232422017108547152020037174224853515625
96.9539184570312357891452847979962825775146484375
100.9038696289062357891452847979962825775146484375
95.64111328125
94.656494140625
93.62972259521484375
99.8584060668945170391452847979962825775146484375
82.11669921875
96.63837432861328125
87.3970947265625
94.24423980712890625
95.9592132568359375
100.5045013427734375
104.56256866455078125
93.2311401367187642108547152020037174224853515625
93.90566253662109375
96.32062530517578125
97.6906280517577982891452847979962825775146484375
85.5265960693359375
99.9517364501953267108547152020037174224853515625
91.0358123779296732891452847979962825775146484375
92.5602951049804829608547152020037174224853515625
80.37461090087890625
93.454620361328125
87.15636444091796875
91.6131134033203267108547152020037174224853515625
94.36760711669921875
96.6858367919922017108547152020037174224853515625
95.5937423706054829608547152020037174224853515625
100.223876953125
97.2648468017577982891452847979962825775146484375
111.2725753784179545391452847979962825775146484375
88.2325592041015625
96.9961547851562357891452847979962825775146484375
89.561553955078125
94.3191680908203267108547152020037174224853515625
102.507476806640625
95.3530349731445170391452847979962825775146484375
98.85323333740234375
96.746063232421875
93.78327178955078125
85.05699920654296875
91.5390625
88.732330322265625
144.185821533203125
89.29534149169921875
90.41567230224609375
109.1620025634765625
94.0263061523437642108547152020037174224853515625
88.220184326171875
99.9046783447265625
99.082550048828125
100.96590423583984375
97.9466094970703267108547152020037174224853515625
91.3144989013672017108547152020037174224853515625
93.619537353515625
84.1338348388671875
92.70473480224609375
94.9519653320312357891452847979962825775146484375
98.3453979492187642108547152020037174224853515625
101.1365203857422017108547152020037174224853515625
106.8608245849609375
91.65126800537109375
98.0190505981445170391452847979962825775146484375
101.7607574462890625
89.69577789306640625
94.313690185546875
108.5440216064453267108547152020037174224853515625
105.8920440673827982891452847979962825775146484375
91.287750244140625
95.9144287109375
94.21372222900390625
82.798004150390625
99.0828704833984375
105.73465728759765625
88.7768096923828125
86.55859375
84.2916412353515625
92.8436431884765625
89.45211029052734375
93.2477416992187642108547152020037174224853515625
100.5890655517577982891452847979962825775146484375
98.433441162109375
93.63710784912109375
99.85980987548828125
96.08309173583984375
92.224273681640625
86.9321441650390625
101.1055297851562357891452847979962825775146484375
94.220733642578125
101.90470123291015625
92.3803100585937642108547152020037174224853515625
87.2739715576171875
78.9258575439453125
84.9251556396484375
