84.170009613037109375
84.351462841033935546875
84.431972980499267578125
86.7525103092193603515625
87.189823150634765625
83.435266971588134765625
83.87390899658203125
83.1222560405731201171875
84.5018863677978515625
84.7991716861724853515625
82.6607172489166259765625
84.28531742095947265625
83.786467075347900390625
84.244115352630615234375
86.6727683544158935546875
84.8719065189361572265625
83.543344020843505859375
83.9974529743194580078125
82.810187816619873046875
84.6640942096710205078125
84.4110629558563232421875
82.0061547756195068359375
82.0449340343475341796875
85.53979015350341796875
83.86028766632080078125
84.2957961559295654296875
86.7708547115325927734375
87.399383544921875
88.1104562282562255859375
84.789440155029296875
84.5045177936553955078125
86.8423674106597900390625
83.85134124755859375
83.67172527313232421875
84.082675933837890625
85.6837050914764404296875
85.27048969268798828125
86.987593173980712890625
83.1529376506805419921875
84.107912540435791015625
84.967712879180908203125
85.1920783519744873046875
84.064525604248046875
85.5618536472320556640625
85.4212124347686767578125
83.6180803775787353515625
89.49282360076904296875
83.2845346927642822265625
82.457910060882568359375
82.67697238922119140625
85.7933504581451416015625
82.4069783687591552734375
81.9547030925750732421875
83.4222633838653564453125
84.330677509307861328125
84.4217660427093505859375
82.8896777629852294921875
83.193111419677734375
82.5856969356536865234375
84.7834026813507080078125
84.0411074161529541015625
83.9570481777191162109375
84.5882623195648193359375
84.682362079620361328125
82.850655078887939453125
83.2750952243804931640625
82.3364417552947998046875
85.3674347400665283203125
84.77332592010498046875
84.0807216167449951171875
84.040869235992431640625
86.321681976318359375
84.5899531841278076171875
85.6160738468170166015625
85.4381515979766845703125
85.0085308551788330078125
84.6838436126708984375
84.127004146575927734375
85.130204677581787109375
84.22304821014404296875
83.831164836883544921875
84.0445556640625
83.503197193145751953125
85.0325031280517578125
713.3260338306427001953125
84.6766757965087890625
84.16621494293212890625
83.3829333782196044921875
83.612446308135986328125
84.0219166278839111328125
84.077017307281494140625
82.21332550048828125
81.114462375640869140625
83.6880741119384765625
84.167709827423095703125
84.63315105438232421875
85.221121311187744140625
85.4262831211090087890625
86.485834598541259765625
86.276165008544921875
84.252236843109130859375
85.091846466064453125
82.6559875011444091796875
83.03188419342041015625
87.1649301052093505859375
86.02428722381591796875
84.6663730144500732421875
84.35998821258544921875
84.45055389404296875
84.27409267425537109375
84.4816896915435791015625
83.472618579864501953125
85.6598756313323974609375
85.897159099578857421875
84.1598184108734130859375
82.8592243194580078125
82.3477404117584228515625
83.109092235565185546875
84.5779345035552978515625
82.026113986968994140625
82.7966058254241943359375
86.7709882259368896484375
87.02374267578125
84.805600643157958984375
85.52962398529052734375
83.886721134185791015625
84.766170024871826171875
85.595020771026611328125
81.8679904937744140625
82.1395957469940185546875
84.2505795955657958984375
84.2095339298248291015625
83.8866121768951416015625
85.393912792205810546875
85.062891483306884765625
84.8550021648406982421875
85.2102096080780029296875
84.2307336330413818359375
82.813826084136962890625
86.177402973175048828125
92.571718692779541015625
92.4560842514037943828952847979962825775146484375
85.294727325439453125
85.2325003147125244140625
85.2575824260711669921875
85.4326610565185546875
83.6986548900604248046875
85.0925769805908203125
84.7654273509979248046875
85.438195705413818359375
85.06815624237060546875
