15976351
16511455
16320831
16424687
16348481
15800591
16663695
16566241
16470111
16491281
16470111
16548911
16530657
16320831
16447921
16491281
16566241
16348481
16262015
16055711
15934577
16447921
16230801
16348481
16470111
16129647
16548911
16198351
16320831
16530657
16320831
16292017
16511455
16447921
16470111
16320831
16566241
16470111
16626801
15934577
16460017
16424687
16164641
16230801
15934577
16511455
16374991
16598225
16198351
15891375
16400385
16016721
16470111
16424687
16566241
16511455
16511455
16129647
16530657
16548911
15800591
16129647
15976351
16470111
16447921
16511455
16582671
16055711
16548911
16470111
16348481
16230801
16424687
16400385
15752961
16348481
16055711
16374991
16548911
16447921
16262015
16424687
15861971
16093345
16230801
16548911
16424687
16470111
16374991
15800591
16262015
16374991
16400385
16447921
16511455
16639871
16164641
16424687
16129647
15891375
16164641
16491281
16016721
16164641
16374991
16582671
16374991
16424687
16016721
16566241
16230801
16374991
16399125
16093345
16491281
16530657
16424687
16652161
16548911
16262015
16230801
16470111
16016721
16491281
16491281
16320831
16348481
16470111
16320831
16447921
16292017
15962633
16164641
16164641
16400385
16348481
16530657
16400385
16530657
16230801
16374991
16530657
16548911
15976351
16348481
16230801
16470111
16511455
15846721
16198351
16292017
