0.12440817
0.124498814
0.12449648
0.12349976
0.12399274
0.12445217
0.12424308
0.124076545
0.12437457
0.124435544
0.124634326
0.12421678
0.124338895
0.12427282
0.12442878
0.124092795
0.12375933
0.12459598
0.12447845
0.124326855
0.12440431
0.12449053
0.12392457
0.1245625
0.124488235
0.12436031
0.12433198
0.12459183
0.124361575
0.12451111
0.12450113
0.12434177
0.124315955
0.12443809
0.12458245
0.12406592
0.12414866
0.1244393
0.12444413
0.124131374
0.12420043
0.12409897
0.124235444
0.1241347
0.12417321
0.12439035
0.12454735
0.124630466
0.1244925
0.124534324
0.12410696
0.12443839
0.12450033
0.12416277
0.124000646
0.12423618
0.12447962
0.124284826
0.12446513
0.12429542
0.124487974
0.12464229
0.12422475
0.1246238
0.12439428
0.124372974
0.124487996
0.12403475
0.12406126
0.12436889
0.124288306
0.124329805
0.12414904
0.12405844
0.12371487
0.12434794
0.12430058
0.12418921
0.124225095
0.12397126
0.12424643
0.124176174
0.124069795
0.12414554
0.12449485
0.124080494
0.1244681
0.12399229
0.12444501
0.123384334
0.12358775
0.12430622
0.12415236
0.12453221
0.12375112
0.12402291
0.12448633
0.12433055
0.123995535
0.12447104
0.124405816
0.12413481
0.124511115
0.1238824
0.12436403
0.12441325
0.12445529
0.12395704
0.12428278
0.1246781
0.124534346
0.1235361
0.12465036
0.124393746
0.12436767
0.12436177
0.12411815
0.12458067
0.124387786
0.12459949
0.124659844
0.12457275
0.12428598
0.12416559
0.124074064
0.12353271
0.124571055
0.12441579
0.12453121
0.12436724
0.1244322
0.124501705
0.124543555
0.12405068
0.12409611
0.12425929
0.12447689
0.12462173
0.12366043
0.12434406
0.12409173
0.12437743
0.1242698
0.12467983
0.12434819
0.12417931
0.12424363
0.124430016
0.124259084
0.12423143
0.12468853
