237130096585713505651824413045132417
157949629391987202889538258988282649
271895973057686881837347441248767500
238478474885639298763985028537196054
181866541123622418618456949868124195
175526162648967316463594786693039996
179606573883170965827883334237469572
204320973743686214467614403055779679
200645830539932572446294600631256727
123674502525768064371240803104911606
155047592036527490109943252179240229
200558703389942440512383434213695112
162810738564599725039635238503829208
216596921481150180368679218539483459
142126720098855317561946617841934687
206077924132485376920261204368755941
234106589305759652406107116169296217
236044439261215891832265769322889679
200456210390611270899735231347039609
242550641384696546844013006983727774
148622025207584175011783078689774596
233267206011423156902781325238951138
225083293891636615538876885852601635
222087606829769181688710934883999307
154955315617781996156196019840594355
201534669853859086524589997783029444
117358976843484974725687331281507475
177673459068800725929685602991136194
206587245605388811433640346235012278
180752431999088268778214090664981578
153320934426706024672508918584711565
148865454050509517815442455657772281
204055774148188153943845927714958234
259438603882324331831737170533550873
201027614105729881762987870562416205
231323381536865092441060256906487922
216461868674028413332668449948678028
272851289175712039796261418602486715
144312206095959533252333600720498989
260568307511252018569065587262055054
259800766855623440895485426698177307
180520837157123257803863028424089900
170584703818049569726571030356809737
202151850688251591605682416634950596
269527143220489735225704426053380979
275704068463573948234829068372507201
160112421149035044338451701552307576
169111592232246070628987482680791552
270131889957439312623974315934659654
286311351288101312776395835986822704
139866147553494168422646369044902787
270169694891806228664888935186779102
245890844485137230886898628011090269
239733333559412673750611762538192330
197304553354087855578743528548229090
222987372261456439868897190020864118
144831474278863150123901685823258270
246063376412619258305622069880417308
156778464648341499875781310431708854
172954385996181202853042488034558467
138587221106219874625228888316337263
172366488175902249389420472707044372
226188410999207772185065875993970234
143704651431179874595648156483879328
217399835942248181958180837272597771
151055295079506586808406428712312718
224945693348352930750363335527652816
218003789296244506094555183046996787
162869647431091484434258380077159720
238357499292774869838738569317570161
247128647324453045916920641640126815
242971409628668428432144882203677801
205132878248800605334153689932307031
148158043973998577400193437448090097
223289514001961798608560032651210483
190198429154947134932945974380586382
215525125752153379967012398137164670
182175605552693231002206428376333388
164914545463677067883651355580145559
52393155313402926485556264956803845
215830153396779335966752458448086305
111443955013969053372014977007737041
204655506465312344822758408115107540
222668865908772675002611206834000050
121747887385042890665497620536726554
147340750310076588383195025127351675
211406847114094785576279424577146707
194439714816351695717280796670456304
218824523608480116035479113040602173
154263743169746243028662962671789899
122661855117397481575807648032200389
99723756682341491383097647136480034
187872310632588076768471386217389677
232459435001187651792226454482463008
235326640465293763414587453896460859
179482590481971815243105239986716484
235736692677636786692350737266516183
197125879853940968772496059940789139
227181836598579636985665961983118033
328179973843249771805715751839229903
267206932152285209869374548582104381
252218658023122558689733843562927866
157793904717404803222943907584797485
258755688053024189376181533907118658
135881209895780446945693459232094513
155702199526118993342430766761376205
121997740792688090095308779185162407
186993841846392736811691053116984038
212293856478782530203026589640813985
176814656749213229396851254088317217
118610865245716112467173091197811463
233117364950642649617147109140982650
217048817020215009897936353803971672
256843689430358697117912912597190590
130356511703038604290224557491587225
140753242111920775000134719984692475
197767679711310314053469501000529092
134193071553107091489635439005509885
101451368543427000394859556255430786
172385772706694997811534627444114603
165069752386232066846807917036324218
282395808389939305493392525820063348
174283174361908615165230294455925168
167513825945871610049568454632884129
283770540077462562579702678246217475
124679930218286755131765753799547102
246098386243696737514319320319467465
152070010661850026333263409755514638
181070311125059458014070470392217800
146418783016075813946077539591749463
173146424202494130129549115979381158
115991200549622835884376189748973103
147500675704141123439314636590243341
284874882373877061029550173403692704
256736932712913087914393340340779124
194925737087742730759965649774986695
254810976272385142394537869502783379
141912430719169193281164775307582813
177438354147875806537047990735392295
174198720340264016849745560215164128
165319467426835045489337351849533152
261616098872483681063748751282491408
267952849871962960105839961785800126
184762331403342307042164659284816350
84733687494243446911584488718436960
213852791037687451563315523625185340
263121163453895845726292459244106432
130311040365859655895946391080149812
170510264678105203291843689534707722
204798073266793192483737010089873098
230311735870314059059383010467662171
