0.9997493613612997709338969798409380018711090087890625
0.99998649223472424463210472822538577020168304443359375
1.0000285603196050754348789268988184630870819091796875
0.99996036837271262687210082731326110661029815673828125
0.99977579496073831766267403509118594229221343994140625
0.99994099762283694676767709097475744783878326416015625
0.999886473567829003883389304974116384983062744140625
0.9998701587639973187293662704178132116794586181640625
0.99978606661208069272817056116764433681964874267578125
0.999935539744315260435314485221169888973236083984375
0.99798611693549188483842726782313548028469085693359375
0.9987086053891596204579172990634106099605560302734375
0.9998451288874103948245419815066270530223846435546875
0.997293092210103537809118279255926609039306640625
0.999758135071441511598777651670388877391815185546875
0.99750187159984748941354837370454333722591400146484375
0.999094846432666994218152467510662972927093505859375
0.99989573799251341146288041272782720625400543212890625
0.99996430558104554275899999993271194398403167724609375
0.99985773683306955472716026633861474692821502685546875
1.000000007606138385796157308504916727542877197265625
0.99927630300460645873528164884191937744617462158203125
0.99924846719528204186389075402985326945781707763671875
0.9994433640471218627254756938782520592212677001953125
0.99997213435728171671001973663805983960628509521484375
0.99952821826367987956274419047986157238483428955078125
0.99983379592732857243930766344419680535793304443359375
0.99998270395658528375548712574527598917484283447265625
0.99980738157277004862777403104701079428195953369140625
0.99975700821984803123854135264991782605648040771484375
0.99962129603480232020729090436361730098724365234375
0.99981200753425392147022421340807341039180755615234375
0.99969127346936603739635529564111493527889251708984375
1.0000003765542710976177431803080253303050994873046875
0.999899098994346591240400812239386141300201416015625
0.9979914716738218505298618765664286911487579345703125
0.9978332082370326983067343462607823312282562255859375
0.99970603720272277481484479721984826028347015380859375
0.99978005290156823914315964429988525807857513427734375
0.99992087458102940633608568532508797943592071533203125
0.999967480394418739564343923120759427547454833984375
0.99967063693741053942432017720420844852924346923828125
0.9990178879603679451548714496311731636524200439453125
0.9999723536512636901107953235623426735401153564453125
0.9997420914435812822063098792568780481815338134765625
0.9996614868183366642284681802266277372837066650390625
0.99987659553790353417213054854073561728000640869140625
0.99937124366999208202599902506335638463497161865234375
0.99988770855274722304528722816030494868755340576171875
0.999929277291105034208840152132324874401092529296875
0.99997060624353706348443893148214556276798248291015625
0.9996025669678163527720471392967738211154937744140625
0.9999002974953017375270292177447117865085601806640625
0.99881428466348898265181333044893108308315277099609375
0.98984938624727425438010186553583480417728424072265625
0.99982018982268427986781489380518905818462371826171875
0.99954640829702656734667698401608504354953765869140625
0.9997457925233508291285033919848501682281494140625
0.99940426602822984847307452582754194736480712890625
0.99995621168063075767662439830019138753414154052734375
0.9995388306749932727512941710301674902439117431640625
0.99948579270719506428832801248063333332538604736328125
0.99990199295090287368026338299387134611606597900390625
0.99978130467985015794596392879611812531948089599609375
0.99920007778032038370241707525565288960933685302734375
0.99991104595725543990880623823613859713077545166015625
0.99991597212938654326563892027479596436023712158203125
0.9999569349877237556256659445352852344512939453125
0.99846907727847244995444953019614331424236297607421875
0.9993730934155926615147791380877606570720672607421875
0.9997231406396769326505591379827819764614105224609375
0.99984855656081050856442971053184010088443756103515625
0.99941467735949729433997390515287406742572784423828125
0.99996792515894361574879667386994697153568267822265625
0.99997337319899715080140367717831395566463470458984375
0.999866443736662002805815063766203820705413818359375
0.99939929489433654286045793924131430685520172119140625
0.99999464130836235309374160351580940186977386474609375
0.999914628957478068826958406134508550167083740234375
0.99981994815829799971851343798334710299968719482421875
0.9981892814678996472821381757967174053192138671875
0.99978289880106563369821515152580104768276214599609375
0.99977667692898630757980527050676755607128143310546875
0.9993056036575989065084968387964181602001190185546875
0.999923741271277588538168856757692992687225341796875
0.9997366624092958176106549217365682125091552734375
0.9997148066758432261025291154510341584682464599609375
0.9996153175913475852354395101428963243961334228515625
0.99975659841198682986629364677355624735355377197265625
0.9998633495561055628542135309544391930103302001953125
0.999751827772689782847237438545562326908111572265625
0.999854907873800158313315478153526782989501953125
0.99990197156814042411809850818826816976070404052734375
0.99980350748845536745790241184295155107975006103515625
0.99916123132896028646854347243788652122020721435546875
1.00000255608902843817986649810336530208587646484375
0.99979802798279393538649628681014291942119598388671875
0.9985605465796500990194317637360654771327972412109375
0.9999396813136247619269170172628946602344512939453125
0.9981439918996188875865982481627725064754486083984375
0.99958121618278406028679228256805799901485443115234375
0.99978896195420208226067870782571844756603240966796875
0.99996943783050273868440172009286470711231231689453125
0.99994561384234348366817357600666582584381103515625
0.9995846087559605575023624624009244143962860107421875
0.999845647337631593387641260051168501377105712890625
0.99969309997570843240310978217166848480701446533203125
1.0000002510601164740222657201229594647884368896484375
0.99985213391834992791018521529622375965118408203125
0.99957041584204364692567423844593577086925506591796875
0.999912956603648428455244356882758438587188720703125
1.000015060793542520656274064094759523868560791015625
0.99967632980915144269573602286982350051403045654296875
0.99997934184977044225206554983742535114288330078125
0.99968498854336818038035517020034603774547576904296875
0.99983824880908500620790846369345672428607940673828125
0.99765315001319210264085768358199857175350189208984375
0.99927223640650220115588808766915462911128997802734375
0.99985289556301759628098579923971556127071380615234375
0.99996106613791990724848801619373261928558349609375
0.99995084945253787100938325238530524075031280517578125
0.999722073465000971026483966852538287639617919921875
0.99896197799415420437441071044304408133029937744140625
0.9998754611095235222961719045997597277164459228515625
0.99997281697660955757100964547134935855865478515625
0.99813960869934970077110847341828048229217529296875
0.99995206144567350126095561790862120687961578369140625
0.99990557726319095888101173841278068721294403076171875
0.9999334020718813054173779164557345211505889892578125
0.999155193804167840454510951531119644641876220703125
0.9997976143269566851046192823559977114200592041015625
0.99992885310360624107062221810338087379932403564453125
0.99989717760277130320645255778799764811992645263671875
0.99992728614120862662417721367091871798038482666015625
0.99981730380281430559108457600814290344715118408203125
0.99991270077279736927522435507853515446186065673828125
0.99966283811682143944921108413836918771266937255859375
0.9999519399142922093659535676124505698680877685546875
0.99998495287554678423447285240399651229381561279296875
0.9998312663384474330285911491955630481243133544921875
0.99987347807185500414561829529702663421630859375
0.99987352264475493068829337062197737395763397216796875
0.99972211339407035524118327884934842586517333984375
0.99979531985855640829896628929418511688709259033203125
0.99972166607584977970901718435925431549549102783203125
0.99993098590853246587784042276325635612010955810546875
0.99934159489604723614064596404205076396465301513671875
0.99961875212789641498289938681409694254398345947265625
0.99999670640885096606353954484802670776844024658203125
0.99972615610663873031427328896825201809406280517578125
0.9997210128024780484423672533011995255947113037109375
