0.2011894763807839103808561276309774257242679595947265625
0.2294700173352665906190139821774209849536418914794921875
0.21710802122542727232712422846816480159759521484375
0.252876082000839164098948685932555235922336578369140625
0.2116788459134915090231743306503631174564361572265625
0.2082379759082923220692151744515285827219486236572265625
0.260375198535298835178508625176618807017803192138671875
0.2381155199259911425802016538000316359102725982666015625
0.2445516564081459398583007214256213046610355377197265625
0.2130468446558529682643978730993694625794887542724609375
0.209694459357469664695372557616792619228363037109375
0.2019519021994470586722769667176180519163608551025390625
0.2297718003880653558912428024996188469231128692626953125
0.250079377823570092598259861915721558034420013427734375
0.2202390755832044078044162915830384008586406707763671875
0.1904362236366016480904050922617898322641849517822265625
0.2071826923419014254701409072367823682725429534912109375
0.2354044241583503893622264513396658003330230712890625
0.1990625156459826239352395305104437284171581268310546875
0.2165781224534344129306617787733557634055614471435546875
0.1745218054043893018967281705045024864375591278076171875
0.2270800775224317835654375130616244859993457794189453125
0.1896536020141280365347569158984697423875331878662109375
0.1830824852663030244404041013694950379431247711181640625
0.180007884492150882493888275348581373691558837890625
0.2188269011026069132963556285176309756934642791748046875
0.2120772403888474266775432397480471991002559661865234375
0.2838743777756551622815095470286905765533447265625
0.2260353326197871159930485873701400123536586761474609375
0.2397313493787531779588562130811624228954315185546875
0.1955283545790997001834199409131542779505252838134765625
0.1715840538923974756269075214731856249272823333740234375
0.2141528338938968600846379786162287928164005279541015625
0.2324530079436455398678162964642979204654693603515625
0.217037701064436650000288864248432219028472900390625
0.1970594616655560182838513583192252553999423980712890625
0.2177065272729910017091015106416307389736175537109375
0.17681000642992383831142433336935937404632568359375
0.2057494183256307618279379312298260629177093505859375
0.1917495816404039266078740411103353835642337799072265625
0.1677049101026149846571655643856502138078212738037109375
0.2604823855192162085359086631797254085540771484375
0.2288341736154313188489339836451108567416667938232421875
0.2350556649143755449937742696420173160731792449951171875
0.2035832524343874627703598889638669788837432861328125
0.2009446607973883747177978875697590410709381103515625
0.265563319049055335252518261768273077905178070068359375
0.2121615458217118443950965911426465027034282684326171875
0.2401862253039879491200991878940840251743793487548828125
0.1735130465602791327572873569806688465178012847900390625
0.1958394505560639708985348761416389606893062591552734375
0.2132712452851338869042052692748256959021091461181640625
0.2355610716353255806865263366489671170711517333984375
0.1957134703668624575723100633695139549672603607177734375
0.18492593336058849029512884953874163329601287841796875
0.2238095603561715274398835617830627597868442535400390625
0.2557894948409422664070689279469661414623260498046875
0.1875470262870956028589120023752911947667598724365234375
0.1591252269063398727677594024498830549418926239013671875
0.1761847864759308046611607778686448000371456146240234375
0.2348937304727826413941471628277213312685489654541015625
0.20939635997349059781669211588450707495212554931640625
0.1747129999978294934148692618691711686551570892333984375
0.2324060845816386111639673117679194547235965728759765625
0.2236519121010650812397813069765106774866580963134765625
0.300797210174947426963854013592936098575592041015625
0.160620378552154441376131899232859723269939422607421875
0.18637472692064072088413695382769219577312469482421875
0.282598966684438845931026662583462893962860107421875
0.2390190729468059382956113267937325872480869293212890625
0.1783998105097824027343023089997586794197559356689453125
0.260859867065374839700808706766110844910144805908203125
0.278621759892470344244230773256276734173297882080078125
0.1831174447974149577245128739377832971513271331787109375
0.1359191035317265094928274038466042838990688323974609375
0.2442704221015955801110663969666347838938236236572265625
0.1674799861641267095802021458439412526786327362060546875
0.259169777304308068810456688879639841616153717041015625
0.2799281599536105336056834858027286827564239501953125
0.1660429685033004976180137646224466152489185333251953125
0.1730516434704370831720865453462465666234493255615234375
0.1616364019950551067505983837691019289195537567138671875
0.2011023206502604854239990572750684805214405059814453125
0.2462612001259973093514332731501781381666660308837890625
0.22210131170500246877708150350372307002544403076171875
0.18352900328204635460593863172107376158237457275390625
0.2370741648991193939455257577719748951494693756103515625
0.2306627294510625869605746629531495273113250732421875
0.2468212007035484045758266802295111119747161865234375
0.1718766508678383486685703473995090462267398834228515625
0.255257402546373912688437712859013117849826812744140625
0.18627448474792396293509000315680168569087982177734375
0.255083002332999131400725900675752200186252593994140625
0.1807580110786952964918583575126831419765949249267578125
0.1623307775572021827148461170509108342230319976806640625
0.250115740365258687472049814459751360118389129638671875
0.25955552274993742845055066936765797436237335205078125
0.25333001555150891359602383090532384812831878662109375
0.256399804751311133355073934581014327704906463623046875
0.250792005015990693284066992418956942856311798095703125
0.2156637688402212871263685656231245957314968109130859375
0.1415912241909043356447028827460599131882190704345703125
0.296379106947324444387703579195658676326274871826171875
0.1747954460644044749617620482240454293787479400634765625
0.1776252397704297936176232042271294631063938140869140625
0.238544979273041857226189677021466195583343505859375
0.2090219148242109525881460285745561122894287109375
0.2100341849532815496903737084721797145903110504150390625
0.2102453008483433638531323595088906586170196533203125
0.2083821646847189568152458605254651047289371490478515625
0.1917214436586278381025039152518729679286479949951171875
0.1925044039589393352063240172356017865240573883056640625
0.2340997451594761524784615858152392320334911346435546875
0.1778615039793844110338483233135775662958621978759765625
0.1959223645481052711314617909010848961770534515380859375
0.2033367188622992871582795260110287927091121673583984375
0.2425325064644045236494918071912252344191074371337890625
0.1940571365586887253584791324101388454437255859375
0.241545199238113017514706371002830564975738525390625
0.2202177423001201173047292058981838636100292205810546875
0.20671892979964645586932192600215785205364227294921875
0.2066953104670814223009500665284576825797557830810546875
0.2456653398589253300965395965249626897275447845458984375
0.1539011794831241786152276063148747198283672332763671875
0.2139179374024600954751207382287248037755489349365234375
0.17634117447236630216167441176366992294788360595703125
0.2189346795712608095829665444398415274918079376220703125
0.220971044067144628542109785485081374645233154296875
0.233647845006337728790413166279904544353485107421875
0.306032767824547080603991844327538274228572845458984375
0.1961477585680476976026653801454813219606876373291015625
0.2127529623620158238939126249533728696405887603759765625
0.2488391027653876486080974927972420118749141693115234375
0.1757420611075381777776982517025317065417766571044921875
0.2440623981263827513288333648233674466609954833984375
0.1797699295163738553160470701186568476259708404541015625
0.1967453943867047139182346882080310024321079254150390625
0.296397478418767956753754333476535975933074951171875
0.15791708088262901288345574357663281261920928955078125
0.21999768642808081864359337487258017063140869140625
0.272789103318116399332637911356869153678417205810546875
0.173404046336192774191431453800760209560394287109375
0.274485274363554354604133322936831973493099212646484375
0.250831170841275596927744118147529661655426025390625
0.1741695566409622031311954515331308357417583465576171875
0.1785056657281750280841237099593854509294033050537109375
0.276427093432466630673616236890666186809539794921875
0.2383042027467154044817476687967428006231784820556640625
0.187117757224383840508608045638538897037506103515625
0.17235644307824582455168638261966407299041748046875
0.270776098156306821440608700868324376642704010009765625
