0.416089597158133983612060546875
0.387695464305579606811846815617172978818416595458984375
0.422708347439765874664630018742172978818416595458984375
0.308898807503283023834228515625
0.39835477061569690704345703125
0.443886052817106191437090956242172978818416595458984375
0.4650012291967868804931640625
0.379205443896353189270342909367172978818416595458984375
0.294457850046455804626788221867172978818416595458984375
0.287268453277647495269775390625
0.447476854547858182709063612492172978818416595458984375
0.375585128553211688995361328125
0.310996830463409423828125
0.338675231672823373596514784367172978818416595458984375
0.390822931192815303802490234375
0.366369302384555284302081190617172978818416595458984375
0.51085023581981658935546875
0.3907308913767337799072265625
0.49362489022314548492431640625
0.4582466185092926025390625
0.382100416347384397308672987492172978818416595458984375
0.302272647619247381012286268742172978818416595458984375
0.397762880660593509674072265625
0.419025731272995416443194471867172978818416595458984375
0.475229366682469789306964003117172978818416595458984375
0.269957282580435276031494140625
0.277569584548473302643145643742172978818416595458984375
0.334075718186795711517333984375
0.362056287936866283416748046875
0.304309015162289087097491346867172978818416595458984375
0.376252328045666217803955078125
0.275180480442941188812255859375
0.360200153663754407684649549992172978818416595458984375
0.399690343998372499267901503117172978818416595458984375
0.398449565283954088013018690617172978818416595458984375
0.456767613999545574188232421875
0.51760996691882610321044921875
0.391674834303557872772216796875
0.319377099163830280303955078125
0.387222268618643283843994140625
0.232031520456075612823809706242172978818416595458984375
0.33798824250698089599609375
0.5277356840670108795166015625
0.372853732667863313476885878117172978818416595458984375
0.463583550415933076660479628117172978818416595458984375
0.289671048521995488922442518742172978818416595458984375
0.412189803086221218109130859375
0.364735881797969285766924940617172978818416595458984375
0.477993515320122186462725721867172978818416595458984375
0.38512900657951831817626953125
0.248035628348588887970294081242172978818416595458984375
0.459672945551574174682940565617172978818416595458984375
0.35306092910468578338623046875
0.363041616044938508789385878117172978818416595458984375
0.449110209010541383545245253117172978818416595458984375
0.341426239348948001861572265625
0.383095188066363279144610487492172978818416595458984375
0.407369504682719707489013671875
0.404363100416958276550616346867172978818416595458984375
0.4418617971241474151611328125
0.30425979197025299072265625
0.372204002924263477325439453125
0.321728588081896305084228515625
0.494340613484382573883380018742172978818416595458984375
0.384757019579410497467364393742172978818416595458984375
0.442230337299406472961749159367172978818416595458984375
0.438535486347973291199053846867172978818416595458984375
0.427545452490448896210040174992172978818416595458984375
0.382255955599248409271240234375
0.446167084388434886932373046875
0.486643093638122081756591796875
0.52756702713668346405029296875
0.364541136659681797027587890625
0.399381606839597225189208984375
0.395321425981819574158038221867172978818416595458984375
0.446631989441811982910479628117172978818416595458984375
0.346921763382852077484130859375
0.326344350352883283417071424992172978818416595458984375
0.295391469262540284912432753117172978818416595458984375
0.402450346387922708313311659367172978818416595458984375
0.34741999022662639617919921875
0.359585086815059185028076171875
0.42448193021118640899658203125
0.386449067853391114990557753117172978818416595458984375
0.312482461333274785797442518742172978818416595458984375
0.410943889990448896210040174992172978818416595458984375
0.344899700023233890533447265625
0.388483637943863813202227674992172978818416595458984375
0.53339690156280994415283203125
0.5297726355493068695068359375
0.362059957347810212890948378117172978818416595458984375
0.473494962789118289947509765625
0.391523626632988397400225721867172978818416595458984375
0.293759226799011174957598768742172978818416595458984375
0.439569848589599077026690565617172978818416595458984375
0.533631271682679653167724609375
0.438803932629525605957354628117172978818416595458984375
0.379409843124449197571124159367172978818416595458984375
0.5349362194538116455078125
0.433223912492394391815508924992172978818416595458984375
0.448319041170179788391436659367172978818416595458984375
0.5231693089008331298828125
0.430923731997609082977618299992172978818416595458984375
0.32619134522974491119384765625
0.251543249003589097778643690617172978818416595458984375
0.35849055461585521697998046875
0.399197182618081514160479628117172978818416595458984375
0.417682668194174711029376112492172978818416595458984375
0.378660752438008785247802734375
0.257966131903231088440264784367172978818416595458984375
0.432161624543368816375732421875
0.376331054605543613433837890625
0.46586256287992000579833984375
0.516005062498152256011962890625
0.350155196152627412597979628117172978818416595458984375
0.491004192270338479797686659367172978818416595458984375
0.396274178288877010345458984375
0.482666798867285196106280409367172978818416595458984375
0.245173113420605603973712049992172978818416595458984375
0.2373723639175294997105680749882594682276248931884765625
0.345076200552284717559814453125
0.38998050987720489501953125
0.420864581130445003509521484375
0.280610035173594896118487440617172978818416595458984375
0.272064640186726991455401503117172978818416595458984375
0.466461709700524806976318359375
0.288989420048892498016357421875
0.365103816613554899017657362492172978818416595458984375
0.447175025008618776123370253117172978818416595458984375
0.3141763173043727874755859375
0.387088461779057979583740234375
0.506311737932264804840087890625
0.411245261318981591980303846867172978818416595458984375
0.381985566578805391113604628117172978818416595458984375
0.29554446600377559661865234375
0.261949178762733880798663221867172978818416595458984375
0.34448936767876148223876953125
0.435850331559777204315508924992172978818416595458984375
0.509527531452476978302001953125
0.282276347279548589508380018742172978818416595458984375
0.452159897424280587951983534367172978818416595458984375
0.448935567401349489013995253117172978818416595458984375
0.422914358787238597869873046875
0.419557495974004213135089003117172978818416595458984375
0.3328397758305072784423828125
0.347710044123232309143389784367172978818416595458984375
0.486909281462430898468340956242172978818416595458984375
0.406339426524937097351397596867172978818416595458984375
0.218627122230827808380126953125
0.4279131405055522918701171875
0.298622795380651895325030409367172978818416595458984375
