344719904082697571428346638165498192
342408845842886617940823213986624139
338659099325932408332594853699538762
376327730647662266763734768596075779
197223012627237403877176518426132745
318104342852469339636278531035073257
362038688657109899038662272310588103
244666900765669432703098388727929533
275868600050871163253678902752750175
167629813887549641407971355875485543
244108745349592451974125942081223656
350830420550997548517919621956653954
276181359945036452643375933073494298
311874421759609029768428306955680088
251175335765387673112875506291187193
317289876976101093437113333346954123
296708355952046251854652380240901287
310746811076245138994763534930474804
261961523267744352244540793982323159
282565875380941628907980365623562006
204878401180299974269115355595100790
364453583383029963326433653262349699
406061528118458478850287417986134126
339711883797507078024866563862569961
306615757688686846342068076469573806
251887588996728687956762165140444539
240232975484735993487039554194591935
359850286317507841689289777096162254
359498200624417737165451325730922515
266444107722337779183693688048812761
266654734923623238376278090246273286
267609788907739458952418682666457524
311486639952691835466021610745152924
401519943435027268572878130356902562
249095710285294211984139936712468405
316505507224804658445897906608519153
289867215686124964457903811127013166
374645915050914979755208612590960999
242001899847045316575151568377009647
307483990432457249485444245080540387
402052404657898657898415541136056196
259819247177154791402689829711962734
279516603978568652121118857387016601
268193084528166666013486555005693349
323641714177893119696844597766588596
297225545927442395370059236216839744
263891824056404307998348621846327484
361145525206785907427815217792330393
368503028720655138215651949531303830
342718442731742255424191178806724141
297464162057972752333517230840623491
328831720183005006606559833043230021
359011735116302925497880068164054954
303320925233378537487028437442890978
237526541433264964594063841983739504
298642950882030366435821448983923104
289349279471197446989936374356659329
350001066377115127325556885862289063
282864352508404585304447479451450252
243448369830691563700183408089040989
238430957148600349358412618079603489
328492422294956876771700036080813085
412650486013444242099419018578806616
194568025484245943744034435676301898
343663668707713973184518739292424472
292230891374689886886085749149372598
412860312165112353789556970254827993
383305072647750582071412275221479272
281502165809208387708969656386310696
311747545347518677664627365133048272
342336130915364347790973933991592057
388489253073387604407959211971813588
225388762657782007377834494139670108
275136533541462629194638104276100289
333710062791654836002058614847831968
295626474753241308612177945090524788
314518035825274853883513475672590430
334509669234903407180736560641308808
351988474501034140659745696807951263
202453944214955630182942895765408979
286750455675649260025395334865137543
307539115706678130808713472505547263
354872669513397739463192612042656122
308424868778490052023864590965356823
236081620268171146961448199342138672
313148999476654931782395492026646209
320743401594108182985086976668203900
356958207066698677102204330702079829
268690464647514502658587950185920650
186453124638136570619621096603792482
331633557797195077086972871664151254
245885738635854258483092695265609324
344522967466199132594312508909345823
360603591189691141790386350372806193
367159173419853719707370441934781849
256534510291111832588967861539989921
224848621994408712087018479310344306
364600005747552485476779231250146536
393719103553001794752302418343233851
372429255996253066328186832145786420
410119242267401343861293617324815977
511496635716823962314489481038291389
311805433511141299937391340028779047
281744172396255489503575816396371874
237966666213783685855626576473814435
270259353587832741883263685941467008
238360649405571410888475582672241100
367713456862532830278962735624794985
264545085065691164605751622105404143
339898237525672550401643428722208885
255479673770264120870488044956693901
326773961891440169128151746980014136
297713464068848702249506922436734866
323598980158344535443055774266419562
228315369370481577199596073873084149
362193210497485491181659046703254993
281482407831771456986992948229822622
350557078460450798885629871451709063
294748984363086646754229887169349791
225111924853164531576163648927318809
308647975093413253869505841305278744
383543539407471457211921810997668158
340293572299074944866607433794007902
264769241817438702553703867527716676
334432178451751335583999869531422752
261630882363204842272561625786652193
317165998431986455001779037970296397
226029629420571277750024150621236369
329498950562861329061839178075895645
300018539565765363043958604622953762
339372079712583312635563401099319558
261667080781133814686258795664028975
385099300776376035219285985657832599
330855134571065415013333893997903246
372820280797959794090846515781839621
250318602631539641154291087214504687
319736485379604214181748526938365509
230317656307295874008357095579985282
317119014178955945419305663644196113
370924080475402528511264246885122593
219252506138681097412792019633618199
309857720715539066793560080520961175
415492769427009363348105196765007657
222068820887081148557537968373813937
256602967221778767280860314155478306
324198351785616312002636024349133055
339897562776524901782690491055030864
205225085545671592869796305952950503
268346393771562356430770125265195029
245872593851102499457965960575123356
364859449467997610812068012390534216
