0.400574947103678080662092497732373885810375213623046875
0.409258905219223090288238608991377986967563629150390625
0.313785738858441742848981448332779109477996826171875
0.42201326691993934492330708962981589138507843017578125
0.2474560231040455471340777648947550915181636810302734375
0.476084396632958706252480851617292501032352447509765625
0.479059982350545310314515745631069876253604888916015625
0.387742800563889045140086864194017834961414337158203125
0.2244521777327393163847801815791171975433826446533203125
0.3588605420863137940301612616167403757572174072265625
0.413063268921215698270543725811876356601715087890625
0.27674460753648910671387284310185350477695465087890625
0.457662461787392838008514672765159048140048980712890625
0.420972572374412601359239261000766418874263763427734375
0.2625443416341883828835079839336685836315155029296875
0.312372137515444958655308482775581069290637969970703125
0.439292333239931276356315947850816883146762847900390625
0.30214379383837941528412329716957174241542816162109375
0.29013870043045086877242511036456562578678131103515625
0.441360961777223892443799968532402999699115753173828125
0.48130235617247085766479131052619777619838714599609375
0.341239080607742162332129964852356351912021636962890625
0.40736943396614389012455603733542375266551971435546875
0.490158587301897818999663059003069065511226654052734375
0.439852090933496364666410727295442484319210052490234375
0.457790976860885823196412047764169983565807342529296875
0.535169728171163594510062466724775731563568115234375
0.423040789448020537744099556221044622361660003662109375
0.416791983685352362964948724766145460307598114013671875
0.410247051874966295326174758884008042514324188232421875
0.408215871147075748393007188496994785964488983154296875
0.41168709709956463616009614270296879112720489501953125
0.305916299688355319830179723794572055339813232421875
0.373476521322801124913581816144869662821292877197265625
0.414803860406081970069180897553451359272003173828125
0.49705997407879454197399127224343828856945037841796875
0.318282983066896119073163617940736003220081329345703125
0.309515620638953936616388773472863249480724334716796875
0.48980175708499029685327741390210576355457305908203125
0.337871819396059536178000826112111099064350128173828125
0.408188370172074266317707724738284014165401458740234375
0.44277290106658429014174771509715355932712554931640625
0.31274671808306953035838660071021877229213714599609375
0.434892276772715635768662423288333229720592498779296875
0.426600119885381712236949169891886413097381591796875
0.52581108934543407951167637293110601603984832763671875
0.470484185264186283159659751618164591491222381591796875
0.454109203893355017900290704346843995153903961181640625
0.5168593652716173547645439612097106873989105224609375
0.4611089193541866304570930878981016576290130615234375
0.37975879140045798454394798682187683880329132080078125
0.1928702974283347526540666194705408997833728790283203125
0.473652094511342325322544866139651276171207427978515625
0.288207707398690782252259623419377021491527557373046875
0.4842466194291905612345772169646807014942169189453125
0.38369280640388458980538644027546979486942291259765625
0.359326690245810542734261616715230047702789306640625
0.36019597347455434288576725521124899387359619140625
0.439260469877702341978675804057274945080280303955078125
0.43354333715975512664186908295960165560245513916015625
0.3880248682214164634984854274080134928226470947265625
0.405449623131859449021163754878216423094272613525390625
0.4422019365970530913045877241529524326324462890625
0.5155374294464352136202478504856117069721221923828125
0.42022423982070744585826105321757495403289794921875
0.420502563957856068110885416899691335856914520263671875
0.422158131261459235172850412709522061049938201904296875
0.414974620215593947847310118959285318851470947265625
0.462762627317029051621233293190016411244869232177734375
0.381592153873399286823087095399387180805206298828125
0.310775219469659969018238143689814023673534393310546875
0.417365715368893719361409466728218831121921539306640625
0.40458813853514896674568035450647585093975067138671875
0.449376465784748935217152165932930074632167816162109375
0.457788791168193875957825866862549446523189544677734375
0.53181142241371881507205898742540739476680755615234375
0.44824058858133575267146397891337983310222625732421875
0.4620908239700203257172006487962789833545684814453125
0.438611577772762661897587577186641283333301544189453125
0.391717814528975416532574627126450650393962860107421875
0.32321891707308136876264370584976859390735626220703125
0.52198442561611380074992894151364453136920928955078125
0.50024488001635070144601513675297610461711883544921875
0.35238985196522365495042095062672160565853118896484375
0.371223429280153560672061985314940102398395538330078125
0.3744624243129346385927647133939899504184722900390625
0.399555207401215195517352185561321675777435302734375
0.36986963466446465265136112066102214157581329345703125
0.3659770107559523477647189793060533702373504638671875
0.40872394846538429025173400077619589865207672119140625
0.413044964922732571466212903033010661602020263671875
0.462864778505112484108252601799904368817806243896484375
0.36809361925967720718944065083633176982402801513671875
0.373691276867375965498041523460415191948413848876953125
0.492800914030211589800245519654708914458751678466796875
0.4457490014881100304222627528361044824123382568359375
0.284277335171424894166847252563457004725933074951171875
0.385206312087251145914734706821036525070667266845703125
0.4229493255269860529921288616606034338474273681640625
0.4532940465953083641892362720682285726070404052734375
0.446608171381771834607121718363487161695957183837890625
0.3794463908716279032518059466383419930934906005859375
0.4680219916013321768133437217329628765583038330078125
0.459448863317947431283982950844801962375640869140625
0.372968381250397218451553271734155714511871337890625
0.49174727572290877208871506809373386204242706298828125
0.1571581090996878316001783559840987436473369598388671875
0.420917184094328822308028748011565767228603363037109375
0.429411329155778342947513692706706933677196502685546875
0.46863389528532106709235449670813977718353271484375
0.41692794106247987873103966194321401417255401611328125
0.397971142499176533391391785698942840099334716796875
0.391596344418417618982175554265268146991729736328125
0.39928556027975681264052809638087637722492218017578125
0.335785810149629160292761298478581011295318603515625
0.3619435692802912551968574916827492415904998779296875
0.377192672411463203463455329256248660385608673095703125
0.490701115004994303792074106240761466324329376220703125
0.44115045247563500208087816645274870097637176513671875
0.445679971229029303625424063284299336373805999755859375
0.490628213341103680544819098940934054553508758544921875
0.3362288802837605228290840386762283742427825927734375
0.358042283042509568158351385136484168469905853271484375
0.432006383362891599464461478419252671301364898681640625
0.4516097764402819958462487193173728883266448974609375
0.376580053800114666895382242728373967111110687255859375
0.4437592300780199838783346422133035957813262939453125
0.399558560568028686699193485765135847032070159912109375
0.47772969284718158622382588873733766376972198486328125
0.414505183091262663364062746040872298181056976318359375
0.43460836085773635328877162464777939021587371826171875
0.462221160543513087670675076878978870809078216552734375
0.403730253057910826175458396392059512436389923095703125
0.42477886547216758827971716527827084064483642578125
0.35852893795742402094361978015513159334659576416015625
0.45410744223262333729707052043522708117961883544921875
0.37530240043522355986027605467825196683406829833984375
0.42161958541162214419983911284361965954303741455078125
0.218519296224244763404698232989176176488399505615234375
0.443506281464762397437340268879779614508152008056640625
0.341720514261091512508983214502222836017608642578125
0.411437320991072941200883406054344959557056427001953125
0.5047006712433563802022717936779372394084930419921875
0.37005233372605694786017238584463484585285186767578125
0.4016554354828307804581299933488480746746063232421875
0.427427136754359449088980227315914817154407501220703125
0.482617127433048409557159175164997577667236328125
0.501139109787779535309937273268587887287139892578125
0.446892907103955627778901771307573653757572174072265625
0.343014792340863794439798084567883051931858062744140625
0.426290413572218807036762200368684716522693634033203125
