0.116064268480005894357276474693208001554012298583984375
0.11831527442989149545571336830107611604034900665283203125
0.135254490458665888041878133662976324558258056640625
0.1321190942778029953075247249216772615909576416015625
0.11287249008962070562223090064435382373631000518798828125
0.1344076997436702003430042395848431624472141265869140625
0.127415500305587403584439698533969931304454803466796875
0.1527717589583598989388946165490779094398021697998046875
0.105726160253063306004861487963353283703327178955078125
0.127677939370301196664314602458034642040729522705078125
0.10146659683735710644203464880774845369160175323486328125
0.1642047980040289012482190855735098011791706085205078125
0.183429388051791597558093371844734065234661102294921875
0.1542659923502520957772077281333622522652149200439453125
0.1108354715669571943781335221501649357378482818603515625
0.1111381074618336961545850272159441374242305755615234375
0.1191593902951104955167949128735926933586597442626953125
0.1662773222181737897695796846164739690721035003662109375
0.1497418192167778994150495464054984040558338165283203125
0.1361784498874228088727278418446076102554798126220703125
0.151060997713575506651295654592104256153106689453125
0.1426343762128993997162496043529245071113109588623046875
0.145532891042754186639029967409442178905010223388671875
0.1275375605138474865984932193896383978426456451416015625
0.119876652470675304495983937158598564565181732177734375
0.119967560087974101090679823755635879933834075927734375
0.10823120405476770178321288540246314369142055511474609375
0.1376946855890766874264130592564470134675502777099609375
0.1425174488382524862206679472365067340433597564697265625
0.10268378675254330456567686269409023225307464599609375
0.1552189389035409927686259834445081651210784912109375
0.11634900961168880006990633546593016944825649261474609375
0.11067902883173920403070411566659458912909030914306640625
0.112777969174422898479548393879667855799198150634765625
0.12496994500797349580967221527316723950207233428955078125
0.1384329621825425016279353940262808464467525482177734375
0.1299641044984806981243963264205376617610454559326171875
0.128836566157437604207558479174622334539890289306640625
0.123765838723680798860726781640551052987575531005859375
0.155990525139554192524116160711855627596378326416015625
0.139860296213460799652494870315422303974628448486328125
0.1469743852314852883278462059024604968726634979248046875
0.12050272983593450504269384282451937906444072723388671875
0.09634080776981350513477053709721076302230358123779296875
0.1330382169236898892705767138977535068988800048828125
0.11155936500463449478903754652492352761328220367431640625
0.119173846323025800497674708822160027921199798583984375
0.1199341043406481066568858295795507729053497314453125
0.1233613414449750977919251226921915076673030853271484375
0.12164017835933539635195899109021411277353763580322265625
0.151256657293530494268196662233094684779644012451171875
0.1460198567167526884080785976038896478712558746337890625
0.1333967631833576916733363759703934192657470703125
0.10943673635035010283100831429692334495484828948974609375
0.1410993910723724875655449295663856901228427886962890625
0.1537759197094684948670106905410648323595523834228515625
0.12126471532722439550244786232724436558783054351806640625
0.1660360430315979962667682912069722078740596771240234375
0.1295952994205384900539002046571113169193267822265625
0.164502955882401102893908273472334258258342742919921875
0.1408518612279003878740013533388264477252960205078125
0.1428619664471982020348406194898416288197040557861328125
0.1239302372535072971349023873699479736387729644775390625
0.153436948520446703181363545809290371835231781005859375
0.1361936736185997975923100966610945761203765869140625
0.177946342764367992916874072761856950819492340087890625
0.1209139066100576032081193034173338674008846282958984375
0.127705399941984987233212223145528696477413177490234375
0.1320374124634157986246663085694308392703533172607421875
0.1168760136293502949200728835421614348888397216796875
0.1492841636634492930024720180881558917462825775146484375
0.10870404477098589979267018179598380811512470245361328125
0.1214168046612880969004066855632117949426174163818359375
0.1127131506766854973644598203463829122483730316162109375
0.1265456700977267978647233803712879307568073272705078125
0.1188654883935889028379051524098031222820281982421875
0.1134919858015411009422024335435708053410053253173828125
0.1275848334006556006325894259134656749665737152099609375
0.1192113494413659935400318090614746324717998504638671875
0.1236080263393529998783293422093265689909458160400390625
0.1668043901370183934584900953268515877425670623779296875
0.12211154744834440410983233959996141493320465087890625
0.1285780442129084988334142281019012443721294403076171875
0.1151898058086004983380234989454038441181182861328125
0.13864882807571898837295520934276282787322998046875
0.12209407051040739589087280592138995416462421417236328125
0.180551370239410202689356310656876303255558013916015625
0.11986461143645910087940364974201656877994537353515625
0.1736153546622845877944740777820697985589504241943359375
0.1367578121101256927172329369568615220487117767333984375
0.12091811354663939415132745125447399914264678955078125
0.1357216225666104947311652040298213250935077667236328125
0.1378526248483508964692845211175153963267803192138671875
0.1443436536005449910557985049308626912534236907958984375
0.14077894851211658622247568928287364542484283447265625
0.127603627548358689036689384010969661176204681396484375
0.1785226137688853131901822735017049126327037811279296875
0.120554346530965694750392458445276133716106414794921875
0.143232433284690208186162863057688809931278228759765625
0.102552895074152494725439055400784127414226531982421875
0.1299069343993501934875212100450880825519561767578125
0.174191655358161001654337951549678109586238861083984375
0.1333020875877422017907747431308962404727935791015625
0.112945993455920101755651785424561239778995513916015625
0.1275009930660251089573620220107841305434703826904296875
0.12393551050440880512137908908698591403663158416748046875
0.1402188993989317011834572213047067634761333465576171875
0.1322525116949722912007558761615655384957790374755859375
0.1513204619392841954184092401192174293100833892822265625
0.131728662534927598581901975194341503083705902099609375
0.12226585339732580492988489595518331043422222137451171875
0.116234715246281705702813269454054534435272216796875
0.1506503446918439903523534439955255948007106781005859375
0.136662292681589303544598124062758870422840118408203125
0.11913565606606719982085706988073070533573627471923828125
0.130586754376741887018198440273408778011798858642578125
0.119571895777898895563140513331745751202106475830078125
0.14044057603394299871268913193489424884319305419921875
0.121307341550841496502499694543075747787952423095703125
0.13754307939994758758217585636884905397891998291015625
0.1270657956440068014902777804309152998030185699462890625
0.133907878384199097165918601604062132537364959716796875
0.1403891154369261984324879222185700200498104095458984375
0.141965239473759996524648840932059101760387420654296875
0.1312273831400987134099267450437764637172222137451171875
0.17136623870723699525342453853227198123931884765625
0.13896952658972649974344903966994024813175201416015625
0.120048351512361595183620011084713041782379150390625
0.136457620562615289383501249176333658397197723388671875
0.136909712821456308606826723917038179934024810791015625
0.1472362205810890944945867886417545378208160400390625
0.1208563938886453026366751828390988521277904510498046875
0.1184812787949847956436855156425735913217067718505859375
0.1305690421547978929961431049378006719052791595458984375
0.1328342660817753984048295023967511951923370361328125
0.125248143451252291757924695048131980001926422119140625
0.12368252781391060601823284059719298966228961944580078125
0.144734434895222197070552283548749983310699462890625
0.1271987976460380032062147392935003153979778289794921875
0.144721341346288612239590065655647777020931243896484375
0.174810480622700492592258569857222028076648712158203125
0.1402994515777561124192374109043157659471035003662109375
0.123828231351538697868619465225492604076862335205078125
0.12347114523763169646741744145401753485202789306640625
0.13391429311451419348344415993778966367244720458984375
0.154822106851146390482654169318266212940216064453125
0.1213417478672186022858880960484384559094905853271484375
0.1340580972738492082640959779382683336734771728515625
0.11827786100374319822048363448629970662295818328857421875
0.1682364189886051963895852168207056820392608642578125
0.1701937107126005044310801395113230682909488677978515625
