3.9289546
5.040219
4.7308683
5.2784467
4.2732234
4.921404
3.918849
4.320045
5.035701
2.540547
4.10019
3.6156433
6.423117
4.309673
3.5208662
2.9090252
5.944237
4.1942787
4.232878
4.7479157
4.084064
5.76247
3.2276945
3.100134
3.8036075
3.5999882
2.9662209
5.734186
3.861322
4.3752065
3.534358
2.524469
4.3272443
4.385545
4.1735296
4.233117
2.8791997
4.232975
4.0782027
2.769847
3.6360488
6.431451
3.692585
5.0802565
2.7268517
3.3307006
5.149861
2.496668
3.0920315
5.1100764
4.573443
3.4459622
4.930732
3.2981396
4.562366
3.148127
6.7387724
2.8183177
3.79652
2.9983313
2.5340211
4.3715506
4.390038
3.0867696
5.119659
4.694913
5.0113807
3.343159
5.837266
2.8125126
3.3931205
3.9226067
3.97346
4.5685925
4.2194705
3.3756278
4.2272367
4.372076
5.4700875
2.963943
3.749385
3.5397038
6.70669
4.168778
4.0410676
3.8780787
3.9007995
4.601894
2.5697467
3.3148038
4.2332134
2.4752939
4.9993305
4.633811
3.01025
4.102669
2.830847
3.4513383
4.757223
3.216141
4.230213
4.2518926
3.9183624
3.4152775
4.7523456
6.7967634
3.6728392
3.9360986
4.1381097
3.2664282
5.06546
3.4724674
3.2668428
4.034219
3.1617558
3.2646663
4.624539
2.6937826
3.873592
4.0779905
4.0563626
3.4171057
4.083033
2.8744733
4.0795045
4.2021155
4.6137385
4.835783
3.2921112
5.190542
3.8292944
4.3799577
5.2683067
3.9863813
3.4676507
3.2412212
3.6557035
4.189302
3.7101767
3.8416152
3.9752486
2.8183637
3.9306242
2.4317622
4.7695875
2.8021944
3.5473378
4.957034
4.732099
4.786751
3.0044067
