0.3352177995546015143446538786520250141620635986328125
0.387622154218798531388756600790657103061676025390625
0.2584567179758685551149710590834729373455047607421875
0.389808305989941261682218964779167436063289642333984375
0.07302629654826821303803541240995400585234165191650390625
0.423730678648101266592362890150980092585086822509765625
0.399777643017588057983147109553101472556591033935546875
0.3437807587884165183567120038787834346294403076171875
0.090458203417734417417506165293161757290363311767578125
0.1311227515293644507732295778623665682971477508544921875
0.30559118161053111517588831702596507966518402099609375
0.156461438963790444578449978507705964148044586181640625
0.37957637344695649428416572845890186727046966552734375
0.332750076486551249477230385309667326509952545166015625
0.2285165642711069755588226826148456893861293792724609375
0.314124830492484130584074364378466270864009857177734375
0.306388620299880509723067234517657198011875152587890625
0.2338501303503127404237460496005951426923274993896484375
0.23300851818932033499010003652074374258518218994140625
0.3893315704944890764949150252505205571651458740234375
0.4499202981165131287610847721225582063198089599609375
0.304503075807028678045895730974734760820865631103515625
0.386683022033877110690269773840554989874362945556640625
0.427082298571537066766978796295006759464740753173828125
0.375076219637748342616845320662832818925380706787109375
0.407119916872245413141939707202254794538021087646484375
0.510333045170019428127261562622152268886566162109375
0.332784622141709063303238735898048616945743560791015625
0.38410233810991012415314571626367978751659393310546875
0.310720908353587732531053688944666646420955657958984375
0.388614529298907551702058071896317414939403533935546875
0.300009677737018420895509507317910902202129364013671875
0.20763030674257010321781535822083242237567901611328125
0.2387264390766585531178378687400254420936107635498046875
0.354830547900770898461786373445647768676280975341796875
0.34578293772919632687035118578933179378509521484375
0.2437474463004355162976111159878200851380825042724609375
0.2437961384255965258116560789858340285718441009521484375
0.3790085606169923959640755128930322825908660888671875
0.268732431644796709857558880685246549546718597412109375
0.3394942355968970648660842925892211496829986572265625
0.3374949262710662534203720497316680848598480224609375
0.268078435604470310948954647756181657314300537109375
0.36783982065452869303356919772340916097164154052734375
0.41167712558333757755235637887381017208099365234375
0.50474180321873240995245168960536830127239227294921875
0.477209609856381222758869853350915946066379547119140625
0.358262901928064703138687718819710426032543182373046875
0.5124668067946760441344622449832968413829803466796875
0.38387361244241346991401542254607193171977996826171875
0.296813913624389635881328786126687191426753997802734375
0.1343938734640700294331594477625912986695766448974609375
0.421898274011951512907359074233681894838809967041015625
0.20647948746064859193438678630627691745758056640625
0.40801548562059697378145983748254366219043731689453125
0.3541495452755334394367991990293376147747039794921875
0.340470283009444207866778242532745935022830963134765625
0.30532237094722258774481815635226666927337646484375
0.416986879282128797274964426833321340382099151611328125
0.388196225922703586075357407025876455008983612060546875
0.340744344595022174981835405560559593141078948974609375
0.371088963060762500045797196435160003602504730224609375
0.3958852626229452109640760681941173970699310302734375
0.457769517802293968156135406388784758746623992919921875
0.38034381916902171294481149743660353124141693115234375
0.372411931715424360245236812261282466351985931396484375
0.2855017376716795229896206365083344280719757080078125
0.34908375637157507132002365324296988546848297119140625
0.4508726907708766606930339548853226006031036376953125
0.25973983437955527886487061550724320113658905029296875
0.28227754581081787588203724226332269608974456787109375
0.3130637238702751456997930290526710450649261474609375
0.310896856125935705517093765593017451465129852294921875
0.331123409536106250161680009114206768572330474853515625
0.347871613216553965397537240278325043618679046630859375
0.492623259054942363999174403943470679223537445068359375
0.36045412018313360835719549868372268974781036376953125
0.436493892551219009323659747678902931511402130126953125
0.32867443901878401479876856683404184877872467041015625
0.360364701543308407760690670329495333135128021240234375
0.1958718688760144044369582161380094476044178009033203125
0.481180618389717318361675779669894836843013763427734375
0.46769267010819837171453627888695336878299713134765625
0.253431476351101359067996554585988633334636688232421875
0.339304559606293187901115970817045308649539947509765625
0.2772189515646041879648464600904844701290130615234375
0.3448055110621932595194039095076732337474822998046875
0.336927953221756892876470601549954153597354888916015625
0.32608185271141076899681365830474533140659332275390625
0.345822630360809790683873643502010963857173919677734375
0.350805397176701505568274797042249701917171478271484375
0.423395077402472563843360831015161238610744476318359375
0.2413365098614340953364632014199742116034030914306640625
0.3411703543073214550673810663283802568912506103515625
0.4442216152044242694074682731297798454761505126953125
0.3981053767377422669682118794298730790615081787109375
0.2430938289066691126993902116737444885075092315673828125
0.2185251958438127195538669411689625121653079986572265625
0.37214592564410520214579491948825307190418243408203125
0.429587257492346108467273779751849360764026641845703125
0.44187970636960949288862821049406193196773529052734375
0.305543565143071571554855836438946425914764404296875
0.40881108286900247339445968464133329689502716064453125
0.35324252617537721388174531966797076165676116943359375
0.273299085320044543578887896728701889514923095703125
0.3630106114559727981117021045065484941005706787109375
0.1050553460178427489513097725648549385368824005126953125
0.335338178783961715634376332673127762973308563232421875
0.322073707094678918227970143561833538115024566650390625
0.435619572709489200068588843350880779325962066650390625
0.350016558389430076925208368265884928405284881591796875
0.3397609327820767521899369967286475002765655517578125
0.344315202706208134397769526913180015981197357177734375
0.317327736066896515243485055179917253553867340087890625
0.280876782060690721731788244142080657184123992919921875
0.256557255326115285498644880135543644428253173828125
0.297384916064930726609105704483226872980594635009765625
0.457382895966669089649059287694399245083332061767578125
0.408445663317635043743081268985406495630741119384765625
0.40661145524568997888792409867164678871631622314453125
0.4167784741018498717579632284468971192836761474609375
0.300540253250278610597234774104435928165912628173828125
0.3121398337619194496284080742043443024158477783203125
0.30942418567667306916746383649297058582305908203125
0.395984061561366396109207244080607779324054718017578125
0.307253525405710437023998338190722279250621795654296875
0.414496790009288573752854745180229656398296356201171875
0.33905402074162538372803510355879552662372589111328125
0.404948886889453907311775537891662679612636566162109375
0.36881205059282395897213291391381062567234039306640625
0.258490230367478701634098570139030925929546356201171875
0.440022503859049007868264880016795359551906585693359375
0.3719741856957845538289575415547005832195281982421875
0.3975431773681676883569480196456424891948699951171875
0.2350463638046541847703707617256441153585910797119140625
0.441212795119460376991327166251721791923046112060546875
0.371359353410144865659248125666636042296886444091796875
0.372415718373907633775843351031653583049774169921875
0.07560876936581796547987011081204400397837162017822265625
0.4106049114521501675056924796081148087978363037109375
0.06384878568802489218203533027917728759348392486572265625
0.361445265564358575449688260050606913864612579345703125
0.454814225561405438558182368069537915289402008056640625
0.29860859747460388735618153077666647732257843017578125
0.35355847081158586764360052256961353123188018798828125
0.390315002255209098080968033173121511936187744140625
0.468297845057863482143289957093656994402408599853515625
0.4946063587529743177384489172254689037799835205078125
0.37483109721758445243011692582513205707073211669921875
0.3015025249887219871425259043462574481964111328125
0.397999874919200136158536906805238686501979827880859375
