0.98951768875122081414730246251565404236316680908203125
0.986690998077392578125
0.99585056304931640625
0.9840929508209228515625
0.99870312213897705078125
0.99090015888214122430355246251565404236316680908203125
0.99940389394760120733707253748434595763683319091796875
0.995037615299224853515625
0.99766409397125244140625
1
0.997926235198974609375
0.99753648042678844110042746251565404236316680908203125
0.99803441762924205438167746251565404236316680908203125
0.9978120326995849609375
0.98927795886993397100894753748434595763683319091796875
0.99615347385406483038394753748434595763683319091796875
0.998775959014892578125
0.999456584453582763671875
0.99793994426727294921875
0.99622952938079845086605246251565404236316680908203125
0.9987676143646240234375
0.999446809291839599609375
0.993591785430908203125
0.998635947704315185546875
0.998724043369293212890625
0.99915021657943714483707253748434595763683319091796875
0.99412143230438243524105246251565404236316680908203125
0.997528553009033203125
0.9950678348541259765625
0.995691239833831787109375
0.990963757038116455078125
0.99013286828994762078792746251565404236316680908203125
0.992843449115753173828125
0.99750816822052001953125
0.98981708288192760125667746251565404236316680908203125
0.99677944183349598272769753748434595763683319091796875
0.99853992462158203125
0.9987270832061767578125
0.99457001686096202508480246251565404236316680908203125
0.9906480312347412109375
0.99763381481170643194644753748434595763683319091796875
0.99805188179016124383480246251565404236316680908203125
0.982913911342620849609375
0.99904143810272216796875
0.99777472019195556640625
0.99498707056045521124332253748434595763683319091796875
0.99162870645523082391292746251565404236316680908203125
0.99753153324127197265625
0.997622966766357421875
0.9973003864288330078125
0.99852514266967762335269753748434595763683319091796875
0.987408936023712158203125
0.99701595306396484375
0.998174726963043212890625
0.99732679128646839483707253748434595763683319091796875
0.99347680807113636358707253748434595763683319091796875
0.993617355823516845703125
0.9972031116485595703125
0.99792444705963123663394753748434595763683319091796875
0.98017305135726917608707253748434595763683319091796875
0.99381673336029041632144753748434595763683319091796875
0.99296617507934559210269753748434595763683319091796875
0.99102365970611561163394753748434595763683319091796875
0.998627603054046630859375
0.98897838592529296875
0.99897301197052001953125
0.99785095453262317999332253748434595763683319091796875
0.98951542377471923828125
0.998232364654541015625
0.99652588367462158203125
0.99694812297821044921875
0.99845695495605479852230246251565404236316680908203125
0.993251740932464599609375
0.99878346920013438836605246251565404236316680908203125
0.96372705698013316766292746251565404236316680908203125
0.996308803558349609375
0.99767941236495960577457253748434595763683319091796875
0.99540215730667125360042746251565404236316680908203125
0.98663699626922596319644753748434595763683319091796875
0.984375059604644775390625
0.99702227115631103515625
0.99448692798614501953125
0.998066723346710205078125
0.98607504367828358038394753748434595763683319091796875
0.98083841800689697265625
0.99905550479888916015625
0.996053516864776611328125
0.99271452426910400390625
0.998505055904388427734375
0.99632990360259998663394753748434595763683319091796875
0.97556334733963001593082253748434595763683319091796875
0.992368161678314208984375
0.99317342042922962530582253748434595763683319091796875
0.99834287166595458984375
0.99622529745101917608707253748434595763683319091796875
0.996446788311004638671875
0.98537462949752796514957253748434595763683319091796875
0.996456921100616455078125
0.998308837413787841796875
0.99784862995147705078125
0.99479490518569957391292746251565404236316680908203125
0.99918884038925159796207253748434595763683319091796875
0.99743193387985240594417746251565404236316680908203125
0.99135601520538318975894753748434595763683319091796875
0.98961496353149402960269753748434595763683319091796875
0.99903440475463878289730246251565404236316680908203125
0.99618703126907359735042746251565404236316680908203125
0.99716204404830921514957253748434595763683319091796875
0.997437894344329833984375
0.99313747882843017578125
0.99790287017822276727230246251565404236316680908203125
0.980578720569610595703125
0.99790489673614501953125
0.99944597482681285516292746251565404236316680908203125
0.99632167816162120477230246251565404236316680908203125
0.99819922447204600945980246251565404236316680908203125
0.990985691547393798828125
0.99731475114822398797542746251565404236316680908203125
0.996530234813690185546875
0.9986350536346435546875
0.99916470050811756475894753748434595763683319091796875
0.997940838336944580078125
0.99274617433547962530582253748434595763683319091796875
0.99061441421508800164730246251565404236316680908203125
0.98546463251113880499332253748434595763683319091796875
0.999324142932891845703125
0.99892109632492076531917746251565404236316680908203125
0.98751521110534679070980246251565404236316680908203125
0.99840450286865245477230246251565404236316680908203125
0.99271768331527721063167746251565404236316680908203125
0.994100034236907958984375
0.997747957706451416015625
0.99078738689422596319644753748434595763683319091796875
0.99774575233459483758480246251565404236316680908203125
0.996692359447479248046875
0.9986417293548583984375
0.99539101123809803350894753748434595763683319091796875
0.991481721401214599609375
0.99918991327285755499332253748434595763683319091796875
0.998754203319549560546875
0.996339380741119384765625
0.997185528278350830078125
0.9939801692962646484375
0.99834555387496959344417746251565404236316680908203125
0.97742646932601917608707253748434595763683319091796875
0.998035728931427001953125
0.99709594249725341796875
0.998790919780731201171875
0.99769926071167003289730246251565404236316680908203125
0.99751716852188121453792746251565404236316680908203125
0.99332809448242198602230246251565404236316680908203125
