16122790
16452283
16338559
16424687
16271409
15800591
16663695
16519518
16510466
16491281
16470111
16548911
16530657
16320831
16447921
16491281
16428946
16334662
16262015
16182396
16130891
16245863
15993136
16348481
16470111
16129647
16369102
16258275
16399446
16534562
16359559
16362094
16489737
16447921
16470111
16320831
16499888
16470111
16626801
15934577
16316061
16238223
16164641
16429756
16023714
16472390
16273005
16560346
16198351
16003552
16400385
15951168
16418545
16424687
16483581
16471035
16511455
16207337
16530657
16548911
15974919
16412603
16270568
16470111
16423606
16451043
16582671
16233985
16548911
16471744
16348481
16230801
16424687
16440267
15799113
16355058
16211633
16322417
16479348
16404361
16293055
16395303
16183414
16126254
16230801
16493287
16408279
16470111
16374991
16028597
16299590
16374991
16404210
16422819
16377523
16531119
16164641
16424687
16241193
15891375
16314424
16362676
16308757
16164641
16252729
16487305
16242359
16424687
16104668
16566241
16230801
16316247
16342181
15916209
16492195
16436833
16447902
16652161
16533282
16262015
16169509
16360347
16097478
16491281
16491281
16083927
16348481
16429956
16320831
16447921
16330246
16047656
16164641
16164641
16400385
16310325
16513809
16474768
16530657
16230801
16354151
16477774
16403272
16249863
16348481
16271273
16470111
16350790
15994406
16198351
16351619
