4.676394939422607421875
4.649791717529296875
4.653294086456298828125
4.6896495819091796875
4.68316936492919921875
4.6719057559967041015625
4.6902220249176025390625
4.6659967899322509765625
4.565166950225830078125
4.5654795169830322265625
4.6599838733673095703125
4.5613458156585693359375
4.5877563953399658203125
4.639317989349365234375
4.54619884490966796875
4.5773608684539794921875
4.5543606281280517578125
4.5565268993377685546875
4.6743738651275634765625
4.5712120532989501953125
4.58759307861328125
4.563284397125244140625
4.571848392486572265625
4.572552204132080078125
4.5842216014862060546875
4.603190898895263671875
4.586874485015869140625
4.585272312164306640625
4.5787045955657958984375
4.578582286834716796875
4.5995628833770751953125
4.61779308319091796875
4.6969583034515380859375
4.688127040863037109375
4.6836879253387451171875
4.6630289554595947265625
4.6336762905120849609375
4.6551799774169921875
4.6192734241485595703125
4.65824604034423828125
4.6295955181121826171875
4.6058204174041748046875
4.67178440093994140625
4.64892292022705078125
4.6271598339080810546875
4.6484735012054443359375
4.603977203369140625
4.674184322357177734375
4.5869305133819580078125
4.6022040843963623046875
4.555696010589599609375
4.5798757076263427734375
4.5516598224639892578125
4.5594875812530517578125
4.5228970050811767578125
4.546405315399169921875
4.6274356842041015625
4.6330678462982177734375
4.640182971954345703125
4.628560543060302734375
4.64792728424072265625
4.64601993560791015625
4.6159360408782958984375
4.6323454380035400390625
4.739007472991943359375
4.6363828182220458984375
4.623065948486328125
4.607822418212890625
4.6661756038665771484375
4.6484029293060302734375
4.6142437458038330078125
4.591451168060302734375
4.57203769683837890625
4.610620021820068359375
4.574555873870849609375
4.5546395778656005859375
4.5317766666412353515625
4.4823758602142333984375
4.4905178546905517578125
4.6856291294097900390625
4.5122816562652587890625
4.5163447856903076171875
4.523355960845947265625
4.522396087646484375
4.5566518306732177734375
4.5132372379302978515625
4.5127022266387939453125
4.5019042491912841796875
4.751300811767578125
4.7206766605377197265625
4.6778724193572998046875
4.66920185089111328125
4.766941547393798828125
4.6430857181549072265625
4.667851924896240234375
4.6170139312744140625
4.622262477874755859375
4.616836071014404296875
4.6254856586456298828125
4.62221431732177734375
4.6228406429290771484375
4.6078033447265625
4.6433162689208984375
4.7097122669219970703125
4.619299411773681640625
4.639928340911865234375
4.646811008453369140625
4.5637454986572265625
4.59923076629638671875
4.6183621883392333984375
4.5955507755279541015625
4.5655906200408935546875
4.5627319812774658203125
4.5826623439788818359375
4.5214812755584716796875
4.555286884307861328125
4.4873192310333251953125
4.5311272144317626953125
4.5252225399017333984375
4.5065071582794189453125
4.486003398895263671875
4.5199511051177978515625
4.530307292938232421875
4.6932575702667236328125
4.6494772434234619140625
4.6442394256591796875
4.6596481800079345703125
4.6655390262603759765625
4.647931575775146484375
4.6207654476165771484375
4.511899471282958984375
4.507711887359619140625
4.486031055450439453125
4.5103614330291748046875
4.524704456329345703125
4.50771236419677734375
4.5064909458160400390625
4.5305130481719970703125
4.5441467761993408203125
4.570061206817626953125
4.6071949005126953125
4.5623319149017333984375
4.543651103973388671875
4.5407974720001220703125
4.569098949432373046875
4.5358417034149169921875
4.55251598358154296875
4.5521795749664306640625
4.5383112430572509765625
4.5462729930877685546875
4.560152530670166015625
