251.1791
244.42213
234.20757
270.7327
245.78134
230.47052
241.76768
245.38545
255.35132
241.2474
272.70245
237.1442
250.30011
247.84576
240.20132
234.86963
239.63704
234.32362
266.80582
236.06546
229.69543
249.48651
241.3168
239.51738
245.30638
237.49387
245.19691
234.37245
249.67188
241.8881
251.73131
248.99493
218.18504
236.56471
244.78577
223.74995
269.32056
229.62392
228.682
225.06949
247.7799
246.00926
240.27335
234.60799
255.26201
226.31224
251.65439
262.3474
228.50626
236.64021
250.04443
235.48473
244.17932
250.38672
230.56232
244.02533
229.39113
222.46382
247.44475
242.75711
233.70134
235.23772
255.78333
250.73355
244.05693
249.00151
263.2785
236.87018
257.79205
258.25284
246.12
262.42224
274.7801
229.22482
221.11308
238.0618
258.11655
226.68764
248.48805
231.28662
259.15393
253.27873
238.26599
239.86624
251.58615
247.55045
256.91592
260.67477
250.05829
248.6873
254.77252
258.80637
233.02075
236.63225
248.0126
262.7878
232.11478
254.09302
236.74054
259.22186
244.2279
275.6699
243.71306
241.63086
243.47794
246.63249
258.38715
249.65582
239.45383
264.2672
244.30843
238.43994
257.7225
231.27516
234.93102
252.47313
253.44325
251.43091
270.49252
261.42047
248.1465
231.05537
259.86185
235.61981
235.45612
237.48947
225.86316
253.73569
244.34494
262.43536
234.53702
242.32666
248.72835
238.73503
258.55835
248.92815
236.4418
240.3041
250.05977
246.0281
264.60223
238.18378
239.78398
226.49033
237.2979
267.96124
253.73459
246.63805
260.74225
253.27887
237.64597
