0.1803808157773494069697761688075843267142772674560546875
0.1601021393664159020442383507543127052485942840576171875
0.2209059578925164080143161982050514779984951019287109375
0.1847821281299270868014872348794597201049327850341796875
0.149002430548370201623953335001715458929538726806640625
0.169220927607326598884895929586491547524929046630859375
0.20478570826777720004230332051520235836505889892578125
0.16668808728396999896403940510936081409454345703125
0.1624475547846989942346596080824383534491062164306640625
0.05212794968177029975020531082918751053512096405029296875
0.1458309931419843052946561101634870283305644989013671875
0.1930969679139820927016302221090882085263729095458984375
0.1665342793376264063365255196913494728505611419677734375
0.202391977519083388070697537841624580323696136474609375
0.1381147846956010116770130480290390551090240478515625
0.162008440034781486804860151096363551914691925048828125
0.196945765849623810606061624639551155269145965576171875
0.1906373749355260993620930776160093955695629119873046875
0.1648439014260862922611750036594457924365997314453125
0.1858699714762822863267643924700678326189517974853515625
0.1348776959621436899450230839647701941430568695068359375
0.21270484118383670146812391976709477603435516357421875
0.192651709096225809414448804091080091893672943115234375
0.19224802380378480659572915101307444274425506591796875
0.160035460089719305809552452046773396432399749755859375
0.16466345131992898842554495786316692829132080078125
0.12224824462728829665980612162456964142620563507080078125
0.1602845547420586047593360490282066166400909423828125
0.2003744504977647000742990712751634418964385986328125
0.1494390049457632041463028826910885982215404510498046875
0.13715673683784690428666408479330129921436309814453125
0.144448892145557505894970518056652508676052093505859375
0.1448512698097607909186734786999295465648174285888671875
0.219591372706973209094627463855431415140628814697265625
0.155152080837877293095772301967372186481952667236328125
0.1870908243898324052612025525377248413860797882080078125
0.1745145120178507036623472004066570661962032318115234375
0.2270208048649171861388396109759924001991748809814453125
0.1400108478111614929151329533851821906864643096923828125
0.199465720117401101862952828014385886490345001220703125
0.236576783070441998280131201681797392666339874267578125
0.1554407528859836074008882178532076068222522735595703125
0.158175038246359089821879706505569629371166229248046875
0.1657995134500807876687389352809987030923366546630859375
0.19969655181067669236227857254561968147754669189453125
0.211656677352863809016270124629954807460308074951171875
0.1544480560332023022507286214022315107285976409912109375
0.155307827885367288889284509423305280506610870361328125
0.227565453236276804549476082684122957289218902587890625
0.221018681274478601128663513009087182581424713134765625
0.1594079287618813955962338013705448247492313385009765625
0.2088353530675051972220757079412578605115413665771484375
0.227069850294738306839548158677644096314907073974609375
0.195808558903210194745980743391555733978748321533203125
0.15663752934446140141488967856275849044322967529296875
0.18005329501707378891950384058873169124126434326171875
0.1286883236558730991827559364537592045962810516357421875
0.199686930352409586220119308563880622386932373046875
0.14908115470290750348425490301451645791530609130859375
0.1683884250783350966518270297456183470785617828369140625
0.09665039354794359438560746866642148233950138092041015625
0.1759656083393270897818894127340172417461872100830078125
0.1917167201601908954611275248680613003671169281005859375
0.125324089360969004314227959184790961444377899169921875
0.1912821665586572905670692534840782172977924346923828125
0.143106503780758786970039864172576926648616790771484375
0.2157083140753209005158197442142409272491931915283203125
0.2228045762046718947235746099977404810488224029541015625
0.1645324159347149872711923990209470503032207489013671875
0.208715022144448092422663876277511008083820343017578125
0.2223055695748175908388333255061297677457332611083984375
0.1928293892111040130910026846322580240666866302490234375
0.167846039125355506183012721521663479506969451904296875
0.1509862489454499023810996050087851472198963165283203125
0.2061723735621643072146724762205849401652812957763671875
0.1638802326602855907733413687310530804097652435302734375
0.184710635789239907555980835240916348993778228759765625
0.15390427082536251024436069201328791677951812744140625
0.1578917833778600010585790869299671612679958343505859375
0.0287144612432513983424353654072547215037047863006591796875
0.17249403287118969529956302721984684467315673828125
0.12180364955460350195881602530789677985012531280517578125
0.1725288003086302979216526409800280816853046417236328125
0.17859995400556238909217654509120620787143707275390625
0.11968756190916289561254615136931533925235271453857421875
0.148542794124350396867129120437311939895153045654296875
0.1895215494149533885792635601319489069283008575439453125
0.1602832262621725900597624558940879069268703460693359375
0.1845596036472990919552472632858552969992160797119140625
0.118853460949714995198434053236269392073154449462890625
0.174328815749889398656335970372310839593410491943359375
0.10836082793281280600705684946660767309367656707763671875
0.1453955207017945949754533785380772314965724945068359375
0.214616971877428286408218127689906395971775054931640625
0.2044982370410197980437061460179393179714679718017578125
0.1491362401012520100263003541840589605271816253662109375
0.142618701240267486962665088867652229964733123779296875
0.171910139378798010323379230612772516906261444091796875
0.2362296357939090984956465035793371498584747314453125
0.263055763198836611849174005328677594661712646484375
0.2293761727255275995052130610929452814161777496337890625
0.1947389222774990880093781697723898105323314666748046875
0.152422928049513906056944279043818823993206024169921875
0.2095502351401639928862863371250568889081478118896484375
0.14289787739022619117434942381805740296840667724609375
0.13475659995351840780841712330584414303302764892578125
0.1242230559413415036384975564942578785121440887451171875
0.2277606103117560121251727878188830800354480743408203125
0.1712752549997230977485429548323736526072025299072265625
0.1622515120031045865456320598241291008889675140380859375
0.11629274117132559762666232927585951983928680419921875
0.173915213286110093005021326462156139314174652099609375
0.195038305020991786786765942451893351972103118896484375
0.2142164528770685028025155816067126579582691192626953125
0.125920209175868713646906371650402434170246124267578125
0.1233451504955763999848983303309069015085697174072265625
0.1645215978253730948477340234603616409003734588623046875
0.1419127373434382055616964635191834531724452972412109375
0.108617988282745603356715946574695408344268798828125
0.14582914541089009308194590630591847002506256103515625
0.1296839075628704041065475394134409725666046142578125
0.244645980205729696166372377774678170680999755859375
0.16183608337721100411954466835595667362213134765625
0.171265771431155899851006552125909365713596343994140625
0.2320273946776287010695938306525931693613529205322265625
0.12492803484239889399987077922560274600982666015625
0.202087508247159097773959501864737831056118011474609375
0.1295094032113051074617260383092798292636871337890625
0.183160288210880095594035310568870045244693756103515625
0.11579379305226709939713458652477129362523555755615234375
0.168804083130545012902956614198046736419200897216796875
0.1080934057700916051114603533278568647801876068115234375
0.1825138458799658025544232486936380155384540557861328125
0.21449024759028689768314279717742465436458587646484375
0.2159358939944641953001536194278742186725139617919921875
0.1698713557966106957319851744614425115287303924560546875
0.217498746678076393390455223197932355105876922607421875
0.129271985293399505057010401287698186933994293212890625
0.1787941208526324932126527755826828069984912872314453125
0.179080177773563498089259837797726504504680633544921875
0.15585543296012860370325370240607298910617828369140625
0.207676501288455994664872150679002515971660614013671875
0.2191652591380038039847732989073847420513629913330078125
0.159057484769994095241685272412723861634731292724609375
0.08729308226530739511783707484937622211873531341552734375
0.17929721126938880093604211651836521923542022705078125
0.196307824751008108687955200366559438407421112060546875
0.11547242671793629675836001524658058770000934600830078125
0.1740560364666725867710539432664518244564533233642578125
0.176297862757619994145130704055191017687320709228515625
0.1830126586269694988207135111224488355219364166259765625
