18.0388927459716796875
18.799785614013671875
17.3953227996826171875
18.9781703948974609375
19.080005645751953125
17.0038299560546875
19.3135356903076171875
20.2198925018310546875
18.8296260833740234375
18.7338314056396484375
17.923370361328125
17.31343841552734375
17.4554653167724609375
16.7356548309326171875
18.1816730499267578125
18.5583667755126953125
18.38422393798828125
17.0825099945068359375
17.12575531005859375
17.6903972625732421875
16.841064453125
17.365268707275390625
16.5989208221435546875
18.09189605712890625
18.568317413330078125
17.8345127105712890625
16.7870540618896484375
18.177799224853515625
16.38458251953125
19.2567920684814453125
15.3376922607421875
16.7899341583251953125
17.689388275146484375
17.5759449005126953125
17.1716861724853515625
19.7831325531005859375
16.8237781524658203125
23.2864513397216796875
17.04583740234375
15.35250759124755859375
17.9517726898193359375
17.759128570556640625
17.410427093505859375
16.85367584228515625
16.389240264892578125
16.7432079315185546875
18.3445072174072265625
14.9233303070068359375
17.87940216064453125
17.0926513671875
15.85725116729736328125
15.87876605987548828125
17.68485260009765625
18.1344814300537109375
15.08636760711669921875
17.121692657470703125
15.66359996795654296875
18.618785858154296875
16.8283672332763671875
21.0085926055908203125
17.1003170013427734375
17.2379169464111328125
17.414356231689453125
19.1220531463623046875
16.3149089813232421875
16.6373920440673828125
16.82389068603515625
17.2132549285888671875
17.409931182861328125
18.9909725189208984375
19.4120006561279296875
16.598114013671875
15.671138763427734375
17.9017810821533203125
16.252960205078125
17.3725299835205078125
16.458141326904296875
18.3430271148681640625
18.8757686614990234375
17.630279541015625
16.721950531005859375
18.754932403564453125
18.037899017333984375
19.7273845672607421875
16.922275543212890625
17.58892822265625
19.1161136627197265625
16.8199443817138671875
16.797679901123046875
18.1145496368408203125
16.654571533203125
17.9207973480224609375
18.707706451416015625
18.7694606781005859375
18.3263759613037109375
15.96640682220458984375
17.2744693756103515625
16.379608154296875
15.79668426513671875
17.7702579498291015625
17.9767971038818359375
16.1295566558837890625
15.79238128662109375
18.1275844573974609375
17.1413898468017578125
17.2971954345703125
17.2007389068603515625
16.8933162689208984375
15.7688694000244140625
17.8259105682373046875
14.8981189727783203125
16.8341426849365234375
16.0187320709228515625
19.1139373779296875
17.803272247314453125
18.252529144287109375
17.5392017364501953125
18.70745086669921875
17.47750091552734375
16.939189910888671875
18.5474338531494140625
17.644504547119140625
17.731475830078125
18.60547637939453125
18.5271778106689453125
19.0018901824951171875
18.70487213134765625
18.654689788818359375
16.389354705810546875
17.140949249267578125
18.4962940216064453125
16.0158233642578125
15.3914356231689453125
17.098392486572265625
17.2871341705322265625
18.019329071044921875
16.4042949676513671875
17.423572540283203125
17.6720447540283203125
17.2994213104248046875
18.3070087432861328125
17.366668701171875
15.73726940155029296875
16.665027618408203125
16.7528667449951171875
16.4288883209228515625
15.77275180816650390625
17.41403961181640625
18.0185394287109375
16.6474132537841796875
17.4428253173828125
