84.1440918445587158203125
84.619896411895751953125
84.37585544586181640625
85.732598781585693359375
86.676892757415771484375
83.49647808074951171875
83.0962924957275390625
82.621299266815185546875
84.56279754638671875
83.5869119167327880859375
82.6517465114593505859375
84.591861248016357421875
84.97634792327880859375
84.3951437473297119140625
84.894077301025390625
85.62683868408203125
83.7069091796875
83.9662106037139892578125
83.4613149166107177734375
83.7968547344207763671875
83.8715403079986572265625
81.84063243865966796875
84.1742007732391357421875
86.2850391864776611328125
83.839587688446044921875
84.2248322963714599609375
86.6970107555389404296875
88.1355154514312744140625
88.0822985172271728515625
84.9716815948486328125
84.6399021148681640625
86.9962298870086669921875
83.3113663196563720703125
83.431130886077880859375
83.8775293827056884765625
85.1570265293121337890625
85.5664308071136474609375
86.522633075714111328125
83.1632945537567138671875
84.377067089080810546875
84.8309814929962158203125
84.4803893566131591796875
83.9797179698944091796875
85.5024597644805908203125
85.639821529388427734375
83.592587947845458984375
89.931836605072021484375
83.136801242828369140625
82.224140644073486328125
82.337116718292236328125
85.9646084308624267578125
81.6251800060272216796875
82.00673198699951171875
83.085742950439453125
81.5928204059600830078125
84.5719382762908935546875
83.000507831573486328125
83.3863546848297119140625
82.2837011814117431640625
84.1371095180511474609375
84.0931141376495361328125
83.7259290218353271484375
84.849400043487548828125
84.64261341094970703125
83.0517995357513427734375
82.888935089111328125
83.103431224822998046875
85.004683971405029296875
84.710215091705322265625
84.401386737823486328125
85.4789559841156005859375
86.2367875576019287109375
84.89694309234619140625
87.2055885791778564453125
85.022021770477294921875
84.9239559173583984375
84.4912312030792236328125
84.022078037261962890625
84.0851538181304931640625
83.9405519962310791015625
84.1069037914276123046875
83.9874820709228515625
83.37211322784423828125
85.1039066314697265625
623.19811344146728515625
84.751751422882080078125
84.4759624004364013671875
83.373907566070556640625
84.8238308429718017578125
83.7917220592498779296875
84.583390712738037109375
82.6296303272247314453125
81.57109737396240234375
83.683456897735595703125
84.7960846424102783203125
84.78287506103515625
85.8452394008636474609375
85.3291313648223876953125
86.10243129730224609375
86.631392002105712890625
84.07931423187255859375
84.666191577911376953125
82.8229844570159912109375
82.806752681732177734375
86.5387308597564697265625
85.5625889301300048828125
84.7456800937652587890625
82.8878173828125
84.5184173583984375
83.7369630336761474609375
84.7007579803466796875
83.7073495388031005859375
85.8682801723480224609375
86.6767780780792236328125
83.5790612697601318359375
83.6907017230987548828125
82.7723271846771240234375
82.7625672817230224609375
84.2410085201263427734375
82.442189693450927734375
82.6467101573944091796875
86.858790874481201171875
83.14955997467041015625
85.0825541019439697265625
84.884869098663330078125
84.153629302978515625
84.7862060070037841796875
85.478527545928955078125
82.04178905487060546875
86.5341489315032958984375
84.0060603618621826171875
84.70070552825927734375
83.9677441120147705078125
84.808238506317138671875
84.9689691066741943359375
84.8226912021636962890625
85.2081243991851806640625
82.8536441326141357421875
83.3533875942230224609375
86.135326385498046875
86.7012808322906494140625
89.7005827426910400390625
84.8726727962493896484375
85.8557045459747314453125
84.9997985363006591796875
84.687686443328857421875
83.7517812252044677734375
84.7364833354949951171875
84.71022129058837890625
85.411839008331298828125
84.13107204437255859375
