1.9131769474745643488944324417388997972011566162109375
2.70635777207014083245439906022511422634124755859375
2.448268510668041297861918792477808892726898193359375
2.300177711712627637297146065975539386272430419921875
1.944225356289679407240100772469304502010345458984375
2.3111946518627615176910694572143256664276123046875
2.380540350905302915407446562312543392181396484375
2.317936095380756622574836001149378716945648193359375
2.133146966158722346307285988586954772472381591796875
2.82377284144423779110866234987042844295501708984375
2.468108762855708793182429872103966772556304931640625
2.043213763895114443158718131599016487598419189453125
2.118740026536940046497647927026264369487762451171875
2.188005819587854006158522679470479488372802734375
2.4980396229357157977801762172020971775054931640625
2.53465590730533296692783551407046616077423095703125
2.294202993359186759647627695812843739986419677734375
2.554560562493330078126518856151960790157318115234375
2.272730150665844828239414709969423711299896240234375
2.455841020585534995035459360224194824695587158203125
2.545580920314197026499414278077892959117889404296875
2.631955868170025691910041132359765470027923583984375
1.994897532723147293154397630132734775543212890625
1.9235754864136092034954117480083368718624114990234375
2.17159887409802632163291491451673209667205810546875
2.70606858940565597748673098976723849773406982421875
2.23825347760801829366528181708417832851409912109375
2.325829925403518405602198981796391308307647705078125
2.20254355734065843108737681177444756031036376953125
2.200730134470429533166679902933537960052490234375
2.095552555939155237041404689080081880092620849609375
2.21415351124238757307693958864547312259674072265625
2.241739852380289388378287185332737863063812255859375
2.44951732929452958842375664971768856048583984375
2.506746361416331669857981978566385805606842041015625
2.397958296480152018403941838187165558338165283203125
2.307022067880116100724308125791139900684356689453125
2.684690650784159249297999849659390747547149658203125
2.0176769929522944124755667871795594692230224609375
2.502942979732417416727230374817736446857452392578125
1.77319693459752603104107038234360516071319580078125
2.4120011360584410198271143599413335323333740234375
2.4494111327584828785575155052356421947479248046875
2.336557114546959024181660424801521003246307373046875
2.595939152044148823250679924967698752880096435546875
2.82421721557137050950814227689988911151885986328125
2.234676926789149309371396157075650990009307861328125
2.213017727816069424306988366879522800445556640625
2.51687964930534491259095375426113605499267578125
2.237214618396329957050738812540657818317413330078125
2.189606231830202975885413252399303019046783447265625
2.233273036018431856319921280373819172382354736328125
2.239210021136361916660462156869471073150634765625
2.280585104923511519103840328170917928218841552734375
2.469940630285368587948369167861528694629669189453125
2.251226943372882427496506352326832711696624755859375
2.036792252698317096104574375203810632228851318359375
2.57197656728731072206528551760129630565643310546875
2.541352979622357732836235300055705010890960693359375
2.587347674894406868162377577391453087329864501953125
2.76575502546882123766636141226626932621002197265625
1.952305199416618730623440569615922868251800537109375
1.9591833073239135476484307218925096094608306884765625
3.217162361784855928448223494342528283596038818359375
2.39357903551224371341277219471521675586700439453125
2.47378913731466365533151474664919078350067138671875
2.01515093335219663828183911391533911228179931640625
2.4637570218970221702647904749028384685516357421875
2.256510759305260460649833476054482161998748779296875
2.535980104664434353622937123873271048069000244140625
2.275284552249807301649298096890561282634735107421875
2.4855056341521351015444452059455215930938720703125
2.48923674082612844671302809729240834712982177734375
2.344071414514818929575312722590751945972442626953125
2.316061746328541115502730463049374520778656005859375
2.60994147685212141141164465807378292083740234375
2.019678000707199050367535164696164429187774658203125
2.489146364563998847785342150018550455570220947265625
2.038641402972626082146234693937003612518310546875
2.172514712728948804709716569050215184688568115234375
2.5118387474255730040795242530293762683868408203125
2.287820417673214645759571794769726693630218505859375
2.125795675057883471481545711867511272430419921875
2.2648440576228523468671482987701892852783203125
2.5152678588641936840986090828664600849151611328125
2.075542288449981231934771130909211933612823486328125
2.27356739443343247586426514317281544208526611328125
2.074409007647794123130324805970303714275360107421875
2.431861760839279629209386257571168243885040283203125
2.98593446062606471258504825527779757976531982421875
2.32165979558136914562282981933094561100006103515625
2.300832115692724055833195961895398795604705810546875
2.378587966501308326172647866769693791866302490234375
1.8280865262220709066554036326124332845211029052734375
2.1470182191317643827233041520230472087860107421875
1.978650116496928124121268410817719995975494384765625
2.332281275964575240067233607987873256206512451171875
2.391308249671265429014965775422751903533935546875
2.619358160126616485996464689378626644611358642578125
2.259832755082521682510332539095543324947357177734375
2.775767083538307478107753922813571989536285400390625
1.7694454830493151487047498449101112782955169677734375
2.378790086016874028018719400279223918914794921875
2.262192332868842026272204748238436877727508544921875
2.0519942187571533764867126592434942722320556640625
2.502751008201154814258870828780345618724822998046875
2.406417774079653515428844912094064056873321533203125
2.053701639307734527761795106926001608371734619140625
2.36176163040255193692473767441697418689727783203125
2.339878247933877997155605044099502265453338623046875
2.198461409722766379815084292204119265079498291015625
1.9707820607271091528645001744735054671764373779296875
2.2484821448585012859666676376946270465850830078125
2.259265142501248657680434916983358561992645263671875
2.3055947842599007202579741715453565120697021484375
2.449567506176238307347148293047212064266204833984375
1.862648443533589048826115686097182333469390869140625
2.28762544811349943785216964897699654102325439453125
2.40788349260785938810158768319524824619293212890625
2.06272391142603961355916908360086381435394287109375
2.598784637790873208729180987575091421604156494140625
2.279539872049878734827643711469136178493499755859375
1.749822478607093945157657799427397549152374267578125
2.425091568673246822385181076242588460445404052734375
2.30299982970279781824274323298595845699310302734375
2.3556395236120888370123793720267713069915771484375
1.969641686106938127664989224285818636417388916015625
2.182150616174519885959171006106771528720855712890625
2.355209464501646809964086060062982141971588134765625
2.71664897405177274691823186003603041172027587890625
1.97040490816283853092727440525777637958526611328125
2.356205665841880847466427439940162003040313720703125
2.2666339940950592790613882243633270263671875
2.28442884869766071886942881974391639232635498046875
2.27288819909009820463552387082017958164215087890625
2.182902133876344574758832095540128648281097412109375
2.331516787970051129974535797373391687870025634765625
2.573071981503348926167973331757821142673492431640625
2.9449167621654641635586813208647072315216064453125
2.7724094102074072765162782161496579647064208984375
2.44529527469738550138345090090297162532806396484375
2.89238848433541040350291950744576752185821533203125
2.341087328477016171746072359383106231689453125
2.334806283424967876527489352156408131122589111328125
2.559603662074961594186106594861485064029693603515625
2.35535998998335838194861935335211455821990966796875
1.9847914880578911844821732302079908549785614013671875
2.172066696698859100678191680344752967357635498046875
2.037145808770917110308573683141730725765228271484375
2.36552311907758738840357182198204100131988525390625
1.935897814852406195740286420914344489574432373046875
