9.113643646240234375
7.22987842559814364307158029987476766109466552734375
6.886183261871337890625
10.4038524627685564638568394002504646778106689453125
6.42217922210693359375
9.9331989288330078125
6.66005706787109375
9.43579578399658203125
7.583752155303955078125
8.9523525238037109375
8.986083984375
6.736082553863525390625
6.6934032440185546875
7.289765834808349609375
7.2506961822509765625
9.03566741943359375
6.85037994384765625
7.0707530975341796875
8.610866546630859375
6.48702239990234375
11.2147388458251953125
5.0976161956787109375
9.010143280029296875
9.1679229736328125
10.6635808944702166201068394002504646778106689453125
8.65243816375732421875
6.39553356170654296875
8.93671512603759765625
7.42760419845581143505341970012523233890533447265625
7.188140869140625
7.022089481353759765625
8.848041534423828125
8.10748958587646484375
8.5179119110107421875
7.784100055694580078125
7.470050811767578125
8.3301296234130859375
6.847124576568603515625
6.21478748321533203125
6.941546916961669921875
8.401645660400390625
9.01913547515869140625
8.50751495361328125
9.05266094207763671875
6.4102420806884765625
6.53178501129150390625
7.750669002532958984375
7.119679927825927734375
8.22988033294677734375
8.26570415496826171875
8.74141788482666015625
9.0276889801025408388568394002504646778106689453125
6.334073543548583984375
6.290988922119140625
6.15855503082275390625
8.08930301666259765625
9.13493633270263671875
6.602002620697021484375
7.206019878387451171875
6.80132293701171875
8.01731109619140625
6.905515193939208984375
7.318111896514892578125
5.751363277435302734375
8.475658416748046875
8.69479274749755859375
13.35814666748046875
6.96677494049072265625
6.04018306732177734375
7.351863861083984375
8.1284027099609375
7.97987651824951171875
6.3050251007080078125
7.17634487152099609375
6.40445232391357421875
8.5209369659423828125
7.30467319488525390625
8.73004055023193359375
8.93641757965087890625
18.527103424072265625
6.9358386993408203125
8.91818904876708984375
9.474117279052734375
7.969303131103515625
10.31369781494140625
7.67389202117919921875
8.1888942718505859375
7.717841625213623046875
7.763753414154052734375
6.841415882110595703125
7.421816349029541015625
5.662448883056640625
9.0355157852172833798931605997495353221893310546875
6.964387416839599609375
8.4332294464111328125
6.29240703582763671875
8.727733612060546875
7.194106578826904296875
8.10429859161376953125
6.4976024627685546875
7.98541259765625
13.528659820556640625
8.6138362884521484375
6.2503604888916015625
7.04529857635498046875
9.49922466278076171875
7.254145145416259765625
7.18114471435546875
6.68119049072265625
7.90158367156982421875
6.0387744903564453125
8.9008636474609375
6.8757228851318359375
6.667316436767578125
9.10004138946533203125
7.38178157806396484375
9.1412830352783203125
7.2952136993408203125
9.3743829727172833798931605997495353221893310546875
6.70397090911865234375
7.3632030487060546875
6.5945529937744140625
10.727321624755859375
8.04219818115234375
7.4385395050048828125
8.30631256103515625
6.13949489593505859375
6.923366546630859375
8.9179229736328125
7.748176097869873046875
6.69797039031982421875
8.9170665740966796875
11.2549896240234375
7.997923374176025390625
8.1403675079345703125
7.89690303802490234375
7.66055583953857421875
7.556832790374755859375
8.89450550079345703125
5.7084827423095703125
8.95678424835205078125
7.2724246978759765625
10.7720851898193359375
7.12140655517578125
8.1895160675048828125
10.98695659637451171875
8.32430934906005859375
10.30295562744140625
6.7697162628173828125
8.02997589111328125
10.008892059326171875
