1.7191450595855712890625
1.7249662876129150390625
1.7159759998321530982678950749686919152736663818359375
1.7377393245697019263928950749686919152736663818359375
1.718238353729248046875
1.726903438568115234375
1.7201447486877439185803950749686919152736663818359375
1.71826457977294921875
1.77824878692626953125
1.7627980709075927734375
1.7664923667907717064196049250313080847263336181640625
1.7629895210266111060803950749686919152736663818359375
1.7632410526275636986071049250313080847263336181640625
1.774999141693115234375
1.7513172626495359107678950749686919152736663818359375
1.7633430957794189453125
1.7257168292999267578125
1.7111341953277587890625
1.7254617214202880859375
1.72282695770263671875
1.7452638149261476829821049250313080847263336181640625
1.716289043426513671875
1.7104871273040771484375
1.7185952663421630859375
1.6786849498748779296875
1.6753261089324951171875
1.6824600696563720703125
1.6744899749755859375
1.6865634918212890625
1.7135841846466064453125
1.6687750816345217064196049250313080847263336181640625
1.681822299957275390625
1.7031915187835691138928950749686919152736663818359375
1.6861362457275390625
1.69613933563232421875
1.711883544921875
1.713220119476318359375
1.7035181522369384765625
1.6790969371795654296875
1.690570354461669921875
1.7425434589385986328125
1.7402136325836181640625
1.725666522979736328125
1.725622653961181640625
1.8110382556915283203125
1.7182128429412841796875
1.7225515842437744140625
1.7184031009674072265625
1.706319332122802734375
1.7087852954864501953125
1.7043883800506591796875
1.714312076568603515625
1.7018153667449951171875
1.69982433319091796875
1.704547405242919921875
1.69670581817626953125
1.727064609527587890625
1.7357280254364013671875
1.7362682819366455078125
1.7215139865875244140625
1.7211208343505859375
1.709560394287109375
1.713850498199462890625
1.7156846523284912109375
1.7408745288848876953125
1.751139163970947265625
1.7358806133270263671875
1.744054317474365234375
1.73974895477294921875
1.7166318893432614967053950749686919152736663818359375
1.7751977443695068359375
1.74297428131103515625
1.703735828399658203125
1.669558048248291015625
1.6985633373260498046875
1.6245748996734619140625
1.67431735992431640625
1.6340138912200927734375
1.763998508453369140625
1.61536121368408203125
1.7360038757324220970446049250313080847263336181640625
1.741226673126220703125
1.738872051239013671875
1.730787754058837890625
1.7382147312164308861071049250313080847263336181640625
1.7339894771575927734375
1.7750403881072998046875
1.7378292083740234375
1.73352146148681640625
1.7348062992095947265625
1.72909832000732421875
1.714704036712646484375
1.7095856666564939185803950749686919152736663818359375
1.7210290431976318359375
1.72079753875732421875
1.7732427120208740234375
1.7826018333435060814196049250313080847263336181640625
1.767500400543212890625
1.7660982608795166015625
1.7628757953643801048571049250313080847263336181640625
1.7516419887542724609375
1.7519421577453611060803950749686919152736663818359375
1.7282009124755859375
1.7236855030059814453125
1.7346241474151611328125
1.732845306396484375
1.729705810546875
1.7198650836944580078125
1.7101521492004396751696049250313080847263336181640625
1.7471065521240234375
1.7525272369384765625
1.7391502857208251953125
1.744277477264404296875
1.7458202838897705078125
1.7359635829925537109375
1.7338578701019287109375
1.74267101287841796875
1.73546695709228515625
1.74348354339599609375
1.7328593730926513671875
1.7533781528472900390625
1.7248218059539794921875
1.7236220836639404296875
1.742903232574462890625
1.7493193149566650390625
1.7698757648468017578125
1.7766225337982177734375
1.7651147842407228782946049250313080847263336181640625
1.7516877651214599609375
1.7404422760009765625
1.7742602825164794921875
1.7810370922088623046875
1.761377811431884765625
1.76895809173583984375
1.7712922096252439185803950749686919152736663818359375
1.7481291294097900390625
1.7516934871673583984375
1.7601115703582763671875
1.7526829242706301048571049250313080847263336181640625
1.757593631744384765625
1.746496677398681640625
1.7543833255767822265625
1.7378318309783935546875
1.7634203433990480736071049250313080847263336181640625
1.7240164279937744140625
1.724703311920166015625
1.7289369106292724609375
1.7270452976226808861071049250313080847263336181640625
1.7199316024780271217053950749686919152736663818359375
1.7135100364685060814196049250313080847263336181640625
1.729764461517333984375
