0.378013029733607008875395649738493375480175018310546875
0.352974317181852514924145225450047291815280914306640625
0.28951022035366558160518479780876077711582183837890625
0.3315554872482007198186693130992352962493896484375
0.344146320144489592518510789886931888759136199951171875
0.391092025477123017562774975885986350476741790771484375
0.363713118379246302946938840250368230044841766357421875
0.321094523897704764436866753385402262210845947265625
0.306391182088743996292379279111628420650959014892578125
0.3482400034177162151394213651656173169612884521484375
0.397226693839290045939804940644535236060619354248046875
0.294223651652499029740539526756037957966327667236328125
0.380811579964742630277640955682727508246898651123046875
0.38325445293792370637930844168295152485370635986328125
0.344782240988099009104672632020083256065845489501953125
0.29652745698244442618118910104385577142238616943359375
0.367144235869941770733504426971194334328174591064453125
0.298692760634096832195183424119022674858570098876953125
0.315533314639845297033815540999057702720165252685546875
0.415915981275281010365318934418610297143459320068359375
0.366819399629569442566889847512356936931610107421875
0.314093736757261154934894875623285770416259765625
0.302744584410570727328604334616102278232574462890625
0.35282447197511912495571095860213972628116607666015625
0.37042114542259996223805273984908126294612884521484375
0.396041393140785291659966560473549179732799530029296875
0.40723875270727771802370398290804587304592132568359375
0.344356840872367897521399981997092254459857940673828125
0.303856553407251650522624686345807276666164398193359375
0.314062464312404532318367955667781643569469451904296875
0.34783206809092270805905400266055949032306671142578125
0.362228655651564590556290568201802670955657958984375
0.327026460521377460022307559484033845365047454833984375
0.37104140928129714094296787152416072785854339599609375
0.372760895226309785233098637036164291203022003173828125
0.409358817378426831368187777115963399410247802734375
0.375534609660067963954332981302286498248577117919921875
0.303758655573809044359023801007424481213092803955078125
0.40411019585428797906700992825790308415889739990234375
0.305820816619324531426826752067427150905132293701171875
0.335201377127563315827529777379822917282581329345703125
0.379672784337404090049261640160693787038326263427734375
0.288581581101473194639339681089040823280811309814453125
0.4252093845062798749268040410242974758148193359375
0.32947793381987600103144586682901717722415924072265625
0.40317082208168708579165695482515729963779449462890625
0.373701150680414428961739758960902690887451171875
0.37344391971486867731755410204641520977020263671875
0.3976860032261624322558191124699078500270843505859375
0.40191466156876465287695054939831607043743133544921875
0.34707290557324343982514847084530629217624664306640625
0.2608463202147621728954618447460234165191650390625
0.35847169462899530767430178457289002835750579833984375
0.34336283496894226541229500071494840085506439208984375
0.404324293125260580961111145370523445308208465576171875
0.29642122775568069403817617057939060032367706298828125
0.346974571816247745470462859884719364345073699951171875
0.314383647026953927383630116310087032616138458251953125
0.36724337921998306821791402398957870900630950927734375
0.311959969773279943705546202181722037494182586669921875
0.35186961154171958465752823030925355851650238037109375
0.3586407347641575871222130444948561489582061767578125
0.37761537311360127144865828086039982736110687255859375
0.392576852626408623336828895844519138336181640625
0.362572539003884475317107671799021773040294647216796875
0.301077420040314291949101743739447556436061859130859375
0.33706535408946880494340803124941885471343994140625
0.342092058019999811779854326232452876865863800048828125
0.380775284496931487598914145564776845276355743408203125
0.375363608286972627592348317193682305514812469482421875
0.330905460021004349524531562565243802964687347412109375
0.39625570491444939147385184696759097278118133544921875
0.37806583549631245233513254788704216480255126953125
0.371424438291546310519919416037737391889095306396484375
0.353544246596616040800853397740866057574748992919921875
0.44126939226893890921843421892845071852207183837890625
0.40185014743425495620243736993870697915554046630859375
0.379766704079879613420445139126968570053577423095703125
0.3780605998149295654542356714955531060695648193359375
0.356363404778660630700670708392863161861896514892578125
0.298786925111862056159139910960220731794834136962890625
0.419096962908958536875303479973808862268924713134765625
0.356146629999593955506753673034836538136005401611328125
0.324975576979146973943812781726592220366001129150390625
0.361464367290587673675616997570614330470561981201171875
0.339304859435738848105756915174424648284912109375
0.339625198416049378646874856713111512362957000732421875
0.360802828418444132552167502581141889095306396484375
0.338010228393706035898702566555584780871868133544921875
0.34374308091309691004511250866926275193691253662109375
0.387124368989684553010732770417234860360622406005859375
0.38384029976381717208511190619901753962039947509765625
0.2741512186149943630653069703839719295501708984375
0.319452521239331044267117931667598895728588104248046875
0.327798535359747622575099512687302194535732269287109375
0.37883657399965964263088835650705732405185699462890625
0.33570061528662653582699704202241264283657073974609375
0.310749169741091069152361114902305416762828826904296875
0.36275717696981157889268843064201064407825469970703125
0.418153051431531641579653069129562936723232269287109375
0.35120035207272592980842773613403551280498504638671875
0.311617281631892784066195645209518261253833770751953125
0.380009639415007260954126877550152130424976348876953125
0.37617711705920608977748997858725488185882568359375
0.3184994443288158283422717431676574051380157470703125
0.41244555389047887761222455083043314516544342041015625
0.19836716563100476040659714271896518766880035400390625
0.366865068134608396377416283939965069293975830078125
0.339095116914941596686361435786238871514797210693359375
0.400063076865014799476938378575141541659832000732421875
0.3635390880680280378811630725977011024951934814453125
0.375330490089304469325526270040427334606647491455078125
0.360596403617418903575497779456782154738903045654296875
0.3410953564850240926631386173539794981479644775390625
0.35345395761205633533563741366378962993621826171875
0.298090720857825619560799168539233505725860595703125
0.3687877219124506833480836576200090348720550537109375
0.35581676730354738769079858684563077986240386962890625
0.354221951598397477578572534184786491096019744873046875
0.353948772062992966791483695487841032445430755615234375
0.3690673511828912456422813193057663738727569580078125
0.32429633588260931009727983109769411385059356689453125
0.309553085336142175254536823558737523853778839111328125
0.34135904356002144677262322147726081311702728271484375
0.33595795045546494872468201720039360225200653076171875
0.34061084723056922474171415160526521503925323486328125
0.35486785073857873840097454376518726348876953125
0.3596173484201765635503988960408605635166168212890625
0.40049342314145175425466050000977702438831329345703125
0.37021136151412370463020806710119359195232391357421875
0.297659640554903626163962826467468403279781341552734375
0.40586665726772819251522150807431899011135101318359375
0.357724509210823715665839017674443311989307403564453125
0.40241381668710063390648201675503514707088470458984375
0.356656730313085201800049617304466664791107177734375
0.40397412349327443958912908783531747758388519287109375
0.350094871042787081361069567719823680818080902099609375
0.354822395594646622374312983083655126392841339111328125
0.2088823058152834144518550374414189718663692474365234375
0.348916456040046785158637021595495752990245819091796875
0.2337596923601724385743949596871971152722835540771484375
0.352362164578225556255119954585097730159759521484375
0.410140262965385027360554204278741963207721710205078125
0.353982924108180885269803184201009571552276611328125
0.34289076249864602896622045591357164084911346435546875
0.323190925194563216660270654756459407508373260498046875
0.382838887109163528155164613053784705698490142822265625
0.363425398401675481263595202108263038098812103271484375
0.39432110259799635354482916227425448596477508544921875
0.286887087993525413676110247251926921308040618896484375
0.358020797893723707883140150443068705499172210693359375
