-58.26976785659790181171047152020037174224853515625
-56.9899175643920870015790569595992565155029296875
-55.4827254295349092672040569595992565155029296875
-55.3800971984863252828290569595992565155029296875
-65.5280540466308565328290569595992565155029296875
-54.00422763824462890625
-55.62399158477783345233547152020037174224853515625
-55.73461627960205078125
-55.7500133514404296875
-53.11169681549072407733547152020037174224853515625
-54.50629844665527201641452847979962825775146484375
-53.12210474014282368671047152020037174224853515625
-50.937705516815185546875
-51.83456907272339009296047152020037174224853515625
-54.6208661079406709859540569595992565155029296875
-58.63109865188598490703952847979962825775146484375
-56.89786186218261576641452847979962825775146484375
-54.645925045013427734375
-55.77724285125731995549358543939888477325439453125
-56.70235576629638529766452847979962825775146484375
-52.04359092712402201641452847979962825775146484375
-56.03194274902343607891452847979962825775146484375
-47.08940277099609517108547152020037174224853515625
-51.106524944305419921875
-55.81811943054199076641452847979962825775146484375
-51.55196819305420063983547152020037174224853515625
-53.15574417114257954608547152020037174224853515625
-52.78146114349365092266452847979962825775146484375
-54.7042177200317354390790569595992565155029296875
-49.3716103553772001077959430404007434844970703125
-55.8471543312072782327959430404007434844970703125
-55.12921867370605610858547152020037174224853515625
-54.9482610702514620015790569595992565155029296875
-57.53699645996093892108547152020037174224853515625
-54.68452444076537943828952847979962825775146484375
-54.840673923492431640625
-62.1690499305725126077959430404007434844970703125
-61.70040836334228373516452847979962825775146484375
-52.22416315078735493671047152020037174224853515625
-54.5956298828125028421709430404007434844970703125
-61.7550457000732393453290569595992565155029296875
-51.4881317138671903421709430404007434844970703125
-51.5151435852050809671709430404007434844970703125
-57.52068328857421875
-54.65969028472900248516452847979962825775146484375
-48.9744365692138643453290569595992565155029296875
-53.11439266204833842266452847979962825775146484375
-50.17969856262207173358547152020037174224853515625
-57.8698022842407198140790569595992565155029296875
-60.01457500457763671875
-48.320780277252197265625
-60.4787885665893583109209430404007434844970703125
-50.14694538116454936016452847979962825775146484375
-57.26076354980468607891452847979962825775146484375
-50.16951961517333558049358543939888477325439453125
-49.29148921966552876483547152020037174224853515625
-58.781910419464111328125
-62.6762969970703096578290569595992565155029296875
-53.0260971069335909078290569595992565155029296875
-46.2265060424804659078290569595992565155029296875
-48.4272968292236356546709430404007434844970703125
-55.23684444427490092266452847979962825775146484375
-56.5511711120605440328290569595992565155029296875
-49.39113483428955220233547152020037174224853515625
-56.2612277984619169046709430404007434844970703125
-49.7258758544921875
-52.80912723541259623516452847979962825775146484375
-57.74142608642578267108547152020037174224853515625
-51.9424431800842256734540569595992565155029296875
-57.5152742385864286234209430404007434844970703125
-55.3854821205139131734540569595992565155029296875
-52.74505434036255024921047152020037174224853515625
-58.09488096237182475078952847979962825775146484375
-52.42371520996093892108547152020037174224853515625
-56.0495536804199190328290569595992565155029296875
-52.7493569374084501077959430404007434844970703125
-55.28128967285156392108547152020037174224853515625
-58.0642312049865694234540569595992565155029296875
-60.64817905426025390625
-55.251209259033203125
-56.97923841476440287578952847979962825775146484375
-53.095048427581787109375
-49.1206930160522432515790569595992565155029296875
-52.49353733062743998516452847979962825775146484375
-63.65727176666259623516452847979962825775146484375
-51.47370786666869690861858543939888477325439453125
-50.20821704864501811016452847979962825775146484375
-59.2989900588989229390790569595992565155029296875
-47.4008576393127469827959430404007434844970703125
-51.54068470001220703125
-60.4278285026550321390459430404007434844970703125
-54.8762863159179659078290569595992565155029296875
-54.5252735137939481546709430404007434844970703125
-64.469301605224615059341886080801486968994140625
-52.1808063507080106546709430404007434844970703125
-52.00075397491455220233547152020037174224853515625
-54.83200607299804829608547152020037174224853515625
-56.39051570892333842266452847979962825775146484375
-60.8748016357421875
-57.0499369621276883890459430404007434844970703125
-55.12797470092773011174358543939888477325439453125
-57.1868837356567354390790569595992565155029296875
-60.24721136093139506328952847979962825775146484375
-52.129297733306884765625
-58.02495088577270365703952847979962825775146484375
-54.5880920410156278421709430404007434844970703125
-64.035111999511713065658113919198513031005859375
-57.62517776489257670391452847979962825775146484375
-54.2479660034179715921709430404007434844970703125
-53.5889747619628877828290569595992565155029296875
-55.69769248962402485858547152020037174224853515625
-61.69440736770629740703952847979962825775146484375
-52.5550662994384794046709430404007434844970703125
-56.96665725708007954608547152020037174224853515625
-57.92047443389892436016452847979962825775146484375
-53.1328141212463407327959430404007434844970703125
-52.4904230117797823140790569595992565155029296875
-50.5756599426269559671709430404007434844970703125
-58.98161754608154438983547152020037174224853515625
-50.2127687454223661234209430404007434844970703125
-59.43879947662353657733547152020037174224853515625
-53.04130496978759623516452847979962825775146484375
-55.5560930252075166890790569595992565155029296875
-56.8159654617309541890790569595992565155029296875
-56.4364049911498995015790569595992565155029296875
-57.70436058044433735858547152020037174224853515625
-49.3246509552001981546709430404007434844970703125
-57.10968723297118998516452847979962825775146484375
-55.2368753433227510640790569595992565155029296875
-55.7496597290039090921709430404007434844970703125
-54.77848377227783061016452847979962825775146484375
-61.622589111328125
-52.4778282165527372171709430404007434844970703125
-57.3609497070312528421709430404007434844970703125
-53.6763189315795870015790569595992565155029296875
-54.756976604461669921875
-61.85605278015136576641452847979962825775146484375
-55.5271814346313448140790569595992565155029296875
-57.4771747589111328125
-53.087042331695556640625
-54.98965492248535014141452847979962825775146484375
-55.378686428070068359375
-48.46301136016845845233547152020037174224853515625
-51.6508562088012723734209430404007434844970703125
-54.19361209869384765625
-54.62068977355956889141452847979962825775146484375
-53.49684810638427734375
-58.5823943138122587015459430404007434844970703125
-53.97272310256958149921047152020037174224853515625
-59.33760299682617045391452847979962825775146484375
-50.4310581207275419046709430404007434844970703125
