1.0146029
0.36129063
0.2087787
1.261082
0.33091816
1.1939741
0.7603047
0.8135439
0.59155023
1.0851911
1.3380289
1.9358736
1.2839781
1.324221
1.0141671
0.8442095
0.44749814
0.3334152
0.81053793
1.1510086
0.9116415
0.42747778
0.7479981
0.55076915
0.63653463
0.6720808
0.9067176
1.1487538
2.345431
1.6506401
0.52109337
2.0290852
0.25246754
0.66384095
0.79827905
0.61176074
1.0837176
0.2987625
0.22608611
0.76728445
0.6770245
0.3950122
1.3431221
0.31940356
0.3224051
0.54256976
0.5609053
1.8029025
0.279141
1.9042981
1.9429734
0.76698506
1.4689573
0.2594024
0.976066
0.4665552
0.8674091
0.637628
1.3124926
0.31594545
1.1228851
1.473918
0.4914508
0.5256308
0.72472334
0.8194655
0.5965649
0.5821601
0.8708023
0.8057892
3.5445259
0.4600242
0.45738134
1.7217093
0.43627024
0.48418015
0.26592892
0.98062503
0.48394126
0.49548674
0.67696124
0.4313059
0.53676665
3.4034324
0.43657055
0.76814675
0.4420622
0.58661854
0.13319169
0.65170133
0.6009468
0.98920953
1.274022
0.5948577
0.7694349
0.66052556
0.6519846
1.076688
0.6674787
0.4390363
2.3025994
0.6253732
0.33066377
1.095011
0.37508798
0.797026
0.38809857
0.40594658
0.4928425
1.0223118
1.1866915
0.4355801
0.7467992
0.29791078
1.1587315
1.1816379
0.3050687
1.4547656
0.31954345
1.384325
0.92185
0.33104512
0.6353947
0.45862737
0.46842113
1.4193159
0.3780809
0.5645918
0.29923183
1.0954553
0.42266083
0.6823123
0.2805597
3.1428742
0.688552
0.97082365
0.5646631
0.6574583
0.8814411
0.6336478
0.942536
0.4278412
1.1716745
0.24752505
1.6787269
2.0993545
0.85333127
0.46978897
0.7658511
0.8421733
0.98274946
