0.0775234896083992486293112733619636856019496917724609375
0.059046662748259141906270741628759424202144145965576171875
0.09697527791228573168513804603207972832024097442626953125
0.053389495691017162248837024662861949764192104339599609375
0.0973432669451487486700358431335189379751682281494140625
0.11197022480614578221480570618950878269970417022705078125
0.1747270373098886164786591734809917397797107696533203125
0.12422485922441896255552507000174955464899539947509765625
0.092909327418650600183269716580980457365512847900390625
0.0789710214639623708787752320858999155461788177490234375
0.0294943652985420745604727699173963628709316253662109375
0.14709778311589294386152459992445074021816253662109375
0.01350783082505772891845907679453375749289989471435546875
0.1247626218616230409086398367435322143137454986572265625
0.1225884881168382289917673233503592200577259063720703125
0.2352871430624472737225261198545922525227069854736328125
0.1683665400745770479584706436071428470313549041748046875
0.1054589721273966052006443305799621157348155975341796875
0.137722326358038049676224545692093670368194580078125
0.13490522485398492857910923703457228839397430419921875
0.1542633884143862210702735637823934666812419891357421875
0.020544104293906011171610970222900505177676677703857421875
0.07392777417788438942825024469129857607185840606689453125
0.05313448228625942959535422005501459352672100067138671875
0.0987470594332689188821206016655196435749530792236328125
0.01090730586784567635039167043942143209278583526611328125
0.0191504252804066653348424864589105709455907344818115234375
0.123850245207549891635068206596770323812961578369140625
0.100465481470408291020390834091813303530216217041015625
0.10726626888867628328849690433344221673905849456787109375
0.075740374851815228662843537676963023841381072998046875
0.051915060709328823829178389814842375926673412322998046875
0.10493733159605574123407478737135534174740314483642578125
0.07942585187611746200264661865730886347591876983642578125
0.17326530772503934141326453755027614533901214599609375
0.183275768290242446756366234694723971188068389892578125
0.282189374016259708621845447851228527724742889404296875
0.055127275922712264122349523631783085875213146209716796875
0.058973370296689288372338211274836794473230838775634765625
0.09678523135761714357716556378363748081028461456298828125
0.01515541073263793232783758213599867303855717182159423828125
0.0212645202086177709244196876170462928712368011474609375
0.1635239368595492182034689676584093831479549407958984375
0.16813442662716238107378785571199841797351837158203125
0.227452743025301440393803886763635091483592987060546875
0.04886654362733337808588629513906198553740978240966796875
0.145243734773502441992576450502383522689342498779296875
0.006729911655583005296310528109415827202610671520233154296875
0.045953348195199271442046295987893245182931423187255859375
0.06938861482220377852048187605760176666080951690673828125
0.0245978221487967718683620432784664444625377655029296875
0.12401717177682154702456074346628156490623950958251953125
0.04208576409225912862144269865893875248730182647705078125
0.1229278169976112111694277473361580632627010345458984375
0.1043907261446488099476681554733659140765666961669921875
0.0515463361771561767721294700095313601195812225341796875
0.11843522247340264319515057422904646955430507659912109375
0.1483601139628204224063523497534333728253841400146484375
0.04553866764502532971103931913603446446359157562255859375
0.176303194007689845168584952261880971491336822509765625
0.1047465164257375125345106425811536610126495361328125
0.04735594106606987041541145799783407710492610931396484375
0.06040353598234583787363050078056403435766696929931640625
0.1329106143968636633001523250641184858977794647216796875
0.02235584809047537480086731420669821090996265411376953125
0.2254078009435851182029608708035084418952465057373046875
0.092032338493975462956342425968614406883716583251953125
0.110589747231428336959879743517376482486724853515625
0.15712579775907353774044850069913081824779510498046875
0.09550435436349928586263757779306615702807903289794921875
0.09095912576766684853879496586159802973270416259765625
0.1244749555368633020524526955341571010649204254150390625
0.123915688450575378620754918301827274262905120849609375
0.0849892223365036059146149227672140114009380340576171875
0.09468296083379788841138946509090601466596126556396484375
0.1469240333832145528614177010240382514894008636474609375
0.08414159870413005781752957545904791913926601409912109375
0.06765057161098343707639202193604432977735996246337890625
0.036473299586409511918727588408728479407727718353271484375
0.1361730381495145081327535763193736784160137176513671875
0.08929338973229609954795904513957793824374675750732421875
0.07169326097480259452066064795872080139815807342529296875
0.1341438180187022599643142939385143108665943145751953125
0.100584833701918896498028743735630996525287628173828125
0.06577761000295533067028230789219378493726253509521484375
0.0444918376781379409923289358630427159368991851806640625
0.088166360311611458033809185508289374411106109619140625
0.033581122147523102816624174238313571549952030181884765625
0.1161670503344559846059524943484575487673282623291015625
0.085824372598979625781367985837277956306934356689453125
0.062941290212921219282549145646044053137302398681640625
0.1591664293237663729829733938458957709372043609619140625
0.090688517691057179970215429420932196080684661865234375
0.044367021998758915390936863332171924412250518798828125
0.2165899374031846902344256022843183018267154693603515625
0.194320214381493994171279382499051280319690704345703125
0.1272496396704532461985337477017310447990894317626953125
0.09204844183720038708340638322624727152287960052490234375
0.272305653269754144307768228827626444399356842041015625
0.1974074546591288170649391986444243229925632476806640625
0.1048856198371244941025537400491884909570217132568359375
0.1515595430272981547492605614024796523153781890869140625
0.12340804535520623341771084824358695186674594879150390625
0.0359707903389951677564084775440278463065624237060546875
0.0122467696449197090136085108724728343077003955841064453125
0.084237244489255791446424836976802907884120941162109375
0.1274188629470886791050787678614142350852489471435546875
0.1336817941329131453898071413277648389339447021484375
0.16089032964813743120657818508334457874298095703125
0.002756367735672375467170791552007358404807746410369873046875
0.148521237820830209752642758758156560361385345458984375
0.08350222792399579485600469297423842363059520721435546875
0.06596183834169387638635129178510396741330623626708984375
0.134856728952696791612453353081946261227130889892578125
0.1022270382419956380459780120872892439365386962890625
0.08844936970080817528749861367032281123101711273193359375
0.1595115378250268334259232005933881737291812896728515625
0.12298832249815883077559419689350761473178863525390625
0.0659224177190439186713177832643850706517696380615234375
0.006648336258486777471110595882919369614683091640472412109375
0.058003450789636416817796060740874963812530040740966796875
0.0852139538633109594467640590664814226329326629638671875
0.2427465895115484550981221900656237266957759857177734375
0.0876139357974673738116422327948384918272495269775390625
0.0226428501033130828712369719823982450179755687713623046875
0.0720788660922348778381518741298350505530834197998046875
0.06685837791970765386917463501958991400897502899169921875
0.08324436208351382315839828152093105018138885498046875
0.10187277772761348104690881655187695287168025970458984375
0.0409159554741354014595344779081642627716064453125
0.11307074827063932909165799856054945848882198333740234375
0.1349288940969114725110244989991770125925540924072265625
0.11467559885703808297829908724452252499759197235107421875
0.15953053914476178487547031181748025119304656982421875
0.060386195948656788690112051654068636707961559295654296875
0.0034520005567634996605785868695193130406551063060760498046875
0.032553897517832053321029661674401722848415374755859375
0.1201367770573340820750019020124454982578754425048828125
0.12291509953994821102707390991781721822917461395263671875
0.0168616516432717293560994420431597973220050334930419921875
0.180822877918998814461559732080786488950252532958984375
0.1306451904395673491166007806896232068538665771484375
0.111744707684531430214036618053796701133251190185546875
0.12167190353473462949285277545641292817890644073486328125
0.175444697250804193533468833265942521393299102783203125
0.0785815810673204662162305567107978276908397674560546875
0.18141000470350387985263296286575496196746826171875
0.059498809055944644474944738021804369054734706878662109375
0.038521651011052426838432438671588897705078125
0.096285423594184738060874906295794062316417694091796875
0.07767136589722346828867927115425118245184421539306640625
