9.3779308795928955078125
9.2792711257934552548931605997495353221893310546875
9.6292793750762939453125
9.8786985874176043154193394002504646778106689453125
9.4086520671844482421875
9.418053150177001953125
9.3803327083587646484375
9.8299143314361554502056605997495353221893310546875
9.628255367279052734375
9.4514262676238995908306605997495353221893310546875
9.6678771972656232236431605997495353221893310546875
9.4041113853454607607318394002504646778106689453125
9.56242084503173828125
9.5870058536529541015625
9.56311798095703125
9.66677093505859375
9.64946079254150390625
9.2522678375244140625
9.454534053802490234375
9.67266559600830078125
9.4389581680297833798931605997495353221893310546875
9.363657474517822265625
9.1321809291839599609375
9.3730926513671875
9.4248178005218505859375
9.0665073394775408388568394002504646778106689453125
9.800436496734619140625
9.4519367218017578125
9.3010318279266357421875
9.5408687591552716611431605997495353221893310546875
9.50247859954833984375
9.3078300952911376953125
9.3771865367889404296875
9.32586002349853515625
9.167545795440673828125
9.5903737545013445497943394002504646778106689453125
9.428190708160400390625
9.8505599498748779296875
9.047443389892578125
9.5747809410095197080181605997495353221893310546875
9.373616695404052734375
9.123463153839111328125
9.280990123748779296875
9.577726840972900390625
9.6320402622222900390625
9.38872241973876953125
9.249107837677001953125
9.6478292942047119140625
9.49709415435791015625
9.67196941375732421875
9.3144528865814191220806605997495353221893310546875
9.5791606903076154111431605997495353221893310546875
9.6765582561492919921875
9.601582050323486328125
9.511394977569580078125
9.3265125751495361328125
9.7337486743927001953125
9.42538547515869140625
9.7547895908355712890625
9.5306324958801287294818394002504646778106689453125
9.452350139617919921875
9.412338733673095703125
9.142660617828369140625
9.5957520008087158203125
9.082002162933349609375
9.2246420383453351377056605997495353221893310546875
9.55932903289794921875
9.25588321685791015625
9.4600899219512939453125
9.5695989131927472470806605997495353221893310546875
9.3472425937652605654193394002504646778106689453125
9.3382089138031005859375
9.20740032196044921875
9.6909952163696271298931605997495353221893310546875
9.63726902008056640625
9.4360582828521728515625
9.5563609600067138671875
9.460537433624267578125
9.2984573841094952939556605997495353221893310546875
9.4400703907012939453125
9.6062083244323712705181605997495353221893310546875
9.54322719573974609375
9.4728901386261004091693394002504646778106689453125
9.5656087398529034970806605997495353221893310546875
9.6569249629974365234375
9.6372966766357421875
9.4654343128204363466693394002504646778106689453125
9.5074725151061993955181605997495353221893310546875
9.52842235565185546875
9.237087249755859375
9.3335287570953351377056605997495353221893310546875
9.15130329132080078125
9.4530074596405047060443394002504646778106689453125
9.6216590404510498046875
9.4873785972595197080181605997495353221893310546875
9.7098810672759992002056605997495353221893310546875
9.3479290008544921875
9.6395266056060808779193394002504646778106689453125
9.3806550502777099609375
9.5660800933837872861431605997495353221893310546875
9.6471247673034685732318394002504646778106689453125
9.318184375762939453125
9.941110134124755859375
9.2744600772857683779193394002504646778106689453125
9.4473693370819091796875
9.1228013038635236142681605997495353221893310546875
9.4758646488189697265625
9.8568179607391357421875
9.5754301548004168154193394002504646778106689453125
9.6871206760406494140625
9.345067501068115234375
9.4734661579132080078125
9.4228839874267578125
9.5657405853271484375
9.6288535594940203310443394002504646778106689453125
9.2493412494659423828125
9.635206699371337890625
9.7225558757781982421875
9.3677954673767072080181605997495353221893310546875
9.4788997173309326171875
9.5494654178619384765625
9.2224628925323486328125
9.490218639373779296875
9.673348903656005859375
9.69531154632568359375
9.4081423282623273252056605997495353221893310546875
9.413424015045166015625
9.339914798736572265625
9.3211972713470458984375
9.3434278964996337890625
9.3796947002410888671875
9.467708587646484375
9.3768141269683837890625
9.4494121074676513671875
9.393902301788330078125
9.4203364849090576171875
9.2722623348236083984375
9.8140966892242431640625
9.3093440532684326171875
9.4537563323974591611431605997495353221893310546875
9.5403206348419207216693394002504646778106689453125
9.6237647533416765810443394002504646778106689453125
9.5412399768829363466693394002504646778106689453125
9.3988587856292724609375
9.680753231048583984375
9.4699714183807355283306605997495353221893310546875
9.6508638858795166015625
9.5807342529296875
9.6171114444732683779193394002504646778106689453125
9.4820888042449951171875
9.2704503536224365234375
