0.996066033840179443359375
0.99550533294677723272769753748434595763683319091796875
0.99733883142471324578792746251565404236316680908203125
0.995575487613677978515625
0.993923246860504150390625
0.991484224796295166015625
0.99949735403060924188167746251565404236316680908203125
0.99187088012695323602230246251565404236316680908203125
0.9926550388336181640625
0.990098774433135986328125
0.99824386835098277703792746251565404236316680908203125
0.99605655670166015625
0.99887686967849720343082253748434595763683319091796875
0.997473418712615966796875
0.9939167499542236328125
0.996407687664031982421875
0.99574863910675037725894753748434595763683319091796875
0.99937832355499278680355246251565404236316680908203125
0.997844398021697998046875
0.99828040599822998046875
0.99001085758209239617855246251565404236316680908203125
0.99879062175750721319644753748434595763683319091796875
0.993168294429779052734375
0.98453676700592041015625
0.99505537748336803094417746251565404236316680908203125
0.99941933155059803350894753748434595763683319091796875
0.99964761734008800164730246251565404236316680908203125
0.9978172779083251953125
0.99880766868591319695980246251565404236316680908203125
0.98919504880905162469417746251565404236316680908203125
0.992675304412841796875
0.992562949657440185546875
0.9953429698944091796875
0.9968106746673583984375
0.99712276458740245477230246251565404236316680908203125
0.9975693225860595703125
0.998638689517974853515625
0.99842631816864002569644753748434595763683319091796875
0.99782806634902965203792746251565404236316680908203125
0.99237233400344837530582253748434595763683319091796875
0.99895304441452037469417746251565404236316680908203125
0.9990234375
0.99053406715393077508480246251565404236316680908203125
0.99841535091400157586605246251565404236316680908203125
0.99829137325286876336605246251565404236316680908203125
0.99056565761566162109375
0.99117887020111083984375
0.99890702962875355108707253748434595763683319091796875
0.999628007411956787109375
0.99278199672698963507144753748434595763683319091796875
0.998959958553314208984375
0.98578476905822765008480246251565404236316680908203125
0.985220730304718017578125
0.998057663440704345703125
0.99463981389999400750667746251565404236316680908203125
0.99666595458984375
0.98106288909912120477230246251565404236316680908203125
0.99684250354766834600894753748434595763683319091796875
0.9994323253631591796875
0.9898560047149658203125
0.99304282665252685546875
0.99529665708541881219417746251565404236316680908203125
0.99667894840240478515625
0.99518424272537242547542746251565404236316680908203125
0.999553263187408447265625
0.9942569732666015625
0.99930661916732799188167746251565404236316680908203125
0.995980322360992431640625
0.99048519134521484375
0.99820804595947276727230246251565404236316680908203125
0.99865120649337757452457253748434595763683319091796875
0.99819087982177723272769753748434595763683319091796875
0.99929970502853404656917746251565404236316680908203125
0.999120235443115234375
0.99623155593872081414730246251565404236316680908203125
0.99943596124649036749332253748434595763683319091796875
0.998350620269775390625
0.99892151355743397100894753748434595763683319091796875
0.992496490478515625
0.974896013736724853515625
0.99821370840072642938167746251565404236316680908203125
0.99744158983230601922542746251565404236316680908203125
0.99767625331878662109375
0.99555635452270518914730246251565404236316680908203125
0.99918591976165760382144753748434595763683319091796875
0.99961483478546142578125
0.99565708637237559930355246251565404236316680908203125
0.986549854278564453125
0.98564338684082042352230246251565404236316680908203125
0.99703252315521240234375
0.97755914926528919561832253748434595763683319091796875
0.99877727031707763671875
0.99523520469665516241519753748434595763683319091796875
0.99842393398284923211605246251565404236316680908203125
0.99894201755523681640625
0.98846358060836803094417746251565404236316680908203125
0.98544442653655994757144753748434595763683319091796875
0.99735540151596080438167746251565404236316680908203125
0.99843013286590576171875
0.99038964509964000360042746251565404236316680908203125
0.997529923915863037109375
0.99451732635498035772769753748434595763683319091796875
0.99865204095840442999332253748434595763683319091796875
0.98944211006164561883480246251565404236316680908203125
0.98553591966629039422542746251565404236316680908203125
0.99581646919250477179019753748434595763683319091796875
0.986639559268951416015625
0.99806547164917003289730246251565404236316680908203125
0.996175229549407958984375
0.999276340007781982421875
0.99908226728439319952457253748434595763683319091796875
0.99606716632843017578125
0.99290090799331676141292746251565404236316680908203125
0.99951291084289561883480246251565404236316680908203125
0.99711805582046519891292746251565404236316680908203125
0.99892425537109375
0.978202164173126220703125
0.998064339160919189453125
0.99898660182952880859375
0.98547911643981922491519753748434595763683319091796875
0.991108238697052001953125
0.9984896183013916015625
0.995073497295379638671875
0.995405495166778564453125
0.99292433261871337890625
0.99609768390655517578125
0.99835979938507080078125
0.996515095233917236328125
0.998842716217041015625
0.99576532840728759765625
0.9952480792999267578125
0.99355757236480723992855246251565404236316680908203125
0.996053636074066162109375
0.99186843633651722296207253748434595763683319091796875
0.99738740921020518914730246251565404236316680908203125
0.99839103221893321649105246251565404236316680908203125
0.998748302459716796875
0.98469197750091563836605246251565404236316680908203125
0.99626016616821277960269753748434595763683319091796875
0.99897378683090198858707253748434595763683319091796875
0.9973676204681396484375
0.99761253595352161749332253748434595763683319091796875
0.99749487638473521844417746251565404236316680908203125
0.9983088970184326171875
0.98810178041458118780582253748434595763683319091796875
0.997524559497833251953125
0.99821460247039794921875
0.99835550785064697265625
0.9946506023406982421875
0.99831074476242076531917746251565404236316680908203125
0.99898886680603038445980246251565404236316680908203125
