0.997994385659694671630859375
0.99813131988048553466796875
0.99628512561321258544921875
0.997706629335880279541015625
0.996356785297393798828125
0.997879326343536376953125
0.995886899530887603759765625
0.997436694800853729248046875
0.997902177274227142333984375
0.99819068610668182373046875
0.9901140034198760986328125
0.995797477662563323974609375
0.998133964836597442626953125
0.98610879480838775634765625
0.997071705758571624755859375
0.990522734820842742919921875
0.995885767042636871337890625
0.998109258711338043212890625
0.9984512031078338623046875
0.998541243374347686767578125
0.998793236911296844482421875
0.996954984962940216064453125
0.995262794196605682373046875
0.9942547380924224853515625
0.997597493231296539306640625
0.996964871883392333984375
0.997155047953128814697265625
0.998559989035129547119140625
0.997602842748165130615234375
0.99774415791034698486328125
0.996593020856380462646484375
0.997068308293819427490234375
0.99683453142642974853515625
0.9977944791316986083984375
0.998288668692111968994140625
0.991504959762096405029296875
0.989313252270221710205078125
0.997674487531185150146484375
0.99832649528980255126953125
0.99768674373626708984375
0.998286254703998565673828125
0.995859839022159576416015625
0.995294429361820220947265625
0.997474871575832366943359375
0.9965431392192840576171875
0.99653828144073486328125
0.997589580714702606201171875
0.997008912265300750732421875
0.997503258287906646728515625
0.998034141957759857177734375
0.998129568994045257568359375
0.995637170970439910888671875
0.99802748858928680419921875
0.995783984661102294921875
0.99314551055431365966796875
0.996916480362415313720703125
0.9977382719516754150390625
0.9976718723773956298828125
0.99607503414154052734375
0.998195655643939971923828125
0.995420195162296295166015625
0.997732035815715789794921875
0.998591624200344085693359375
0.997198589146137237548828125
0.996755428612232208251953125
0.997166521847248077392578125
0.997740797698497772216796875
0.99780707061290740966796875
0.992397926747798919677734375
0.996545203030109405517578125
0.998083047568798065185546875
0.998038955032825469970703125
0.99520783126354217529296875
0.9980024397373199462890625
0.9973751008510589599609375
0.998261697590351104736328125
0.99773211777210235595703125
0.998349316418170928955078125
0.997729815542697906494140625
0.9961934983730316162109375
0.989695005118846893310546875
0.9976035058498382568359375
0.997810937464237213134765625
0.9873218536376953125
0.99796219170093536376953125
0.9971440136432647705078125
0.997862689197063446044921875
0.997261226177215576171875
0.996725283563137054443359375
0.99733388423919677734375
0.99754457175731658935546875
0.99803008139133453369140625
0.99753157794475555419921875
0.997785367071628570556640625
0.99588845670223236083984375
0.99858249723911285400390625
0.998005710542201995849609375
0.993500053882598876953125
0.996953487396240234375
0.991235159337520599365234375
0.996693439781665802001953125
0.997392408549785614013671875
0.9987433254718780517578125
0.997161664068698883056640625
0.996415801346302032470703125
0.993252493441104888916015625
0.997834496200084686279296875
0.99741758406162261962890625
0.997526831924915313720703125
0.99748133122920989990234375
0.99829511344432830810546875
0.990059383213520050048828125
0.9967070519924163818359375
0.99788261950016021728515625
0.99802768230438232421875
0.9967596232891082763671875
0.98816044628620147705078125
0.997290961444377899169921875
0.9976331293582916259765625
0.998060323297977447509765625
0.99852080643177032470703125
0.99719800055027008056640625
0.99488818645477294921875
0.998394139111042022705078125
0.996743790805339813232421875
0.98932366073131561279296875
0.99759708344936370849609375
0.998110391199588775634765625
0.99858312308788299560546875
0.994378037750720977783203125
0.99686251580715179443359375
0.997802205383777618408203125
0.996977984905242919921875
0.99777390062808990478515625
0.998117126524448394775390625
0.998128212988376617431640625
0.996624447405338287353515625
0.997554086148738861083984375
0.997408092021942138671875
0.997851394116878509521484375
0.997664906084537506103515625
0.997717447578907012939453125
0.997514538466930389404296875
0.9976189136505126953125
0.996509395539760589599609375
0.997225224971771240234375
0.995911441743373870849609375
0.9973132312297821044921875
0.998040653765201568603515625
0.997808061540126800537109375
0.99752424657344818115234375
