0.002875096459060705843258087810454526334069669246673583984375
0.003219504425737386953121355048779150820337235927581787109375
0.0548478573358852639074711987632326781749725341796875
0.004394649756958406150442186799409682862460613250732421875
0.04715013874327544929343503099516965448856353759765625
0.0153100521695073051031688038392530870623886585235595703125
0.01357464969409961745572257285630257683806121349334716796875
0.0169751489452482362541019256241270340979099273681640625
0.0902347343620400754726773584479815326631069183349609375
0.048142181584649730574643200498030637390911579132080078125
0.01428556293839481662610868539786679320968687534332275390625
0.053962673756319023965488668181933462619781494140625
0.0167471226516127356942487125479601672850549221038818359375
0.049405672358494710783016756749930209480226039886474609375
0.0501440631858191265823876392460078932344913482666015625
0.08894030448670704747105020260278251953423023223876953125
0.043234041642924082859966716796407126821577548980712890625
0.0246629667321484578879076110524692921899259090423583984375
0.062937196326588951134084481964237056672573089599609375
0.0730720528583776174347264031894155777990818023681640625
0.011832699935935019064370266050900681875646114349365234375
0.00975624091901039491858682595193386077880859375
0.019493663147944380320542023810048704035580158233642578125
0.01169560143982898044179297158962071989662945270538330078125
0.0158259648270725021557137068839438143186271190643310546875
0.009244929826839366759916316595990792848169803619384765625
0.000913081293881454919038331841107947184354998171329498291015625
0.039740498184692725491817810734573868103325366973876953125
0.0030182621247039202218298559188269791775383055210113525390625
0.10537692514456599435224148919587605632841587066650390625
0.0352732282823116916059547065742663107812404632568359375
0.040099225622790786449645139555286732502281665802001953125
0.0102548920327519173245622852164160576649010181427001953125
0.054065823755859110377741671982221305370330810546875
0.013621845708216971659876293188062845729291439056396484375
0.0382996707068201935886264664077316410839557647705078125
0.006773128449567331933744984695522362017072737216949462890625
0.03936763765773511336565348983640433289110660552978515625
0.007503771677138881650293011915664465050213038921356201171875
0.0691359587673387177009232118507497943937778472900390625
0.031295646954479901247214712611821596510708332061767578125
0.0021453094482315978631936648213240914628840982913970947265625
0.0858798177418488017931252898051752708852291107177734375
0.0706905402283405093211143821463338099420070648193359375
0.006959431318976563342337815498694908455945551395416259765625
0.05940211656544396034984600873940507881343364715576171875
0.0254216422651161629009397557865668204613029956817626953125
0.036992841034668814959029958799874293617904186248779296875
0.03150200039692947762137720246755634434521198272705078125
0.00000027702347338029007980185589206378882209946823422797024250030517578125
0.0126262980053567404337133694980366271920502185821533203125
0.0682522696475212631295192977631813846528530120849609375
0.00161358946257980119531882934325039968825876712799072265625
0.035013543002514614654874236521209240891039371490478515625
0.016833865328313886433608814741091919131577014923095703125
0.08845504694622320640551293990938575007021427154541015625
0.056727579638360024760768141049993573687970638275146484375
0.059655814522733115190522568127562408335506916046142578125
0.004423033103928541813487651523928434471599757671356201171875
0.05270639912863543663501531000292743556201457977294921875
0.0305605355869680607450167286742725991643965244293212890625
0.0205720310471472662972036715700596687383949756622314453125
0.003968206750385933241631608581201362540014088153839111328125
0.04543164169565309939979869113813037984073162078857421875
0.006504602953147757722629496157651374232955276966094970703125
0.0383496287785533851444341735259513370692729949951171875
0.04085741305544311752218078481746488250792026519775390625
0.00882937850663960237251881579823020729236304759979248046875
0.009498459557082401805150340123873320408165454864501953125
0.0122319830405826189545503979161367169581353664398193359375
0.08526608219526476961647176722181029617786407470703125
0.005163291654932291967206037242021920974366366863250732421875
0.0183913710777085237513261972708278335630893707275390625
0.000730614071922338942539909556472821350325830280780792236328125
0.00479590621384454011966180786430413718335330486297607421875
0.0276630857161295241886111995199826196767389774322509765625
0.049839252994197995316749683070156606845557689666748046875
0.006146410044200975066053249662445523426868021488189697265625
0.01196948556913811183288753881015509250573813915252685546875
0.0648649115415179389199096249285503290593624114990234375
0.020136799582052604395965289540981757454574108123779296875
0.038892489774245718459066978311966522596776485443115234375
0.005245424153731679563217316086820574128068983554840087890625
0.03635283359291323346251800785466912202537059783935546875
0.006614744726584333156527151231784955598413944244384765625
0.0041465872833420479304233907669186010025441646575927734375
0.0083443622232443233344145738783481647260487079620361328125
0.002849101126577492128222335310283597209490835666656494140625
0.04218694820380623766720162848287145607173442840576171875
0.00485381174366253213825483925347725744359195232391357421875
0.0152195250210375998545231368552776984870433807373046875
0.080111836930582380755794247306766919791698455810546875
0.03067148511675994726477512131168623454868793487548828125
0.02124881835711878164119070788729004561901092529296875
0.0111496179079990549720680093059854698367416858673095703125
0.00920743782478654869405598759612985304556787014007568359375
0.0133911016137306555784380890372631256468594074249267578125
0.07155313528657562816004400474412250332534313201904296875
0.06448318453357267110437334167727385647594928741455078125
0.032899555099855148920795500089298002421855926513671875
0.0272138693190553705714140875215889536775648593902587890625
0.022335546554657352558148630805590073578059673309326171875
0.004452790076787453872608768534746559453196823596954345703125
0.021145904026466953717910968180149211548268795013427734375
0.0166060579596018810522028985587894567288458347320556640625
0.0963876831347439122499309860359062440693378448486328125
0.03917085913262484397900919930179952643811702728271484375
0.052083103279991598000275843105555395595729351043701171875
0.0207314008581883819914981614829230238683521747589111328125
0.01585945602302378520942482964528608135879039764404296875
0.0150745787381105500468692071081022731959819793701171875
0.053717664243875175300590996130267740227282047271728515625
0.0205485417824900727656878274274276918731629848480224609375
0.09184089126964449512069421643900568597018718719482421875
0.053569126723851563653955309973753173835575580596923828125
0.01201871209327955158929768231246271170675754547119140625
0.08173597040382470091390842981127207167446613311767578125
0.025683944392445139104363960314003634266555309295654296875
0.0135630764313601250015128840686884359456598758697509765625
0.0076737047101684101313434638313992763869464397430419921875
0.0046346238480680750082552066260177525691688060760498046875
0.05799578653693097940458045513878460042178630828857421875
0.050953938793704793563943411527361604385077953338623046875
0.10633841377141951822782317549354047514498233795166015625
0.007114370110906279888463021876532366150058805942535400390625
0.0031274696100786654462400093734686379320919513702392578125
0.0035406778777938678615111456338127027265727519989013671875
0.04084032692787296914271877312785363756120204925537109375
0.0148786057732684419419033616804881603457033634185791015625
0.051649630771494474401617225112204323522746562957763671875
0.03932367379446100041917588896467350423336029052734375
0.061177489946437457746242216671817004680633544921875
0.02320787594918836960200536623233347199857234954833984375
0.058261453769776462563445562636843533255159854888916015625
0.000722789143841069963054846159167254882049746811389923095703125
0.01192054715796443849218366750619679805822670459747314453125
0.00923263636832412186439267287596521782688796520233154296875
0.018616273097866280206158506871361169032752513885498046875
0.065582494196840646072388381071505136787891387939453125
0.0146453607619656568650245986873414949513971805572509765625
0.00932860329964286562332009822284817346371710300445556640625
0.0146591024282304825676614967733257799409329891204833984375
0.049167498989224213412629893582561635412275791168212890625
0.043527917485935575803157604468651697970926761627197265625
0.1315339773915274734772395959225832484662532806396484375
0.031862668838479601962632159484201110899448394775390625
0.019405797267648683401830567163415253162384033203125
0.08642432367501988454971950659455615095794200897216796875
0.011214652872605139488637604472387465648353099822998046875
0.00173544284473510566739473670594406939926557242870330810546875
0.00878685632454278588154839013668606639839708805084228515625
