0.3696294017136096954345703125
0.396956361830234527587890625
0.348081879317760467529296875
0.3698942251503467559814453125
0.3557703979313373565673828125
0.4322999306023120880126953125
0.417243801057338714599609375
0.3548538424074649810791015625
0.378262601792812347412109375
0.3760292865335941314697265625
0.338790707290172576904296875
0.340587772428989410400390625
0.3978877700865268707275390625
0.3765986748039722442626953125
0.3793332763016223907470703125
0.33587922155857086181640625
0.381663285195827484130859375
0.3785579763352870941162109375
0.3627365045249462127685546875
0.3700119592249393463134765625
0.3619024343788623809814453125
0.3980764113366603851318359375
0.3653191626071929931640625
0.372705064713954925537109375
0.3615773506462574005126953125
0.371857695281505584716796875
0.373922549188137054443359375
0.4034031517803668975830078125
0.3857577405869960784912109375
0.374447248876094818115234375
0.370949603617191314697265625
0.34418381750583648681640625
0.3988371454179286956787109375
0.365642823278903961181640625
0.370464809238910675048828125
0.35613049566745758056640625
0.362056471407413482666015625
0.37183745205402374267578125
0.375624179840087890625
0.3840547837316989898681640625
0.343040607869625091552734375
0.423883460462093353271484375
0.3999636434018611907958984375
0.37315957248210906982421875
0.35533964633941650390625
0.3513200469315052032470703125
0.385968856513500213623046875
0.3782358355820178985595703125
0.3796245045959949493408203125
0.3719679675996303558349609375
0.371422119438648223876953125
0.38613037765026092529296875
0.3830347470939159393310546875
0.357193343341350555419921875
0.343779541552066802978515625
0.3962312303483486175537109375
0.370281986892223358154296875
0.372428037226200103759765625
0.3473459519445896148681640625
0.3365838266909122467041015625
0.4029229395091533660888671875
0.3848744221031665802001953125
0.355208240449428558349609375
0.404859431087970733642578125
0.3534439504146575927734375
0.42837063968181610107421875
0.3383441232144832611083984375
0.36081175506114959716796875
0.402888409793376922607421875
0.3874408118426799774169921875
0.3598314635455608367919921875
0.40371076762676239013671875
0.379022099077701568603515625
0.3459532670676708221435546875
0.35032899677753448486328125
0.3986926265060901641845703125
0.399741150438785552978515625
0.3931508548557758331298828125
0.4168769828975200653076171875
0.334231786429882049560546875
0.3696401119232177734375
0.3488380201160907745361328125
0.3718163706362247467041015625
0.4153874479234218597412109375
0.355884097516536712646484375
0.3472614586353302001953125
0.359998762607574462890625
0.4351012073457241058349609375
0.390151441097259521484375
0.344856493175029754638671875
0.4334789402782917022705078125
0.35793964564800262451171875
0.4002094082534313201904296875
0.355394445359706878662109375
0.3391270823776721954345703125
0.4075309447944164276123046875
0.4154029786586761474609375
0.38465459644794464111328125
0.3829659260809421539306640625
0.3883436508476734161376953125
0.4009092934429645538330078125
0.3455254323780536651611328125
0.422962419688701629638671875
0.3503553234040737152099609375
0.351091511547565460205078125
0.3588486872613430023193359375
0.3894239105284214019775390625
0.3774388469755649566650390625
0.3621137402951717376708984375
0.3799465596675872802734375
0.336706496775150299072265625
0.37135769426822662353515625
0.4007557593286037445068359375
0.355540998280048370361328125
0.3522737585008144378662109375
0.38413350284099578857421875
0.3660371601581573486328125
0.35185022652149200439453125
0.369094736874103546142578125
0.3756042681634426116943359375
0.354512147605419158935546875
0.36312715709209442138671875
0.3762109689414501190185546875
0.360788635909557342529296875
0.373339898884296417236328125
0.3864162154495716094970703125
0.3740087039768695831298828125
0.3968854583799839019775390625
0.3925561606884002685546875
0.412962220609188079833984375
0.3691313080489635467529296875
0.364377759397029876708984375
0.3701469711959362030029296875
0.357322461903095245361328125
0.359269134700298309326171875
0.3719648160040378570556640625
0.393068619072437286376953125
0.3841328322887420654296875
0.3292354457080364227294921875
0.3816323317587375640869140625
0.397177629172801971435546875
0.3467634357511997222900390625
0.446690402925014495849609375
0.375582300126552581787109375
0.3482480458915233612060546875
0.3661578111350536346435546875
0.3892093785107135772705078125
0.37083916366100311279296875
0.374504275619983673095703125
0.33531315624713897705078125
0.405400477349758148193359375
