0.10685414509494449430970774983506998978555202484130859375
0.11395419464185820024315631826539174653589725494384765625
0.1163193627053357992462423453616793267428874969482421875
0.1247292700364542039626059022339177317917346954345703125
0.11385163846906549978132972000821609981358051300048828125
0.1298327501695447916407744060052209533751010894775390625
0.1197278248961163027441756412372342310845851898193359375
0.1461670743927367954739793276530690491199493408203125
0.10325395606403560411212794178936746902763843536376953125
0.12142327106026100380642418485876987688243389129638671875
0.10267956169569779356631755717899068258702754974365234375
0.1509599617273588989529997661520610563457012176513671875
0.166309213880606099333903102888143621385097503662109375
0.13853831799472471342227208879194222390651702880859375
0.10882551988420309518890150002334848977625370025634765625
0.1377643643963636088667357171289040707051753997802734375
0.1119538666611064048339585497160442173480987548828125
0.1380650318175389024144550376149709336459636688232421875
0.1445633092738199121374265132544678635895252227783203125
0.128043065215211193663691346955602057278156280517578125
0.131588599337900513663868196090334095060825347900390625
0.125942198219136491932346189059899188578128814697265625
0.13191768246082780091654740317608229815959930419921875
0.1123624417138777975555541388530400581657886505126953125
0.10951743210174809395329731387391802854835987091064453125
0.1043379714449206019377669463210622780025005340576171875
0.10025477549325580162165039155297563411295413970947265625
0.1240616965216783940118006057673483155667781829833984375
0.12761653633303449151270569927874021232128143310546875
0.07536640081707800253862927775116986595094203948974609375
0.1452592588713899901531334535320638678967952728271484375
0.11189122694168500415923261925854603759944438934326171875
0.10438826615486120064080211022883304394781589508056640625
0.1066151596879841012555090173918870277702808380126953125
0.11632630111431019326317937157000415027141571044921875
0.125522484286533286823583921432145871222019195556640625
0.12089902071818610373998836848841165192425251007080078125
0.11681319382331760425852706930527347140014171600341796875
0.107443557970331504680672196627710945904254913330078125
0.1431369477822450886339566977767390199005603790283203125
0.1283164595700994892180091255795559845864772796630859375
0.137910563720140988408502380480058491230010986328125
0.11388098254698629518966157547765760682523250579833984375
0.09382378503790089752101266640238463878631591796875
0.12109742718962400453985850390381528995931148529052734375
0.1066180619204424029344835389565560035407543182373046875
0.1069381665800079039829739713240996934473514556884765625
0.115500011370013699885106461806572042405605316162109375
0.11135956760623060002313167160536977462470531463623046875
0.1177292480270137053910417535007582046091556549072265625
0.143463243946673202344754827208817005157470703125
0.145926230662680012084564395991037599742412567138671875
0.1251083873339179086681127728297724388539791107177734375
0.09862089817058690421891498090189998038113117218017578125
0.112703947142613503107355654719867743551731109619140625
0.1390046082085714951315225107464357279241085052490234375
0.119131863508981805654940444583189673721790313720703125
0.1535631727849839089916628154242062009871006011962890625
0.1204179535151053970221113331717788241803646087646484375
0.1579416607104787984017235658029676415026187896728515625
0.1341715148160929904630478404214954935014247894287109375
0.1548273614654482044361571979607106186449527740478515625
0.11231488161766149669329450944132986478507518768310546875
0.1477253849457846046622222502264776267111301422119140625
0.12496707406316269473034452630599844269454479217529296875
0.1706179090860446001531869342215941287577152252197265625
0.11506688292631940540022839059020043350756168365478515625
0.11974118990615979785108180522001930512487888336181640625
0.11922422639127550070270444848574697971343994140625
0.11370229157512119766426650357971084304153919219970703125
0.1402436041608421113391358403532649390399456024169921875
0.1052637862898448961601616247207857668399810791015625
0.116402669040891304508278381035779602825641632080078125
0.10472081764455830332760655210222466848790645599365234375
0.11376711593033429770205344766509369947016239166259765625
0.10745968684793559544399244032319984398782253265380859375
0.10420536425051750428760755085022537969052791595458984375
0.127650781053800788100716090411879122257232666015625
0.110900604273842906533076302366680465638637542724609375
0.10356809942992380169091148900406551547348499298095703125
0.16472085232110089680901410247315652668476104736328125
0.1073221266689425024143389464370557107031345367431640625
0.1194873665735503021068097950774244964122772216796875
0.1161038767450925934809902173583395779132843017578125
0.134728583917507194200879894196987152099609375
0.11810675161365159768767085779472836293280124664306640625
0.1643426733565145070325996812243829481303691864013671875
0.1092360222738097963457448713597841560840606689453125
0.1633926207894458026981254761267337016761302947998046875
0.126945540124894395983545791750657372176647186279296875
0.1153772241509317952878888036138960160315036773681640625
0.1297724794599525999228006867269868962466716766357421875
0.1288735369625000071192033601619186811149120330810546875
0.1458634753649495074956377038688515312969684600830078125
0.135004802379817101520842470563366077840328216552734375
0.12166679300785350481550750600945320911705493927001953125
0.16605549426879229191200693094287998974323272705078125
0.122964993702932900987434550188481807708740234375
0.1357940896071719028004309848256525583565235137939453125
0.10013359916234419733083171877296990714967250823974609375
0.128656986436175291288463995442725718021392822265625
0.1608885047637776122275710122266900725662708282470703125
0.11854949818750519507926100004624458961188793182373046875
0.10328962667757539406476752219532500021159648895263671875
0.110063994407852694390470560392714105546474456787109375
0.12066153487181820180840219336459995247423648834228515625
0.1250511132391892987758552635568776167929172515869140625
0.12720865754964660876424886737368069589138031005859375
0.135918281310399791106391376160900108516216278076171875
0.12028343863275499370235621654501301236450672149658203125
0.118609714932004006726629086188040673732757568359375
0.10758556868110939752636312505273963324725627899169921875
0.1450073162817706873273237988541950471699237823486328125
0.1332504689221832017143043458418105728924274444580078125
0.1114822948307598038386601047022850252687931060791015625
0.11853865142504320384642113594964030198752880096435546875
0.11326397435892869569595831080732750706374645233154296875
0.128024245970437100528016571843181736767292022705078125
0.118242495684693693647204781882464885711669921875
0.1124498760432691979449515429223538376390933990478515625
0.1203510486899145026651325451894081197679042816162109375
0.1292418996345988946305993749774643220007419586181640625
0.131223098992347686486681368478457443416118621826171875
0.1281310451722454946121843022410757839679718017578125
0.1264202119897596954256613344114157371222972869873046875
0.165006379454408491636030476001906208693981170654296875
0.11800381758392659847789474270030041225254535675048828125
0.113741591945643094607731882206280715763568878173828125
0.1282204938686380135681730507712927646934986114501953125
0.126997418521644089839384150764090009033679962158203125
0.135064778654806205704375088316737674176692962646484375
0.10866814267545700511963246981395059265196323394775390625
0.108563483877702704472056893791886977851390838623046875
0.11760455235886189961913572687990381382405757904052734375
0.11945893809123020457008124139974825084209442138671875
0.11389047707549959653761106892488896846771240234375
0.1150672946200295976293404009993537329137325286865234375
0.1357164379618409910666088080688496120274066925048828125
0.11820984390049049661541857858537696301937103271484375
0.1363572615037751123434617284146952442824840545654296875
0.1670292782776419127088729510433040559291839599609375
0.1262675753734072980893898829890531487762928009033203125
0.10461735261493400328536296228776336647570133209228515625
0.112573378758714703895549291701172478497028350830078125
0.1276449412736359867448499016973073594272136688232421875
0.1302055499645151936949361015649628825485706329345703125
0.11554721494667359593666589034910430200397968292236328125
0.1176978395109490038716870685675530694425106048583984375
0.109152596482988306636485731360153295099735260009765625
0.156722956690628911768925490832771174609661102294921875
0.154908439624358906794299173270701430737972259521484375
