2.465941133791078154757769880234263837337493896484375
2.359485376022536939899509889073669910430908203125
2.07639392314914683623783275834284722805023193359375
2.408802865878310939251605304889380931854248046875
2.473773542992297347353769509936682879924774169921875
2.63007859767361917846528740483336150646209716796875
2.48070345751014453838934059604071080684661865234375
2.395229811271163189445587704540230333805084228515625
2.31039463589864890735725566628389060497283935546875
2.5238250947218698883034448954276740550994873046875
2.35637630169832590354417334310710430145263671875
2.7095328178759938708708432386629283428192138671875
2.361701473471383483371255351812578737735748291015625
2.190108925676202300536488110083155333995819091796875
2.525871183341916736964094525319524109363555908203125
2.3551435912962492835731609375216066837310791015625
2.171060736535537660785166735877282917499542236328125
2.58836925457290334406934562139213085174560546875
2.197791174334005059876062659895978868007659912109375
2.4990597793035700391328646219335496425628662109375
2.73850344101515741357388833421282470226287841796875
2.414574767885083961260761498124338686466217041015625
2.54088571821713227194550199783407151699066162109375
2.27154969176893839488684534444473683834075927734375
2.852699818947978638306040011229924857616424560546875
2.300297961991808026738226544694043695926666259765625
2.52880277524211916073682004935108125209808349609375
2.358005611811997415117048149113543331623077392578125
2.2605340658863060099292852100916206836700439453125
2.562644861559764564162833266891539096832275390625
2.507696537889744892169119339087046682834625244140625
2.915673182955747844147253999835811555385589599609375
2.629348628104124951931908071856014430522918701171875
2.48133215934236606159402072080411016941070556640625
2.60701299511038531164786036242730915546417236328125
2.705278692889658831433052910142578184604644775390625
2.739010287303023982730110219563357532024383544921875
2.50252102663382469671660146559588611125946044921875
2.15327596108092489401997227105312049388885498046875
2.1176477907504089870371899451129138469696044921875
2.34434573510279431474145894753746688365936279296875
2.21823640824449075381608054158277809619903564453125
2.32619254015703003091175560257397592067718505859375
2.256633972172605862027694456628523766994476318359375
1.9499917281082914666257011049310676753520965576171875
2.60012805361282151039858945296145975589752197265625
2.448142712998012004987913314835168421268463134765625
2.134761807482656426060430021607317030429840087890625
2.87026340905472121534103280282579362392425537109375
2.26391196811163109003928184392862021923065185546875
2.74088027940161094164750466006807982921600341796875
2.780024734477420711442618994624353945255279541015625
2.45470219681654011623095357208512723445892333984375
2.37786522908438069379144508275203406810760498046875
2.6729077042238156280973271350376307964324951171875
2.61584805411623744220150911132805049419403076171875
2.543995298514864611405528194154612720012664794921875
2.575904247433989713300661605899222195148468017578125
2.406545539794640031772132715559564530849456787109375
2.422297327279718359704929753206670284271240234375
2.7041505784450006188990300870500504970550537109375
2.57869529363923977172134982538409531116485595703125
2.442341888109411218721334080328233540058135986328125
2.78616716254279150888351068715564906597137451171875
2.20357598601596382792422446073032915592193603515625
2.349953047453374299635697752819396555423736572265625
2.328067526432304301664544254890643060207366943359375
2.058484546753714283795488881878554821014404296875
2.00300854145504825254420211422257125377655029296875
2.20344083922849787171571733779273927211761474609375
2.095045669931043352818278435734100639820098876953125
2.300251709222977058999504151870496571063995361328125
2.24101902933657104455278386012651026248931884765625
2.503786545209356173558035152382217347621917724609375
2.720732724591801598990059574134647846221923828125
2.647553552023303335971604610676877200603485107421875
2.416674074636713243080521351657807826995849609375
2.899455059984255900218386159394867718219757080078125
2.3227785005775931637117537320591509342193603515625
1.918817056945138599388656075461767613887786865234375
2.411764175124683884376963760587386786937713623046875
2.639275050777416975478217864292673766613006591796875
2.53878426574909443758087945752777159214019775390625
2.444624170756554804029292427003383636474609375
2.7704712255096666240206104703247547149658203125
2.78986432617860469207471396657638251781463623046875
2.109871650230925599345255250227637588977813720703125
2.380281595192483390377446994534693658351898193359375
2.7615374351640351591186117730103433132171630859375
2.80491587341315895542948055663146078586578369140625
2.123059760102240289825203944928944110870361328125
2.247952945720110395910751321935094892978668212890625
2.16654607418914135763543526991270482540130615234375
2.270111670615608812084929013508372008800506591796875
2.041206093205231386633613510639406740665435791015625
2.577204119538095028474344871938228607177734375
2.07754673997172556454415826010517776012420654296875
2.4114127929537669814408218371681869029998779296875
2.130007534451766826322227643686346709728240966796875
2.094185402639829884918754032696597278118133544921875
2.567886426427259838334293817752040922641754150390625
2.41870480814620503196010758983902633190155029296875
2.30356701298859700699495078879408538341522216796875
2.49280949019404207689376562484540045261383056640625
2.721758270579191840710109318024478852748870849609375
2.431601694498342514094701982685364782810211181640625
2.391573238772924270278963376767933368682861328125
2.53202925310903648181692915386520326137542724609375
2.3000970674758303147200422245077788829803466796875
2.261198055182267463436573962098918855190277099609375
2.73525170325205646548738513956777751445770263671875
2.32765324735335266126412534504197537899017333984375
2.589529589354717220572865699068643152713775634765625
2.291883953720892375116591210826300084590911865234375
2.814571814175963471171826313366182148456573486328125
2.034239854919865475579854319221340119838714599609375
2.409015534635661648366067311144433915615081787109375
2.14894630454077262271539439097978174686431884765625
2.8533262457347259299922370701096951961517333984375
2.94057932862235560378394438885152339935302734375
2.336850763066368852349796725320629775524139404296875
2.3845873632526330965220040525309741497039794921875
2.469882808120581696442741304053924977779388427734375
2.1698095530453347379307160736061632633209228515625
2.78415626315361119935687383986078202724456787109375
2.89330447455292461000908588175661861896514892578125
2.41597994661302717389617100707255303859710693359375
2.259755501344084649417709442786872386932373046875
2.70321471586401695930135247181169688701629638671875
2.56444794293725220057922342675738036632537841796875
2.38379367576313594412340535200200974941253662109375
2.257459793406813020055778906680643558502197265625
2.37797007972734331104902594233863055706024169921875
3.008938239744998188740510158822871744632720947265625
2.455539112597726170150735924835316836833953857421875
2.494333457264882536463801443460397422313690185546875
2.17967740522489439314313131035305559635162353515625
2.479938900633183340715959275257773697376251220703125
2.303111271613165644822629474219866096973419189453125
2.34099226512222369223081841482780873775482177734375
2.497775361758662437949851664598099887371063232421875
2.817085504711579257985931690200231969356536865234375
2.097720544872609504949423353536985814571380615234375
2.352881005543844050720281302346847951412200927734375
1.9527174569680223470413693576119840145111083984375
2.28350937296624767469666039687581360340118408203125
2.77601841051255870951308679650537669658660888671875
2.711283617452127980840259624528698623180389404296875
2.571663140917662015993983004591427743434906005859375
2.36741332499172951742139048292301595211029052734375
2.805921395009026042544064694084227085113525390625
