0.99974903460327746440583496223553083837032318115234375
0.9999855935449970534278918421478010714054107666015625
1.000000674181782844840427060262300074100494384765625
0.99995919124674659261842180058010853826999664306640625
0.9997688835042477517589531998964957892894744873046875
0.99994091220170233658137703969259746372699737548828125
0.99988223264408471191444505166145972907543182373046875
0.9998701587639973187293662704178132116794586181640625
0.99978183693805677823007727056392468512058258056640625
0.9999336271941896558956841545295901596546173095703125
0.9979029325403974137742579841869883239269256591796875
0.998707814291353468405532112228684127330780029296875
0.99983740762133288537683029062463901937007904052734375
0.99721527706592560935661140320007689297199249267578125
0.99975762624952524415533616775064729154109954833984375
0.99748093451248476259962671974790282547473907470703125
0.9990859168945942503370361009729094803333282470703125
0.999895674867084860437671522959135472774505615234375
0.99996417189403186132068412916851229965686798095703125
0.99985641112683343312284023340907879173755645751953125
1.00000000017954704389921971596777439117431640625
0.99926301289088381718528353303554467856884002685546875
0.999241147125157436192921522888354957103729248046875
0.99942785307716286435919528230442665517330169677734375
0.9999702804187255988921378957456909120082855224609375
0.9995177760365692165578366257250308990478515625
0.999829750130483585479623798164539039134979248046875
0.99998230290018297328202834250987507402896881103515625
0.9998068579995116333947180464747361838817596435546875
0.999756737174549936497669477830640971660614013671875
0.9996188102406822206802416985738091170787811279296875
0.99980562809946160740537379751913249492645263671875
0.99969116577437844295417335160891525447368621826171875
1.0000000088887670557369347079657018184661865234375
0.999899069287426556229547713883221149444580078125
0.997947326928751987651367016951553523540496826171875
0.99777612855356145882268492641742341220378875732421875
0.99969971018589365296946880334871821105480194091796875
0.999777553621721271071010050945915281772613525390625
0.99992057743693163462950224129599519073963165283203125
0.99996715731615914979357739866827614605426788330078125
0.9996692330892662514685298447147943079471588134765625
0.99897413317130567822488274032366462051868438720703125
0.9999723313654949041762165506952442228794097900390625
0.99974184262676624168619810006930492818355560302734375
0.9996539858183661753088244950049556791782379150390625
0.999876064506258099839897113270126283168792724609375
0.99936319157848585437164956601918675005435943603515625
0.99988707714827229633414162890403531491756439208984375
0.999928415727968200599207193590700626373291015625
0.99997049112419855720901296081137843430042266845703125
0.99959006761913993255319610398146323859691619873046875
0.99990000406473533711704249071772210299968719482421875
0.9988039545141840225284113330417312681674957275390625
0.98983368493630352613621425916790030896663665771484375
0.9998194248099319114686522880219854414463043212890625
0.9995416807803583214564469017204828560352325439453125
0.999743586831488784127941471524536609649658203125
0.999390421493575598077541144448332488536834716796875
0.99995612255672006174478383400128223001956939697265625
0.9995212407948554922398898270330391824245452880859375
0.999484489227959738144591028685681521892547607421875
0.9999011165955626889711993499076925218105316162109375
0.99977920265711250902285200936603359878063201904296875
0.99919951328981360116898713386035524308681488037109375
0.99991032908267063472607105723000131547451019287109375
0.9999156602460523846076512199942953884601593017578125
0.9999567827444242329448798045632429420948028564453125
0.998426425583135657149114194908179342746734619140625
0.99937099896573255985998684991500340402126312255859375
0.99971985776589600281027969685965217649936676025390625
0.99984698564605378745540065210661850869655609130859375
0.999403400437034239445210914709605276584625244140625
0.9999678063186314691535017118440009653568267822265625
0.99997305752475018625347047418472357094287872314453125
0.99986464260925067559782064563478343188762664794921875
0.99938486760229905403463135371566750109195709228515625
0.9999942847874259133078567174379713833332061767578125
0.99991363371294428308289070628234185278415679931640625
0.99981411375510409467182171283639036118984222412109375
0.998134056485316722984180159983225166797637939453125
0.99978052572103326411934176576323807239532470703125
0.9997762572989035145809566529351286590099334716796875
0.99928538287811130569338047280325554311275482177734375
0.9999237375573037933662590148742310702800750732421875
0.99973614996886761563388290596776641905307769775390625
0.99971214391200391435887695479323156177997589111328125
0.99960120193916335296080433181487023830413818359375
0.9997551761257843505603659650660119950771331787109375
0.99986281848358427026823846972547471523284912109375
0.99974865635970544541777371705393306910991668701171875
0.99985178822781228813454390547121874988079071044921875
0.99989988445718391840699723616125993430614471435546875
0.99980293550127974366859007204766385257244110107421875
0.9991214692980754374929119876469485461711883544921875
1.000000060337863150294879233115352690219879150390625
0.9997977272003908399966576325823552906513214111328125
0.9985102531350225074646687062340788543224334716796875
0.9999377945918279664283545571379363536834716796875
0.99809997754105272971258955294615589082241058349609375
0.9995769659391935402226181395235471427440643310546875
0.9997815513430381439974325985531322658061981201171875
0.99996941926506910380823001105454750359058380126953125
0.999943768369365049153429936268366873264312744140625
0.9995809139141453858456998204928822815418243408203125
0.99983537804813715776930393985821865499019622802734375
0.99969250954933686070802423273562453687191009521484375
1.0000000059264098073441573433228768408298492431640625
0.999851799713866729035771641065366566181182861328125
0.999565714392345316952059874893166124820709228515625
0.99991289347082801253208117486792616546154022216796875
1.0000003555181729009149194098426960408687591552734375
0.99966926492741114973483718131319619715213775634765625
0.99997913760081436063131832270300947129726409912109375
0.9996847843300737945781975213321857154369354248046875
0.99983690019493376421877428583684377372264862060546875
0.9976370580787461417315853395848535001277923583984375
0.99927057255810602942602827170048840343952178955078125
0.99985206757626376994352312976843677461147308349609375
0.999961062423808666466129579930566251277923583984375
0.9999499358176311414325709847616963088512420654296875
0.99971957286482082682965710773714818060398101806640625
0.9989546237235840120405327979824505746364593505859375
0.9998752346075596708629973363713361322879791259765625
0.99997263498681066007378603899269364774227142333984375
0.99810143912583393355220096054836176335811614990234375
0.999951081176632339264642723719589412212371826171875
0.999905391593258752180872761528007686138153076171875
0.999932941611218151223283712170086801052093505859375
0.99914237666604688303806369731319136917591094970703125
0.99979614252009307850954655805253423750400543212890625
0.9999286377101637146580515036475844681262969970703125
0.99989715532127154684616243685013614594936370849609375
0.999926780974071061081076550181023776531219482421875
0.9998134155364575281765837644343264400959014892578125
0.99991231459045859519818577609839849174022674560546875
0.9996596958084313921943930836278013885021209716796875
0.9999508445158300506960813436307944357395172119140625
0.99998468552385044727515150952967815101146697998046875
0.99983063503440761099483324869652278721332550048828125
0.9998710900767775466846387644181959331035614013671875
0.9998718146207814516657208514516241848468780517578125
0.9997199071358509048224050275166518986225128173828125
0.9997952864399211048151983050047419965267181396484375
0.9997196346031158586953324629575945436954498291015625
0.9999286238035349771990922818076796829700469970703125
0.9993406175102752531103078581509180366992950439453125
0.99961713688692366286403512276592664420604705810546875
0.9999964872818176697677472475334070622920989990234375
0.99971155125476440783671705503365956246852874755859375
0.99972023298550849457200229153386317193508148193359375
