-0.202782202879276451934487113248906098306179046630859375
-0.26550692770504225048711077761254273355007171630859375
-0.433962146785524971459580001464928500354290008544921875
-0.239487321871707681264496159201371483504772186279296875
-0.2889266039422302423389510295237414538860321044921875
-0.1728697390435620928617055369613808579742908477783203125
-0.2153986721957554806294865556992590427398681640625
-0.1773749339473929265142970734814298339188098907470703125
-0.1905150722876276514483606661087833344936370849609375
-0.196236498559667571495168658657348714768886566162109375
-0.1764714739874020665855169909264077432453632354736328125
-0.1881847114558351796720359061509952880442142486572265625
-0.1515617372445033084193966033126343972980976104736328125
-0.309571010763139919941266953173908405005931854248046875
-0.2347789479153835345837109116473584435880184173583984375
-0.2970808812211374050349377284874208271503448486328125
-0.2304255261454093706152690401722793467342853546142578125
-0.201647575383361699064010963411419652402400970458984375
-0.22422345119382736111646181598189286887645721435546875
-0.18514248453019777063133233241387642920017242431640625
-0.255395317405953503619997491114190779626369476318359375
-0.36392460618085209489436238072812557220458984375
-0.272242609209727148833479759559850208461284637451171875
-0.1997478983129302443355612695086165331304073333740234375
-0.2087582174840274529259431801619939506053924560546875
-0.275947231783052304709968893803306855261325836181640625
-0.2585064688288962742035437258891761302947998046875
-0.1884938047731136434581600269666523672640323638916015625
-0.1491403052134592510657995489964378066360950469970703125
-0.1879573015845394656775368957823957316577434539794921875
-0.189869375043961452487195629146299324929714202880859375
-0.197342948466399381590719031009939499199390411376953125
-0.19702695253070834358055662960396148264408111572265625
-0.20162607062823101333748354591079987585544586181640625
-0.3492462778303551118597169988788664340972900390625
-0.252340009799341180585230404176400043070316314697265625
-0.1330885224711758907378822414102614857256412506103515625
-0.1799007527425063590609255470553762279450893402099609375
-0.211031713302023360423476106007001362740993499755859375
-0.188872533126546782167309856959036551415920257568359375
-0.26548290300335508629103742350707761943340301513671875
-0.29350916448477859521659638630808331072330474853515625
-0.1650584959965558373706784323076135478913784027099609375
-0.260283988784879849465170309485984034836292266845703125
-0.1709660916676265796088074466752004809677600860595703125
-0.50078928906267439202792957075871527194976806640625
-0.2372470076435374830570168569465749897062778472900390625
-0.1816826058412204236702791604329831898212432861328125
-0.1434516716637415090218610203010030090808868408203125
-0.1443835992331632678276065462341648526489734649658203125
-0.15901096148978977051768879391602240502834320068359375
-0.1630439490050921147457074766862206161022186279296875
-0.26697342305019844399538442303310148417949676513671875
-0.2071213253622076477800106886206776835024356842041015625
-0.18362073820798296974743379905703477561473846435546875
-0.17110582227104398356232195510528981685638427734375
-0.1901563680229032271551403709963778965175151824951171875
-0.223435295089739083262969643328688107430934906005859375
-0.335135253830954049636403624390368349850177764892578125
-0.2182489115972479354343960267215152271091938018798828125
-0.291532915071539944218415030263713560998439788818359375
-0.271136337339517752287321172843803651630878448486328125
-0.16846774757490845519924960171920247375965118408203125
-0.19288269735592977749405463328002952039241790771484375
-0.21081851083863523133032913392526097595691680908203125
-0.141570964151155942456483671776368282735347747802734375
-0.1844762699524942484163858580359374172985553741455078125
-0.25951238294516187909977134040673263370990753173828125
-0.26159416851354400090912122323061339557170867919921875
-0.174931770249257823035549108681152574717998504638671875
-0.1910985055243352992437877446718630380928516387939453125
-0.192966208581718035031116187383304350078105926513671875
-0.16635002910032492540182147422456182539463043212890625
-0.2294564154418705925753130259181489236652851104736328125
-0.19178026560693250957001509959809482097625732421875
-0.175671470647636496220655999422888271510601043701171875
-0.16650136560906581006946680645341984927654266357421875
-0.311149864991967672889217055853805504739284515380859375
-0.1625788530107468432550632542188395746052265167236328125
-0.254606223005242660040181590375141240656375885009765625
-0.186461875924037900897900499330717138946056365966796875
-0.284086618314015881825440601460286416113376617431640625
-0.16266234303239202052537848430802114307880401611328125
-0.21362592413686254388949237181805074214935302734375
-0.1888071370151039596319009206126793287694454193115234375
-0.29972235368683275424928069696761667728424072265625
-0.2157108436632844961078347978400415740907192230224609375
-0.17737255169148136157986073158099316060543060302734375
-0.265162362690754049854291451993049122393131256103515625
-0.1747371183081553314142553290366777218878269195556640625
-0.23600642991114229030102933393209241330623626708984375
-0.1805024193484386640928818223983398638665676116943359375
-0.2297786532570797179975130575257935561239719390869140625
-0.2238232603032346557103693385215592570602893829345703125
-0.264644958798755547402237198184593580663204193115234375
-0.2129647083283285613486413012651610188186168670654296875
-0.260171511404122590693788197313551791012287139892578125
-0.1708118224486311620413658829420455731451511383056640625
-0.20125718040749907000730445361114107072353363037109375
-0.1805290506401008021608589615425444208085536956787109375
-0.2227820431914941945450436833198182284832000732421875
-0.245564986477824376276402063012938015162944793701171875
-0.2086545521675529368810231289899093098938465118408203125
-0.262633297785884900488184712230577133595943450927734375
-0.1882684987257023101481223648079321719706058502197265625
-0.319948316433878499065457390315714292228221893310546875
-0.1912336985536234601479321781880571506917476654052734375
-0.2007091581790667600415645210887305438518524169921875
-0.2038857085364685628459113786448142491281032562255859375
-0.22342529626023421851499506374238990247249603271484375
-0.1762990719232349068334997355123050510883331298828125
-0.2246340898519821049905687004866194911301136016845703125
-0.277332784225138073708194497157819569110870361328125
-0.162383417168522614648651369861909188330173492431640625
-0.2094363350972184567577727420939481817185878753662109375
-0.17693176880129879435799011844210326671600341796875
-0.30789910356185945516926949494518339633941650390625
-0.280294685753626759971979254260077141225337982177734375
-0.2043043625489157910646298432766343466937541961669921875
-0.2025908773234227633341930641108774580061435699462890625
-0.19033804184399638614877403597347438335418701171875
-0.179030591184857146291875551469274796545505523681640625
-0.175575293046346503356147650265484116971492767333984375
-0.2461956150781415553208120172712369821965694427490234375
-0.1800083282138821016982177525278530083596706390380859375
-0.1770095464361892967364298101529129780828952789306640625
-0.2324726236222147413013061623132671229541301727294921875
-0.23121603388324174499501850732485763728618621826171875
-0.13977237386926122386654469664790667593479156494140625
-0.2564494441130695800978855913854204118251800537109375
-0.234185546294441937487107452398049645125865936279296875
-0.135627574951700802241560950278653763234615325927734375
-0.1789381799083763768809518523994483985006809234619140625
-0.1446195094800804270551708441416849382221698760986328125
-0.182552241848894514220091878087259829044342041015625
-0.1658775416231633992314442593851708807051181793212890625
-0.186929122733912322917859683002461679279804229736328125
-0.2102030063239433699262548316255561076104640960693359375
-0.1802970544611943726209801752702333033084869384765625
-0.1867074985951322485533410144853405654430389404296875
-0.202823693957072170857003357014036737382411956787109375
-0.2449154827754329577516045901575125753879547119140625
-0.399868001244370663282978739516693167388439178466796875
-0.1467827751761980603628643393676611594855785369873046875
-0.15027797531664732755274371811538003385066986083984375
-0.1798375435196799543291490408591926097869873046875
-0.208032396617138293226645373579231090843677520751953125
-0.190703409830510539624270904823788441717624664306640625
-0.2252337739659085180665698544544284231960773468017578125
-0.1786612659313088491419563297313288785517215728759765625
-0.18077990589083026140571064388495869934558868408203125
