-1.6238441735506057295168602649937383830547332763671875
-1.6117114305496216264401709850062616169452667236328125
-1.5734828442335129228268897350062616169452667236328125
-1.737799642980098813183076345012523233890533447265625
-1.577834388613700955517060720012523233890533447265625
-1.569128172099590212695829904987476766109466552734375
-1.884047164022922604686982595012523233890533447265625
-1.5367748335003852400149071399937383830547332763671875
-1.5466777876019477400149071399937383830547332763671875
-2.242029169201850802295439279987476766109466552734375
-1.634140120446681887500517404987476766109466552734375
-1.428542068600654690868623220012523233890533447265625
-1.576887606084346860058076345012523233890533447265625
-1.5439255341887474504147803600062616169452667236328125
-1.582209281623363494873046875
-1.7983038768172263655031883899937383830547332763671875
-1.542665356397628695361845529987476766109466552734375
-1.7303753167390822920168602649937383830547332763671875
-1.596939159929752438671357595012523233890533447265625
-1.6370496422052382978762352649937383830547332763671875
-1.792986662685871035449736154987476766109466552734375
-1.792347246408462435596220529987476766109466552734375
-1.5756796419620513471926415149937383830547332763671875
-1.457693317532539278857939279987476766109466552734375
-1.6010267257690429243410790149937383830547332763671875
-1.740440776944160550243623220012523233890533447265625
-1.626938955485820681445829904987476766109466552734375
-1.579864276945591061718232595012523233890533447265625
-1.740603692829608917236328125
-1.817174898087978274219267404987476766109466552734375
-1.4753491014242172685300147350062616169452667236328125
-1.480223728716373532421357595012523233890533447265625
-1.664812302589416592724091970012523233890533447265625
-1.659989015758037478320829904987476766109466552734375
-1.698269894719123929149873220012523233890533447265625
-1.701671800017356961376435720012523233890533447265625
-1.7845731109380722489987647350062616169452667236328125
-1.720625230669975191943876779987476766109466552734375
-1.4128553763031959089602196399937383830547332763671875
-1.771505422890186309814453125
-1.5842251822352408918703758899937383830547332763671875
-1.5562074080109595808352196399937383830547332763671875
-1.8051830798387527021731102649937383830547332763671875
-1.574895180761814117431640625
-1.718202294409274966113798654987476766109466552734375
-1.728736200928687960498564279987476766109466552734375
-1.873483614623546511523954904987476766109466552734375
-1.6221829608082771745358741100062616169452667236328125
-1.612513387203216463916533029987476766109466552734375
-1.4884885206818581071530616100062616169452667236328125
-1.5395308986306190934811866100062616169452667236328125
-1.4775653898715972456301415149937383830547332763671875
-1.643755114078521817333466970012523233890533447265625
-1.5530049398541450056399071399937383830547332763671875
-1.693335404992103665477998220012523233890533447265625
-1.5924609601497650146484375
-1.725208835303783327930204904987476766109466552734375
-1.601211972534656524658203125
-1.690916186571121304638154470012523233890533447265625
-1.7511980876326560530031883899937383830547332763671875
-1.750521065294742495410673654987476766109466552734375
-1.448771469295024871826171875
-1.496821598708629519336454904987476766109466552734375
-2.230449607968330472118623220012523233890533447265625
-1.783812159299850375049345529987476766109466552734375
-1.68035425245761871337890625
-1.511551009118556887500517404987476766109466552734375
-1.8439117029309273210202491100062616169452667236328125
-1.650329291820526123046875
-1.746122634410858243114716970012523233890533447265625
-1.6968900233507155927981102649937383830547332763671875
-1.6145791530609130415285790149937383830547332763671875
-1.690084390342235565185546875
-1.7985295087099075761472022350062616169452667236328125
-1.681712844967842013232939279987476766109466552734375
-1.778030574321746826171875
-1.8259706974029541459714209850062616169452667236328125
-1.9793283045291900634765625
-1.748799057304859072559111154987476766109466552734375
-1.864050531387329012744658029987476766109466552734375
-1.663626337051391512744658029987476766109466552734375
-1.744600974023342132568359375
-1.7185918360948562177981102649937383830547332763671875
-1.5871747016906738725339209850062616169452667236328125
-1.661250768601894467479951345012523233890533447265625
-1.7180987119674682173098290149937383830547332763671875
-1.507232671976089566356904470012523233890533447265625
-1.565684689581394284374482595012523233890533447265625
-1.605785755813121884472138845012523233890533447265625
-1.996483711898326962597138845012523233890533447265625
-1.6426476344466209855710303600062616169452667236328125
-1.606971828639507382519013845012523233890533447265625
-1.7996329113841056379641258899937383830547332763671875
-1.6219013974070548567141258899937383830547332763671875
-1.703382408618927090770966970012523233890533447265625
-1.5198934108018875566159522350062616169452667236328125
-2.26938025355339068056537144002504646778106689453125
-1.771991841495037078857421875
-1.856905035674571990966796875
-1.6608091786503791364992821399937383830547332763671875
-1.8000576376914978471432959850062616169452667236328125
-1.6183175936341285261477196399937383830547332763671875
-1.681146124005317599170439279987476766109466552734375
-1.62405081093311309814453125
-1.781929709017276763916015625
-1.857350783050060183398954904987476766109466552734375
-1.769851154088974087841279470012523233890533447265625
-1.5979294821619987043703758899937383830547332763671875
-1.5447714433073997941647803600062616169452667236328125
-1.659270787239074618213408029987476766109466552734375
-1.824129961431026458740234375
-1.6192887678742409196530616100062616169452667236328125
-1.549600376188755124218232595012523233890533447265625
-1.8541996881365776506100928600062616169452667236328125
-1.7678725764155387434328758899937383830547332763671875
-1.507347731292247861034638845012523233890533447265625
-1.7467777431011199951171875
-1.860548786818981170654296875
-1.884529775381088345653779470012523233890533447265625
-1.7697435200214386430417334850062616169452667236328125
-1.5448620885610580000246727649937383830547332763671875
-1.7994596615433693376218116100062616169452667236328125
-1.499109475314617245800263845012523233890533447265625
-1.9729715779423713239992821399937383830547332763671875
-1.7405022874474525007570946399937383830547332763671875
-1.6055360764265060868893897350062616169452667236328125
-1.814745895564556121826171875
-1.564442151784896761768095529987476766109466552734375
-2.055921575427055447704560720012523233890533447265625
-1.820142121613025576465361154987476766109466552734375
-1.518761394917965024120576345012523233890533447265625
-1.697232110798359006054170095012523233890533447265625
-1.5826641499996185746823584850062616169452667236328125
-1.7157932698726654496823584850062616169452667236328125
-1.8084513053297996965085303600062616169452667236328125
-1.5553693726658821550046241100062616169452667236328125
-1.6431695401668549028073584850062616169452667236328125
-1.9313332989811897721921241100062616169452667236328125
-1.947217857837677090770966970012523233890533447265625
-1.6780784606933594194089209850062616169452667236328125
-1.947139562666416079395048654987476766109466552734375
-1.7937090516090392622317040149937383830547332763671875
-1.702924913167953580028779470012523233890533447265625
-1.8000665947794913801516258899937383830547332763671875
-1.739340341091156094677216970012523233890533447265625
-1.418790741264820187694795095012523233890533447265625
-1.6321618229150771650637352649937383830547332763671875
-1.6617340862751006635988915149937383830547332763671875
-1.31603872776031494140625
-1.612816506624221712939970529987476766109466552734375
-1.506146489083767026073701345012523233890533447265625
