0.0356156581549448569834481759244226850569248199462890625
0.0158448266918980971984520778050864464603364467620849609375
0.0250561943186928572091520805997788556851446628570556640625
0.0210164984123863245180086067875890876166522502899169921875
0.0255631269445798260664393097840729751624166965484619140625
0.058110956789499700059220543835181160829961299896240234375
0.00676818779433189555982952612112057977356016635894775390625
0.01257725195852806530927292527621830231510102748870849609375
0.0159046455411163377424710319019141024909913539886474609375
0.0170480514953884089435209858720554620958864688873291015625
0.0184050682813320203023987886581380735151469707489013671875
0.013613438453251504312024877663134247995913028717041015625
0.014701333237931692166089447937338263727724552154541015625
0.02737522459204592972792369209855678491294384002685546875
0.0192160719909426902507476597747881896793842315673828125
0.017111220690373289687880031806344049982726573944091796875
0.01259182903545962885216713544878075481392443180084228515625
0.0255591372387988340075803961326528224162757396697998046875
0.030716041892736474505642974008878809399902820587158203125
0.035462269579265903729492492857389152050018310546875
0.038533811347224257437549255200792686082422733306884765625
0.01963700858877237553912209477857686579227447509765625
0.03258014875196234283460938740972778759896755218505859375
0.025584759769647351379528998904788750223815441131591796875
0.0183182301358551131997831618036798317916691303253173828125
0.038634446763855211093297015167991048656404018402099609375
0.01361737656100597305963706418197034508921205997467041015625
0.0309325432056070277753168085155266453512012958526611328125
0.02247776387851870005807342067782883532345294952392578125
0.014379436137846000887119402023017755709588527679443359375
0.024915021837023577921943484625444398261606693267822265625
0.0247411546342999229264325578014904749579727649688720703125
0.0158449391093610884861941912049587699584662914276123046875
0.01963381338626653260792664923428674228489398956298828125
0.01830865153462275796147906703481567092239856719970703125
0.02725887096663408282193330478548887185752391815185546875
0.0126545841654758343952646981733778375200927257537841796875
0.018307039523306999073692935553481220267713069915771484375
0.00896794226699731099328172234663725248537957668304443359375
0.0439735436762268283583665606784052215516567230224609375
0.018920924213142821523891967672170721925795078277587890625
0.02101962743762901542066146021170425228774547576904296875
0.03653550762869391121956397228132118470966815948486328125
0.02067596162866240649957916275525349192321300506591796875
0.0449230243065830148196937443572096526622772216796875
0.0158438556225742599448125247363350354135036468505859375
0.0239803356776003111228146025268870289437472820281982421875
0.010677825455903434959115116953398683108389377593994140625
0.03421220018482533375969723010712186805903911590576171875
0.04612680196234943130750849604737595655024051666259765625
0.0224664807173801384099220967982546426355838775634765625
0.045365906327884619742007998866029083728790283203125
0.0183133156329362868641741357578212046064436435699462890625
0.0210233679515489692291030365822734893299639225006103515625
0.0125845952028280638756996268057264387607574462890625
0.0158450836484431804851435998671149718575179576873779296875
0.0158452007931633130632942396687212749384343624114990234375
0.032765300077180557758449452876448049210011959075927734375
0.01472000708779335441389601868422687402926385402679443359375
0.01361132012545510951151417344817673438228666782379150390625
0.047900355901631892774350518493520212359726428985595703125
0.0217399051424660948172995489358072518371045589447021484375
0.03001076976376469696017323940395726822316646575927734375
0.01831090031162009579279725812739343382418155670166015625
0.0196336038435464786677808746162554598413407802581787109375
0.0158481639968709279997494121516865561716258525848388671875
0.0115967097759825284175594362068295595236122608184814453125
0.029032635759282936216418846697706612758338451385498046875
0.013678715635675776918223078837399953044950962066650390625
0.0182020939552295819841010171558082220144569873809814453125
0.02556187412207168441202753683683113195002079010009765625
0.032578921074662293977386440246846177615225315093994140625
0.021022555555211007438654036150182946585118770599365234375
0.02006469714755272637507488298069802112877368927001953125
0.058298832670226154173409582881504320539534091949462890625
0.02516986230792307710490973704509087838232517242431640625
0.033738564586933417199787754725548438727855682373046875
0.023981961343743474213141553263994865119457244873046875
0.01361169666887998390414349358934487099759280681610107421875
0.0196339292805298819277748378908654558472335338592529296875
0.02771667239177429131746777102307532913982868194580078125
0.0210188140771421817787345531769460649229586124420166015625
0.0128818346937676943275707941438668058253824710845947265625
0.039135096037896090204188936922946595586836338043212890625
0.032580916097261623798342355939894332550466060638427734375
0.01361073425232890189706669303859598585404455661773681640625
0.021018909321032987203015096611125045455992221832275390625
0.0183197851054399500625446961521447519771754741668701171875
0.023980548703094843598915275606486829929053783416748046875
0.04458144144965416055814699802795075811445713043212890625
0.0284767536769405978092084552599771996028721332550048828125
0.023982636267255379169949236484171706251800060272216796875
0.0222267700773539807201917284373848815448582172393798828125
0.0196359781423736771965860015143334749154746532440185546875
0.015853942406547340271405488465461530722677707672119140625
0.0081892983945528775857614078859114670194685459136962890625
0.035210204898844528476065107724934932775795459747314453125
0.02106474890644106923165423950194963254034519195556640625
0.031955606314455604899382734629398328252136707305908203125
0.0530931120059978389758015282495762221515178680419921875
0.027428658660819678349884753743026521988213062286376953125
0.017052194499083177248177634055537055246531963348388671875
0.0279136337987846809560732452837328310124576091766357421875
0.03236896237445534285637194216178613714873790740966796875
0.024003819843372575792983525388990528881549835205078125
0.01162547221664819892261721889781256322748959064483642578125
0.0239794664584362486603463793244372936896979808807373046875
0.0210211164639821333766089850314529030583798885345458984375
0.038189219118374119477099526420715847052633762359619140625
0.01257855973091332076052584199032935430295765399932861328125
0.03193771243395050751789909782019094564020633697509765625
0.024065061371964270586776279969853931106626987457275390625
0.0210541693506657266732329247815869166515767574310302734375
0.040773047795025989248340891890620696358382701873779296875
0.01699098425550545077289399387154844589531421661376953125
0.01470631215657943781371930214163512573577463626861572265625
0.0197051704332004314068615968835729290731251239776611328125
0.0074565619713014043290488785942216054536402225494384765625
0.013609299806427894996563310314741102047264575958251953125
0.0307208643994887654893322093130336725153028964996337890625
0.032580820905627749795030467794276773929595947265625
0.018319681286878497505909990650252439081668853759765625
0.04059683711574306463898409447210724465548992156982421875
0.017045560562485913280728055951840360648930072784423828125
0.01704983248607409851427263447476434521377086639404296875
0.0273840179122804179556727177669017692096531391143798828125
0.025558309888911202867323169130031601525843143463134765625
0.018308817444924803397032775365005363710224628448486328125
0.0272084651870434790499331256796722300350666046142578125
0.0163373877981622082911083992939893505536019802093505859375
0.02667078788826278412660286676327814348042011260986328125
0.043500619127667457253227922819860395975410938262939453125
0.036521976264158505232071405544047593139111995697021484375
0.03555251498621048167336766709922812879085540771484375
0.0224676568078256387595015297620193450711667537689208984375
0.02555935208427041749335018039346323348581790924072265625
0.01470283672992939334733808465216498007066547870635986328125
0.0159868222451508452952584349304743227548897266387939453125
0.01469850417552240849639044739660675986669957637786865234375
0.03257722540042833070383920812673750333487987518310546875
0.02398243893399377990593990261913859285414218902587890625
0.0146980196281593401830267708874089294113218784332275390625
0.01361404404282337034237659878499471233226358890533447265625
0.031437666213223247613228750196867622435092926025390625
0.025563154380023371536889698063532705418765544891357421875
0.030165399814699796199324310919109848327934741973876953125
0.018323101361436174017160993798825074918568134307861328125
0.0158431358989705832474026436784697580151259899139404296875
0.04667185527490412544349140944177634082734584808349609375
0.03451936290183886535398727346546365879476070404052734375
0.02536729074728900912294449199180235154926776885986328125
