0.2832167812779384785670799828949384391307830810546875
0.305204412521221490894873795696184970438480377197265625
0.27082477680535543829165590068441815674304962158203125
0.2853797967517699429862432225490920245647430419921875
0.2774548933257918736927649661083705723285675048828125
0.337278667296959933086242244826280511915683746337890625
0.31657832392410456545661645577638410031795501708984375
0.27440648509568477120268426006077788770198822021484375
0.29005588706510387897452574179624207317829132080078125
0.289612084338188691123860962761682458221912384033203125
0.26833414007357070385495489972527138888835906982421875
0.2662486143873288302330593069200403988361358642578125
0.306042764176817971844002386205829679965972900390625
0.291733768339127286228773527909652329981327056884765625
0.293079190245607745790579201639047823846340179443359375
0.266458910962754647044903322239406406879425048828125
0.290872865007557823702200039406307041645050048828125
0.29076469343153366065024556519347243010997772216796875
0.2766095816228399950631455794791691005229949951171875
0.27820525914798321931442615095875225961208343505859375
0.27300956009132282265028379697469063103199005126953125
0.3044043161936731411998380281147547066211700439453125
0.27745420882570492882024382197414524853229522705078125
0.2874229127920528981121606193482875823974609375
0.27775655266087950767683878439129330217838287353515625
0.281034923283333404331330029890523292124271392822265625
0.289630500215964037380445006419904530048370361328125
0.3086513300259265957237175825866870582103729248046875
0.296478220122845304018710521631874144077301025390625
0.283188202120523813132280110949068330228328704833984375
0.28105538025067333673945313421427272260189056396484375
0.2704401086193877201679924837662838399410247802734375
0.30291107160897234873431216328754089772701263427734375
0.27957516473295640491159019802580587565898895263671875
0.2858324194869650280992345869890414178371429443359375
0.2718780248959173917455700575374066829681396484375
0.28079102313665538215303740798844955861568450927734375
0.2835842788877613873665950450231321156024932861328125
0.28346669617781239391973713281913660466670989990234375
0.291040372835844995957899072891450487077236175537109375
0.26462166384458940537882654098211787641048431396484375
0.33406646263586281531132726740906946361064910888671875
0.308061629193649100244556393590755760669708251953125
0.2846763815273776199177291346131823956966400146484375
0.273206523943986923086413298733532428741455078125
0.27277516284127389933900076357531361281871795654296875
0.296008219875644851271090374211780726909637451171875
0.29059370142422602523168961852206848561763763427734375
0.288955643434331665986292136949487030506134033203125
0.27968436065919111133126762069878168404102325439453125
0.28741111043184941475914229158661328256130218505859375
0.290100664163490673530532149015925824642181396484375
0.29283852437689728009928558094543404877185821533203125
0.2789927724078735682411434027017094194889068603515625
0.268156486910255564826144336620927788317203521728515625
0.306907565828877737512669909847318194806575775146484375
0.28691858066673747718056119992979802191257476806640625
0.283574939897347111372738481804844923317432403564453125
0.268746849576100454992655386377009563148021697998046875
0.266850215937392942766592796033364720642566680908203125
0.30306045220854915811514729284681379795074462890625
0.292092747217840120743659326763008721172809600830078125
0.27208627396477280679931709528318606317043304443359375
0.31555583539033615902980045575532130897045135498046875
0.2743111635758459510014972693170420825481414794921875
0.33529743557161106881636669641011394560337066650390625
0.2675021038918166116360453088418580591678619384765625
0.27603282113932359198571475644712336361408233642578125
0.3065079593021504678063138271681964397430419921875
0.29797932578091279598453411381342448294162750244140625
0.2779718274191902427361355876200832426548004150390625
0.308031958376049741499258516341797076165676116943359375
0.294858575294405678146603122513624839484691619873046875
0.270344433728112509829344389800098724663257598876953125
0.266339970353020649707076472623157314956188201904296875
0.306188819542959844710594552452675998210906982421875
0.302681908136120281227476880303584039211273193359375
0.2949647494319724838618412832147441804409027099609375
0.32693312309183875097318150437786243855953216552734375
0.26324404746086360606938114869990386068820953369140625
0.283853867464715137192143856736947782337665557861328125
0.26883095406075263600342850622837431728839874267578125
0.28379410378007741133643548891996033489704132080078125
0.31949062328748978334402863765717484056949615478515625
0.27555567081768350679027435035095550119876861572265625
0.270354809940693829872770947986282408237457275390625
0.2773089807252799854353497721604071557521820068359375
0.344764441749159156191950614811503328382968902587890625
0.3002110934735331415623704742756672203540802001953125
0.265153267501089973112726738690980710089206695556640625
0.336600185625946846101896881009452044963836669921875
0.276115082267172962104950784123502671718597412109375
0.30981789329670317290066350324195809662342071533203125
0.275842521038101085029126124936738051474094390869140625
0.266130671238405780432145775193930603563785552978515625
0.3150059489000398560420990179409272968769073486328125
0.319807615626137409226004137963172979652881622314453125
0.30017983558477390193530709439073689281940460205078125
0.29517676037831186430793195540900342166423797607421875
0.2954351505948056288985981154837645590305328369140625
0.312167497710314323366986855035065673291683197021484375
0.27132656987084813327015808681608177721500396728515625
0.3235778873838575098176306710229255259037017822265625
0.2719385687216810953970025366288609802722930908203125
0.27162915166641499187250019531347788870334625244140625
0.279943681225327478667708192006102763116359710693359375
0.2992366897367417788444754478405229747295379638671875
0.290157407830434255213702954279142431914806365966796875
0.279401746940985462597240029936074279248714447021484375
0.295197113872954164381923192195245064795017242431640625
0.26511650202119418917590110140736214816570281982421875
0.2834959538918015997666088878759182989597320556640625
0.3081895516163151160782263104920275509357452392578125
0.2702728702180348108186080935411155223846435546875
0.27117862546883275687292780276038683950901031494140625
0.2961175050451456680633555151871405541896820068359375
0.284901413413222837078819793532602488994598388671875
0.2736651602137343264331548198242671787738800048828125
0.285772135647570924010807402737555094063282012939453125
0.286954011788973673002800524045596830546855926513671875
0.271483459869901633254585249233059585094451904296875
0.28139036772763770244409897713921964168548583984375
0.284101524294988916352622254635207355022430419921875
0.272435809024011488244099155053845606744289398193359375
0.29122082103230295668794269658974371850490570068359375
0.293553936597100662009296456744777970016002655029296875
0.287457390323178574309537225417443551123142242431640625
0.30154072526839070800264153149328194558620452880859375
0.30024778277663466408142767249955795705318450927734375
0.32670632555585032985590032694744877517223358154296875
0.28020790242832005478845758261741138994693756103515625
0.27686390674004857093137843548902310431003570556640625
0.28507794266312169728649905664497055113315582275390625
0.27758428516541300279385495741735212504863739013671875
0.2807502671118144998985144411562941968441009521484375
0.2846866518195036999117064624442718923091888427734375
0.304090745976897114388748377677984535694122314453125
0.293670712639408304500676649695378728210926055908203125
0.263521613547706923252889055220293812453746795654296875
0.293945215486497379853148004258400760591030120849609375
0.303925655089969881661460249233641661703586578369140625
0.268457625572093405708073987625539302825927734375
0.36369365316986124181397599386400543153285980224609375
0.2863380463895957017683713274891488254070281982421875
0.272650281308339403896212616018601693212985992431640625
0.28462886800162634504118841505260206758975982666015625
0.302175451047964782613775014397106133401393890380859375
0.2794552650088368839220720474258996546268463134765625
0.2851567819747951038067412810050882399082183837890625
0.26408418112287279644334603290189988911151885986328125
0.313438558189828686550981728942133486270904541015625
