0.9138450228649563911176301189698278903961181640625
0.66498090683514743393089929668349213898181915283203125
0.82629222573005900454035099755856208503246307373046875
1.014987558832610492487447118037380278110504150390625
1.347442201315984799947500505368225276470184326171875
0.78129362177872219152874322389834560453891754150390625
0.8272061039592173425916143969516269862651824951171875
1.118023838075078657539052073843777179718017578125
1.04003993624297752518259585485793650150299072265625
1.10788353539029316152664250694215297698974609375
0.75608430461594455795903968464699573814868927001953125
0.8655997548762364157681759024853818118572235107421875
0.66429297559557565211463270316016860306262969970703125
1.176748690516657092075547552667558193206787109375
0.93928085533991689803912095158011652529239654541015625
0.6045005368622249353194320065085776150226593017578125
1.06280947290513783087817500927485525608062744140625
1.596772842476564591152055072598159313201904296875
0.91005822270013403407773466824437491595745086669921875
1.2053343978654940116257421323098242282867431640625
0.95020229890983021192596424953080713748931884765625
0.88732356222276520529845811324776150286197662353515625
0.724689845959144651743599752080626785755157470703125
0.79669139398231669790817477405653335154056549072265625
0.8170206196117713037807561704539693892002105712890625
0.69009386846413967031566016885335557162761688232421875
0.96608154523222455889452930932748131453990936279296875
0.89393132533310104559376441102358512580394744873046875
0.9400160102151342567111669268342666327953338623046875
0.91391336037186421403788472161977551877498626708984375
0.87727674558483970113087480058311484754085540771484375
1.0515975377126804968241913229576312005519866943359375
1.016204446157635832292953637079335749149322509765625
1.050171008727006860539177068858407437801361083984375
1.1142707441465569129235291256918571889400482177734375
0.97661688090319775934489143764949403703212738037109375
1.039450720584168319504669852904044091701507568359375
0.9908039215118862319542358818580396473407745361328125
1.0953625166349276742749907498364336788654327392578125
0.8473207448129489449684115243144333362579345703125
0.74689889137378162597968866975861601531505584716796875
1.17506879848206313710079484735615551471710205078125
0.86992803217471659227300051497877575457096099853515625
1.1380878429536764873120091579039581120014190673828125
0.96725358712315789855296088717295788228511810302734375
0.627236504784861370609405639697797596454620361328125
0.7316426224905623332261939140153117477893829345703125
0.80451960496115992871324351654038764536380767822265625
0.569267990545500257582034464576281607151031494140625
1.1013943928123925974915664482978172600269317626953125
1.1166070374531382736194018434616737067699432373046875
0.69480586975189273513109355917549692094326019287109375
0.84181686740355499143362294489634223282337188720703125
1.02703501251985773734531903755851089954376220703125
0.75967301736272785372960925087681971490383148193359375
0.7761482751002521940364431429770775139331817626953125
0.9659882041761687077041642623953521251678466796875
0.71445151610656887353201227597310207784175872802734375
0.99341412720530486435421835267334245145320892333984375
0.95046969329055031039388268254697322845458984375
1.078517578261315890131299966014921665191650390625
1.164850824296990605688506548176519572734832763671875
0.99952304272669467710699109375127591192722320556640625
1.0306002787083439198312362350407056510448455810546875
0.7117090986890446391299747119774110615253448486328125
0.492932004311278870734014390109223313629627227783203125
0.61103097670446893108220365320448763668537139892578125
0.91442765205423526264638667271356098353862762451171875
0.64850934753568967305881187712657265365123748779296875
0.7065107479357555231302967513329349458217620849609375
1.049866260140877471940257237292826175689697265625
0.9567987328380176403896939518745057284832000732421875
1.0327411816560971846712391197797842323780059814453125
0.8474728467179455382307651234441436827182769775390625
0.6706614416441973869353887494071386754512786865234375
0.9783624667688008980093172795022837817668914794921875
0.8141986254505166886730194164556451141834259033203125
0.91670161155272944508709542787983082234859466552734375
1.2312509787491248136603871898842044174671173095703125
0.759318945531811895222062958055175840854644775390625
0.8324178341259094171533661210560239851474761962890625
0.8800373325901456045272652772837318480014801025390625
1.167556342287194848239550992730073630809783935546875
0.55192500967209523476952881537727080285549163818359375
0.96514092617440294663566646704566664993762969970703125
0.6463688315532032380161808760021813213825225830078125
0.815584145440252594738694824627600610256195068359375
0.82363161763523329295111352621461264789104461669921875
0.93081158292566412715274282163591124117374420166015625
0.86451123526748363534721875112154521048069000244140625
0.9830217914492289654759815675788559019565582275390625
1.099798864603051651300802404875867068767547607421875
1.1203960471405383092502461295225657522678375244140625
0.77137367212085783396702254322008229792118072509765625
0.80759473441911688862404616884305141866207122802734375
0.82805448437121775828728686974500305950641632080078125
0.95343399474192846998477079978329129517078399658203125
0.8569901585178107961127125236089341342449188232421875
0.80718623258285260302358210537931881844997406005859375
0.78190630517313886027608305084868334233760833740234375
0.8314485502896407087547459013876505196094512939453125
1.1172910868181908927709855561261065304279327392578125
0.68348719392501722236232808427303098142147064208984375
0.429070038361829941830904999733320437371730804443359375
1.00654362818467557616486374172382056713104248046875
1.0366631752503525643049897553282789885997772216796875
1.1879112816170527278103463686420582234859466552734375
0.89399102146832165605161435451009310781955718994140625
1.1544239131445801493924818714731372892856597900390625
1.0719778211494743747067559525021351873874664306640625
0.83525553348229752970155459479428827762603759765625
1.0231344378548872242618017480708658695220947265625
1.2015617966486622503197168043698184192180633544921875
0.84312000125465413891134858204168267548084259033203125
0.4236122161234021632481017149984836578369140625
0.75058393307710902231377758653252385556697845458984375
1.097105755645574109991002842434681951999664306640625
1.097544753140016648984556013601832091808319091796875
0.754825258731033787995556849637068808078765869140625
0.9353314817938878089620402533910237252712249755859375
1.086270360831573356108492589555680751800537109375
1.231407627095274737172303503029979765415191650390625
0.9664955002379584936278433815459720790386199951171875
0.7931867670720134100292852963320910930633544921875
0.69709691831769304837251866047154180705547332763671875
1.3980110222546053844183688852353952825069427490234375
1.2264087862580528298650506258127279579639434814453125
0.71060991699229647533542220116942189633846282958984375
0.89312242114297701878200541614205576479434967041015625
1.33566776703895673250599429593421518802642822265625
0.79659463605918545692219367992947809398174285888671875
0.79971848560540326200651861654478125274181365966796875
0.72373578814192718322573227851535193622112274169921875
1.0051981908641212104527085102745331823825836181640625
0.70146606401070010772258456199779175221920013427734375
0.61095851172267490181155835671233944594860076904296875
0.7977934063159473065951488024438731372356414794921875
0.83949899668259353457955285193747840821743011474609375
1.2129905321065870271723952100728638470172882080078125
0.9587218034526194809785692996229045093059539794921875
0.7553482640919586543759578489698469638824462890625
0.9757509389374801056504793450585566461086273193359375
1.285771858433407022204164604772813618183135986328125
1.0051997602875502035857380178640596568584442138671875
1.1362284321693447708412350038997828960418701171875
1.084884322592023497833224610076285898685455322265625
0.8653672327774846184667012494173832237720489501953125
0.969186238515183706709876787499524652957916259765625
0.898015431309108436153110233135521411895751953125
0.82360787548095826249294759691110812127590179443359375
1.191028564487081720102423787466250360012054443359375
