0.60317725874483585357666015625
0.71614019386470317840576171875
0.658393996767699718475341796875
0.607145183719694614410400390625
0.646976948715746402740478515625
0.656547571532428264617919921875
0.67669365741312503814697265625
0.63211025483906269073486328125
0.601014554500579833984375
0.448228550143539905548095703125
0.647314886562526226043701171875
0.618667177855968475341796875
0.5840505994856357574462890625
0.5054658241569995880126953125
0.59613980539143085479736328125
0.648446108214557170867919921875
0.673142810352146625518798828125
0.61750112287700176239013671875
0.65223942138254642486572265625
0.548755896277725696563720703125
0.6473498307168483734130859375
0.65350155346095561981201171875
0.63908160291612148284912109375
0.567791278474032878875732421875
0.64068974554538726806640625
0.59336007200181484222412109375
0.619838691316545009613037109375
0.513508680276572704315185546875
0.58559732139110565185546875
0.561629545874893665313720703125
0.6804275028407573699951171875
0.5072057135403156280517578125
0.612048408947885036468505859375
0.66182236373424530029296875
0.650299507193267345428466796875
0.6093848310410976409912109375
0.73887385241687297821044921875
0.6970035843551158905029296875
0.609873539768159389495849609375
0.678144134581089019775390625
0.630012360401451587677001953125
0.649598554708063602447509765625
0.583052803762257099151611328125
0.60197147913277149200439453125
0.6723927669227123260498046875
0.659170757047832012176513671875
0.66730210743844509124755859375
0.608114919625222682952880859375
0.6755065955221652984619140625
0.55920683033764362335205078125
0.657961691729724407196044921875
0.69690128229558467864990234375
0.608795958571135997772216796875
0.6728057228028774261474609375
0.569507732056081295013427734375
0.66501936502754688262939453125
0.622167765162885189056396484375
0.63962535746395587921142578125
0.64072107337415218353271484375
0.671413390897214412689208984375
0.6825912855565547943115234375
0.563572295941412448883056640625
0.656137344427406787872314453125
0.669240237213671207427978515625
0.596113362349569797515869140625
0.734242661856114864349365234375
0.70686343871057033538818359375
0.667449198663234710693359375
0.488703289069235324859619140625
0.664331040345132350921630859375
0.5759720318019390106201171875
0.688998534344136714935302734375
0.667155139148235321044921875
0.65457785315811634063720703125
0.663628323934972286224365234375
0.60852997004985809326171875
0.684309304691851139068603515625
0.534048459492623805999755859375
0.639234705828130245208740234375
0.6726442761719226837158203125
0.641896228305995464324951171875
0.626712240278720855712890625
0.68285525403916835784912109375
0.617016811855137348175048828125
0.662204992957413196563720703125
0.639273385517299175262451171875
0.635245357640087604522705078125
0.565741852857172489166259765625
0.66577190719544887542724609375
0.608211927115917205810546875
0.676521505229175090789794921875
0.556623318232595920562744140625
0.63566699810326099395751953125
0.677885469980537891387939453125
0.59614560566842555999755859375
0.648888387717306613922119140625
0.6841722391545772552490234375
0.520285400561988353729248046875
0.69971841759979724884033203125
0.670248250477015972137451171875
0.60241502337157726287841796875
0.576636080630123615264892578125
0.672970450483262538909912109375
0.595794617198407649993896484375
0.67181080020964145660400390625
0.548480714671313762664794921875
0.6135250814259052276611328125
0.6893762536346912384033203125
0.638153593055903911590576171875
0.65187356062233448028564453125
0.60756368376314640045166015625
0.574872127734124660491943359375
0.637700310908257961273193359375
0.707850565202534198760986328125
0.666895483620464801788330078125
0.6462195552885532379150390625
0.656353109516203403472900390625
0.666189261712133884429931640625
0.615667425096035003662109375
0.652525748126208782196044921875
0.63679230771958827972412109375
0.620333076454699039459228515625
0.645906408317387104034423828125
0.60324214398860931396484375
0.6069704852998256683349609375
0.60907579772174358367919921875
0.5946161113679409027099609375
0.5979416668415069580078125
0.684970975853502750396728515625
0.490414825268089715759600721867172978818416595458984375
0.623368113301694393157958984375
0.67249564826488494873046875
0.60655565746128559112548828125
0.486462594009935800354327284367172978818416595458984375
0.59213194064795970916748046875
0.6532447375357151031494140625
0.6670760773122310638427734375
0.60969023592770099639892578125
0.682395733892917633056640625
0.6722130216658115386962890625
0.61968301795423030853271484375
0.568073332309722900390625
0.510455553419888019561767578125
0.600436692126095294952392578125
0.501977072097361087799072265625
0.592402013950049877166748046875
0.648792304098606109619140625
0.660120501182973384857177734375
0.66519748233258724212646484375
0.63596860133111476898193359375
0.615639575757086277008056640625
