0.09034883975982666015625
0.0657460689544677734375
0.105974853038787841796875
0.068246424198150634765625
0.0692760944366455078125
0.087171494960784912109375
0.08343327045440673828125
0.072625339031219482421875
0.075446665287017822265625
0.0728285312652587890625
0.08811533451080322265625
0.0938618183135986328125
0.076461613178253173828125
0.099488317966461181640625
0.08340537548065185546875
0.096604824066162109375
0.09623610973358154296875
0.086694180965423583984375
0.0631086826324462890625
0.090858936309814453125
0.117427289485931396484375
0.06829833984375
0.10327064990997314453125
0.09019935131072998046875
0.1191561222076416015625
0.10377216339111328125
0.071988165378570556640625
0.076744019985198974609375
0.076564013957977294921875
0.112888514995574951171875
0.098091185092926025390625
0.0691564083099365234375
0.09476149082183837890625
0.086610138416290283203125
0.090612351894378662109375
0.112815082073211669921875
0.128445208072662353515625
0.1060581207275390625
0.09358680248260498046875
0.09552776813507080078125
0.099585592746734619140625
0.078275203704833984375
0.081844508647918701171875
0.061366498470306396484375
0.077508509159088134765625
0.1065771579742431640625
0.070179045200347900390625
0.071800887584686279296875
0.092718899250030517578125
0.12010657787322998046875
0.05939400196075439453125
0.098313629627227783203125
0.089992582798004150390625
0.07129395008087158203125
0.107058942317962646484375
0.066778361797332763671875
0.069626867771148681640625
0.095278441905975341796875
0.12726819515228271484375
0.098031580448150634765625
0.109452903270721435546875
0.07320773601531982421875
0.089757144451141357421875
0.07325708866119384765625
0.06491911411285400390625
0.072896063327789306640625
0.07146358489990234375
0.125108540058135986328125
0.167712271213531494140625
0.06552779674530029296875
0.088302433490753173828125
0.05776488780975341796875
0.062087714672088623046875
0.082003176212310791015625
0.11090910434722900390625
0.08446598052978515625
0.12360298633575439453125
0.095190227031707763671875
0.067429840564727783203125
0.119293153285980224609375
0.155772387981414794921875
0.1077973842620849609375
0.096036851406097412109375
0.088549315929412841796875
0.06819236278533935546875
0.07622110843658447265625
0.071371614933013916015625
0.095798313617706298828125
0.082344710826873779296875
0.1358153820037841796875
0.0788631439208984375
0.083211839199066162109375
0.081348598003387451171875
0.077952325344085693359375
0.111190736293792724609375
0.078494846820831298828125
0.096023142337799072265625
0.0774745941162109375
0.06398570537567138671875
0.081071555614471435546875
0.068398416042327880859375
0.069514930248260498046875
0.068073093891143798828125
0.08982670307159423828125
0.10891807079315185546875
0.0778675079345703125
0.07686769962310791015625
0.07506692409515380859375
0.0675399303436279296875
0.073260784149169921875
0.087352097034454345703125
0.146026551723480224609375
0.09979546070098876953125
0.100067794322967529296875
0.07668983936309814453125
0.086831390857696533203125
0.05900347232818603515625
0.068674862384796142578125
0.05860173702239990234375
0.06830275058746337890625
0.080568969249725341796875
0.103138446807861328125
0.07045257091522216796875
0.116014063358306884765625
0.093046367168426513671875
0.126422345638275146484375
0.090999424457550048828125
0.086963474750518798828125
0.1001422405242919921875
0.05274665355682373046875
0.0846416950225830078125
0.08503818511962890625
0.06307113170623779296875
0.086098849773406982421875
0.073555290699005126953125
0.103010594844818115234375
0.07327044010162353515625
0.076796352863311767578125
0.1097447872161865234375
0.066779792308807373046875
0.0702838897705078125
0.0922787189483642578125
0.05918276309967041015625
0.081232488155364990234375
0.074130237102508544921875
0.05026471614837646484375
0.05474913120269775390625
0.073928177356719970703125
0.08029282093048095703125
0.095267593860626220703125
0.081738531589508056640625
