4.706677
5.032879
4.631387
4.712848
5.860241
4.5209923
4.5023804
4.6716504
5.1268916
4.772985
5.3358974
4.5955586
4.341056
4.1258755
4.834201
4.94154
5.1440096
4.249908
4.6337447
4.7042336
4.405879
4.598294
3.539731
4.2046695
4.709886
4.3855124
4.2268434
4.570459
4.4541183
3.7376077
4.1837287
4.5266323
4.2763247
5.017097
4.5394096
4.4007497
5.57161
5.206636
4.1341844
4.413339
4.9857807
4.495712
4.1196947
4.7173114
4.4665055
3.9813304
4.3029103
4.3501983
4.5680904
4.7667465
3.9150765
5.1872153
4.29932
4.80439
3.689891
4.092971
4.761159
4.6637526
4.2008796
3.8309855
4.0294685
4.398312
5.0029364
4.294168
4.38448
4.1668983
4.675787
4.4600396
4.4170794
4.8299484
4.316137
4.789989
4.510183
4.7572446
4.7680855
4.206966
4.5863843
4.809614
5.303731
4.4991765
5.14136
4.497769
4.0611196
4.393712
4.876864
4.226748
4.1069627
4.8039575
3.7753608
4.4539127
5.1194386
4.339359
4.7267413
4.980191
4.1087513
4.0416784
4.324641
4.8934517
4.9231963
5.2019324
5.00632
4.750975
5.468389
4.495039
4.6213384
5.01765
5.193387
4.7112727
4.845
4.5360427
4.519188
5.4131026
4.4848733
5.1075406
5.1343007
4.433759
4.6694846
4.0852485
5.005452
4.4311056
5.468515
4.5144086
4.4444685
4.651115
4.625159
4.718675
3.8855488
5.359692
4.6737676
4.6039214
4.6235538
5.1223683
4.2082486
4.9174356
4.572792
4.258318
5.252562
4.6936007
4.8677297
4.451977
4.993655
4.557598
4.1499276
4.6010904
4.552187
4.4774466
4.2382245
4.6756597
4.285723
4.7862287
4.23075
