1.724079608917236328125
1.7254807949066162109375
1.7220766544342041015625
1.7322742938995359107678950749686919152736663818359375
1.7263839244842529296875
1.7253162860870359107678950749686919152736663818359375
1.7153446674346923828125
1.7274196147918698951428950749686919152736663818359375
1.7692012786865234375
1.783008575439453125
1.7902300357818603515625
1.7610569000244140625
1.7696614265441896751696049250313080847263336181640625
1.747837543487548828125
1.751120090484619140625
1.7776558399200439453125
1.7071878910064695045178950749686919152736663818359375
1.709006786346435546875
1.711591243743896484375
1.710159778594970703125
1.7187988758087158203125
1.711184978485107421875
1.71105289459228515625
1.720642566680908203125
1.6734716892242431640625
1.6755726337432859107678950749686919152736663818359375
1.6718800067901611328125
1.6739070415496826171875
1.6841218471527099609375
1.684455394744873046875
1.6686494350433349609375
1.683557033538818359375
1.7063429355621337890625
1.70165920257568359375
1.709653377532958984375
1.713342189788818359375
1.7085554599761962890625
1.6975758075714111328125
1.686977863311767578125
1.6971466541290283203125
1.7457015514373779296875
1.7397434711456301048571049250313080847263336181640625
1.7287471294403076171875
1.7248041629791259765625
1.7289793491363523170178950749686919152736663818359375
1.7248108386993408203125
1.719608783721923828125
1.7162075042724609375
1.7089025974273681640625
1.7112400531768801048571049250313080847263336181640625
1.7117497920989990234375
1.7118551731109619140625
1.706158161163330078125
1.702814579010009765625
1.6988508701324462890625
1.6985437870025636986071049250313080847263336181640625
1.7314727306365969017321049250313080847263336181640625
1.72627353668212890625
1.7210867404937744140625
1.7279763221740724876696049250313080847263336181640625
1.7253682613372804954821049250313080847263336181640625
1.7152812480926513671875
1.711910724639892578125
1.7131183147430419921875
1.736053943634033203125
1.74967193603515625
1.7519550323486328125
1.767331600189208984375
1.735297679901123046875
1.714395046234130859375
1.7330842018127439185803950749686919152736663818359375
1.7214562892913818359375
1.6797986030578611060803950749686919152736663818359375
1.633599758148193359375
1.666969776153564453125
1.64434337615966796875
1.6795141696929931640625
1.660464763641357421875
1.6249835491180419921875
1.61832141876220703125
1.7422997951507568359375
1.72893810272216796875
1.7965981960296630859375
1.7397980690002439185803950749686919152736663818359375
1.7344405651092529296875
1.7196834087371826171875
1.768556118011474609375
1.72839450836181640625
1.752652645111083984375
1.7348151206970217064196049250313080847263336181640625
1.7262058258056640625
1.721774578094482421875
1.7199008464813232421875
1.7108337879180908203125
1.70913219451904296875
1.7642972469329833984375
1.77643585205078125
1.76054859161376953125
1.762767791748046875
1.770994663238525390625
1.7446024417877195045178950749686919152736663818359375
1.7522563934326171875
1.7391903400421144798571049250313080847263336181640625
1.7292354106903076171875
1.7379667758941650390625
1.73329257965087890625
1.7255213260650636986071049250313080847263336181640625
1.724704265594482421875
1.713565826416015625
1.7437007427215576171875
1.75460052490234375
1.7416584491729736328125
1.746010303497314453125
1.74575901031494140625
1.736842632293701171875
1.740973949432373046875
1.736198902130126953125
1.73425960540771484375
1.7490470409393310546875
1.7386224269866943359375
1.758954524993896484375
1.806541919708251953125
1.7246875762939450904553950749686919152736663818359375
1.75369167327880859375
1.754329681396484375
1.764024257659912109375
1.7547690868377685546875
1.7542083263397216796875
1.741420269012451171875
1.746669769287109375
1.7719767093658447265625
1.7785999774932859107678950749686919152736663818359375
1.80695343017578125
1.7667500972747804954821049250313080847263336181640625
1.7655162811279296875
1.75137996673583984375
1.747010707855224609375
1.7670176029205322265625
1.7706444263458251953125
1.7547125816345217064196049250313080847263336181640625
1.7475149631500244140625
1.775557041168212890625
1.739657878875732421875
1.7504427433013916015625
1.7170450687408447265625
1.719531536102294921875
1.730141162872314453125
1.71996021270751953125
1.7560827732086181640625
1.729846477508544921875
1.7271909713745114967053950749686919152736663818359375
