0.053899616821601444016653914559356053359806537628173828125
0.06221294029057881924682504859447362832725048065185546875
0.0688297461993189474416254824973293580114841461181640625
0.06311974418378248075089942403792520053684711456298828125
0.051204081800575236560479908121124026365578174591064453125
0.05659847143884592923779308648590813390910625457763671875
0.078202574571632099686979699981748126447200775146484375
0.0713472956777056743771225910677458159625530242919921875
0.06962875638728625860007781511740176938474178314208984375
0.0606156085469027605672209801923600025475025177001953125
0.054345149522413933873554725551002775318920612335205078125
0.045623601977298193499432699127282830886542797088623046875
0.06391723013260829089343673103940091095864772796630859375
0.060795928252951804415804559766911552287638187408447265625
0.074208257738003269299298381156404502689838409423828125
0.05916105438655494541677626330056227743625640869140625
0.054180048562472389594990573868926730938255786895751953125
0.061302298656105709551145110935976845212280750274658203125
0.057007342801034067980570085865110740996897220611572265625
0.0720946616895567771177155691475491039454936981201171875
0.08004979499021018518600811830765451304614543914794921875
0.0507835899620623643091477106281672604382038116455078125
0.0587973690821087247027065814108937047421932220458984375
0.07050784675484682295643068528079311363399028778076171875
0.06419315534459214822593509097714559175074100494384765625
0.05378188844264643331261055436698370613157749176025390625
0.048577936837871059372329085590536124072968959808349609375
0.060166522279769645009661616086305002681910991668701171875
0.06380946711789343972487387190994923003017902374267578125
0.08627548054494725560115142570793977938592433929443359375
0.055707498560097261364187914978174376301467418670654296875
0.0535183073353103500036098694181418977677822113037109375
0.0693095547258563426940014551291824318468570709228515625
0.07204973625121789682079764816080569289624691009521484375
0.061216538816213229845519805394360446371138095855712890625
0.08231598627049059591076485276062157936394214630126953125
0.055637734959294193881618184605031274259090423583984375
0.09128980024787720914947186656718258745968341827392578125
0.08105898183105568477468949595277081243693828582763671875
0.0514146604891154990202295493872952647507190704345703125
0.0558270800638098474433235196556779555976390838623046875
0.064038028682127101642862498920294456183910369873046875
0.0645251925767029443914424291506293229758739471435546875
0.05694786805740041646384241857958841137588024139404296875
0.049859289028759516682054453440287034027278423309326171875
0.07866485107272920551668704547410015948116779327392578125
0.0639953495825880402936292057347600348293781280517578125
0.060918923788110264372352986583791789598762989044189453125
0.07641378814598187574347321060486137866973876953125
0.0736262433113919201321806440319051034748554229736328125
0.055447533278419787461377410409113508649170398712158203125
0.059223416179598871444955676679455791600048542022705078125
0.0709164922825330779065922115478315390646457672119140625
0.06117699796212359986125051136696129105985164642333984375
0.05772375317813595307914198428989038802683353424072265625
0.06437870495785412428002558726802817545831203460693359375
0.046630434678918274149506117964847362600266933441162109375
0.07388520537082092498604168895326438359916210174560546875
0.0619400720862972320457373598401318304240703582763671875
0.06493461194666172442424567634589038789272308349609375
0.0481779198892657578578990751339006237685680389404296875
0.066840021511235858664434772435924969613552093505859375
0.05863666161293416834165981299520353786647319793701171875
0.060648988021729931252590262147350586019456386566162109375
0.046942687549077301290001429379117325879633426666259765625
0.0713266803218615408344049910738249309360980987548828125
0.051027822446740346562510382000255049206316471099853515625
0.06078190816916233252253931595987523905932903289794921875
0.06050691682690224892926522670677513815462589263916015625
0.0600996359179381822723797768048825673758983612060546875
0.063849840869903251583394876433885656297206878662109375
0.054789077250645877581458620397825143299996852874755859375
0.05181627392408554022562583440958405844867229461669921875
0.06768570599978619706238447406576597131788730621337890625
0.049620195778218030568940122293497552163898944854736328125
0.06521599161957046530968540309913805685937404632568359375
0.076346418800773252488767184331663884222507476806640625
0.063780390640795492362968843735870905220508575439453125
0.060927380416291775089288051958646974526345729827880859375
0.07418802810586289098182533052749931812286376953125
0.0675798358391114517562670016559422947466373443603515625
0.081949142649007711280972898748586885631084442138671875
0.059832961316155619524437270229100249707698822021484375
0.058000859149190404917550978325380128808319568634033203125
0.06265989343280019274740055834627128206193447113037109375
0.073383307619763638030008223722688853740692138671875
0.06589322002459695182263743618022999726235866546630859375
0.07084358224411625715166707095704623498022556304931640625
0.05380105782106912870599302323171286843717098236083984375
0.062575125238293949347934130855719558894634246826171875
0.05364058491442348641786708185463794507086277008056640625
0.07169537636714740092003239624318666756153106689453125
0.063475141362250464549532580349477939307689666748046875
0.06489119219090395962457051837191102094948291778564453125
0.066300921560624337391942617614404298365116119384765625
0.06530164099599326810174915181050891987979412078857421875
0.08149668682174247835714453458422212861478328704833984375
0.054940802468047701678788286017152131535112857818603515625
0.0570269761583952206063230505606043152511119842529296875
0.0484590359569015138863079528164234943687915802001953125
0.04879529327992050691253922423129552043974399566650390625
0.048542795798934688933368164498460828326642513275146484375
0.05767931080384340603028903160520712845027446746826171875
0.058398469810684673630962748802630812861025333404541015625
0.058447151433324497082910653489307151176035404205322265625
0.059211158720368028962610651433351449668407440185546875
0.06885689261884926637424797490893979556858539581298828125
0.07461169887214440243905499983156914822757244110107421875
0.05195583027030081790798021756927482783794403076171875
0.056911519856088992053155806161157670430839061737060546875
0.059530503678929126698537999118343577720224857330322265625
0.0663378657436117513679363355549867264926433563232421875
0.049286316397686803780775477434872300364077091217041015625
0.08019249999284548680034134804373024962842464447021484375
0.07344797962845099614792587772171827964484691619873046875
0.06209036766048799116379797169429366476833820343017578125
0.0510227628858676285350526313777663744986057281494140625
0.06323827893808493805227755046871607191860675811767578125
0.055116293182128565930621988400162081234157085418701171875
0.0536044367830594836732416297309100627899169921875
0.051053871779027960864372204241590225137770175933837890625
0.06305569366841916323362937646379577927291393280029296875
0.0622956863593385479216379962963401339948177337646484375
0.08535920418242919083251507572640548460185527801513671875
0.0450781939359636840691791803692467510700225830078125
0.07588014700252752875453410297268419526517391204833984375
0.063589073215211955325543158323853276669979095458984375
0.07533878660124009030152336663377354852855205535888671875
0.06383694743657310211037980707260430790483951568603515625
0.04899110985803663276261232795150135643780231475830078125
0.07761117228963794467677672628269647248089313507080078125
0.06305639445322509806235444784761057235300540924072265625
0.057276337885113604020403954564244486391544342041015625
0.046397175110920285678872687640250660479068756103515625
0.047163988298700339207858434065201436169445514678955078125
0.07522432059672966297991791861932142637670040130615234375
0.061802944455360435405122387919618631713092327117919921875
0.0700982688484224347735818128057871945202350616455078125
0.049749134515942962375678604303175234235823154449462890625
0.06381757516910895045025853278275462798774242401123046875
0.061489485797071689876514000161478179506957530975341796875
0.07159479644120014807384677624213509261608123779296875
0.047678674451685963686653479953747591935098171234130859375
0.067478068915178379683084131102077662944793701171875
0.062044561938038110537885216899667284451425075531005859375
0.041731933530774666107898696054689935408532619476318359375
0.05248556191759022604426121461074217222630977630615234375
0.05322692840093189159400566268232068978250026702880859375
0.06194132939379161373327775663710781373083591461181640625
0.07564562983130347639804114123762701638042926788330078125
0.0748927522284798252716342403800808824598789215087890625
