0.994732439517974853515625
0.97622030973434437139957253748434595763683319091796875
0.99206578731536876336605246251565404236316680908203125
0.978071391582489013671875
0.992471873760223388671875
0.9886667728424072265625
0.98472082614898681640625
0.99352395534515380859375
0.996035754680633544921875
0.990514457225799560546875
0.98137336969375599249332253748434595763683319091796875
0.996283233165740966796875
0.98525452613830555304019753748434595763683319091796875
0.99615019559860240594417746251565404236316680908203125
0.99715697765350341796875
0.99954068660736083984375
0.99144464731216441766292746251565404236316680908203125
0.98548567295074462890625
0.99239766597747802734375
0.9680263996124267578125
0.98872607946395885125667746251565404236316680908203125
0.977876722812652587890625
0.98634016513824462890625
0.99804955720901478155582253748434595763683319091796875
0.99986273050308238641292746251565404236316680908203125
0.98222166299819957391292746251565404236316680908203125
0.9845411777496337890625
0.99446332454681396484375
0.99029755592346202508480246251565404236316680908203125
0.98798501491546641961605246251565404236316680908203125
0.990027904510498046875
0.973103940486907958984375
0.99702751636505115850894753748434595763683319091796875
0.98676681518554676397769753748434595763683319091796875
0.9919908046722412109375
0.99018079042434681280582253748434595763683319091796875
0.97418963909149158819644753748434595763683319091796875
0.99023073911666881219417746251565404236316680908203125
0.96900308132171641961605246251565404236316680908203125
0.99775791168212879522769753748434595763683319091796875
0.99900043010711681024105246251565404236316680908203125
0.994628489017486572265625
0.98037415742874156610042746251565404236316680908203125
0.99454832077026356085269753748434595763683319091796875
0.98860400915145885125667746251565404236316680908203125
0.99777388572692882195980246251565404236316680908203125
0.98405748605728160516292746251565404236316680908203125
0.9930045604705810546875
0.99613893032073963507144753748434595763683319091796875
0.97781825065612804070980246251565404236316680908203125
0.971582710742950439453125
0.977171957492828369140625
0.995238840579986572265625
0.99799048900604236944644753748434595763683319091796875
0.999915301799774169921875
0.997478187084197998046875
0.97714358568191517218082253748434595763683319091796875
0.98316079378128040655582253748434595763683319091796875
0.97994041442871082647769753748434595763683319091796875
0.97744953632354736328125
0.98860371112823475225894753748434595763683319091796875
0.9928874969482421875
0.988702297210693359375
0.98356056213378917352230246251565404236316680908203125
0.98836863040924083367855246251565404236316680908203125
0.9890944957733154296875
0.99417710304260242804019753748434595763683319091796875
0.98654538393020640985042746251565404236316680908203125
0.97531795501708984375
0.99739122390747081414730246251565404236316680908203125
0.99422621726989757195980246251565404236316680908203125
0.978300631046295166015625
0.9716079235076904296875
0.982746899127960205078125
0.992128312587738037109375
0.981981933116912841796875
0.983464896678924560546875
0.99435389041900634765625
0.99289244413375843389957253748434595763683319091796875
0.97104704380035400390625
0.97583621740341197625667746251565404236316680908203125
0.97435289621353160516292746251565404236316680908203125
0.976404607295989990234375
0.98593389987945556640625
0.987370073795318603515625
0.99805206060409557000667746251565404236316680908203125
0.977970123291015625
0.98278713226318359375
0.983742773532867431640625
0.98256313800811756475894753748434595763683319091796875
0.982785165309906005859375
0.98808234930038441046207253748434595763683319091796875
0.99474275112152099609375
0.980807363986968994140625
0.99297416210174560546875
0.95975208282470703125
0.98395764827728282586605246251565404236316680908203125
0.99418205022811878546207253748434595763683319091796875
0.98807126283645640985042746251565404236316680908203125
0.99530625343322765008480246251565404236316680908203125
0.974277198314666748046875
0.98861473798751842156917746251565404236316680908203125
0.98013103008270263671875
0.998970210552215576171875
0.9962890148162841796875
0.978499114513397216796875
0.99767506122589122430355246251565404236316680908203125
0.97210228443145763055355246251565404236316680908203125
0.99819678068160999639957253748434595763683319091796875
0.9900085926055908203125
0.97883701324462879522769753748434595763683319091796875
0.989176452159881591796875
0.98782318830490123406917746251565404236316680908203125
0.99679720401763916015625
0.98304879665374755859375
0.97893941402435302734375
0.997644245624542236328125
0.97632873058319080694644753748434595763683319091796875
0.97216475009918201788394753748434595763683319091796875
0.99587398767471324578792746251565404236316680908203125
0.96744859218597401007144753748434595763683319091796875
0.965586364269256591796875
0.9640343189239501953125
0.98720109462738037109375
0.98452281951904296875
0.97761583328247081414730246251565404236316680908203125
0.99684369564056396484375
0.99046367406845081671207253748434595763683319091796875
0.976517379283905029296875
0.9887249469757080078125
0.99657094478607177734375
0.98635929822921764031917746251565404236316680908203125
0.98199391365051280633480246251565404236316680908203125
0.978518545627593994140625
0.99612462520599365234375
0.988334119319915771484375
0.98707735538482677117855246251565404236316680908203125
0.97342169284820556640625
0.98808097839355479852230246251565404236316680908203125
0.980604469776153564453125
0.97169208526611317022769753748434595763683319091796875
0.97190380096435557977230246251565404236316680908203125
0.96816998720169078485042746251565404236316680908203125
0.99109244346618641241519753748434595763683319091796875
0.97033703327178955078125
0.98272800445556640625
0.990880489349365234375
0.98893582820892322882144753748434595763683319091796875
0.99539577960968017578125
0.992618501186370849609375
0.990051805973052978515625
