83.5266520977020263671875
84.43667697906494140625
83.8764288425445556640625
85.934692859649658203125
85.99299335479736328125
82.930990695953369140625
84.214576244354248046875
82.7395350933074951171875
83.9706165790557861328125
83.49758815765380859375
82.5448548793792724609375
83.4182682037353515625
84.4411380290985107421875
83.943253040313720703125
84.4824371337890625
84.5061447620391845703125
83.137373447418212890625
83.0965511798858642578125
82.424650669097900390625
84.864214420318603515625
83.4238798618316650390625
81.4964802265167236328125
83.045038700103759765625
85.526856899261474609375
83.115161895751953125
86.7505550384521484375
85.548779010772705078125
86.4935419559478759765625
83.943557262420654296875
83.743912220001220703125
84.0807301998138427734375
85.810311794281005859375
82.90522098541259765625
84.9877521991729736328125
82.9582693576812744140625
84.8436737060546875
85.194889068603515625
85.677173614501953125
81.848597049713134765625
83.2856366634368896484375
84.4423530101776123046875
83.1012828350067138671875
83.5786273479461669921875
84.4259891510009765625
85.0977413654327392578125
83.0520532131195068359375
89.1626765727996826171875
82.7544653415679931640625
81.705802440643310546875
85.408911228179931640625
85.7238147258758544921875
81.561372280120849609375
82.3572852611541748046875
82.1497223377227783203125
80.31328868865966796875
83.9111158847808837890625
82.052921772003173828125
84.1202194690704345703125
83.147966861724853515625
83.57186794281005859375
83.6446502208709716796875
83.4393126964569091796875
83.6264874935150146484375
83.81845188140869140625
82.70722103118896484375
82.4996283054351806640625
82.36521625518798828125
84.2608010768890380859375
84.1813166141510009765625
83.3469603061676025390625
84.8207128047943115234375
85.3773515224456787109375
83.7386119365692138671875
86.164998531341552734375
85.8001487255096435546875
83.9581630229949951171875
83.9867775440216064453125
83.9692909717559814453125
82.6729323863983154296875
84.0100443363189697265625
83.2191040515899658203125
83.509074687957763671875
82.9984767436981201171875
83.929691791534423828125
609.52689266204833984375
84.1847169399261474609375
83.42079448699951171875
82.3069727420806884765625
82.895757198333740234375
84.102874279022216796875
83.9865715503692626953125
83.001490116119384765625
81.49066925048828125
83.9881470203399658203125
83.4711267948150634765625
84.43597888946533203125
85.25428009033203125
84.75709247589111328125
85.458914279937744140625
85.9556610584259033203125
83.725945949554443359375
83.9784984588623046875
82.18934726715087890625
86.3612377643585205078125
85.8342049121856689453125
84.584153652191162109375
83.737003326416015625
80.48652362823486328125
83.719060420989990234375
83.251363277435302734375
83.5622856616973876953125
83.037377834320068359375
84.115085124969482421875
85.26414585113525390625
82.51617527008056640625
83.6593837738037109375
82.1989734172821044921875
84.167808055877685546875
84.7597587108612060546875
81.81023311614990234375
82.00556850433349609375
86.2832572460174560546875
83.0080165863037109375
84.59208202362060546875
84.8490543365478515625
83.948845386505126953125
84.0812275409698486328125
84.1186296939849853515625
81.32416248321533203125
85.6452043056488037109375
83.2612903118133544921875
83.8983707427978515625
82.81458568572998046875
84.532554149627685546875
84.25803089141845703125
84.2366445064544677734375
84.3062708377838134765625
82.2860691547393798828125
85.2463710308074951171875
85.72691631317138671875
90.1391222476959228515625
84.6353104114532470703125
84.6214869022369384765625
84.5792081356048583984375
84.390745639801025390625
83.6104085445404052734375
83.6445567607879638671875
84.1502325534820556640625
84.0956852436065673828125
84.843914031982421875
84.023563861846923828125
