83.1013271808624267578125
84.3658449649810791015625
83.8373405933380126953125
84.0080955028533935546875
86.4004194736480712890625
83.5427443981170654296875
83.125446319580078125
82.08758258819580078125
84.0688149929046630859375
83.8744828701019287109375
82.662902355194091796875
83.329255580902099609375
84.791456699371337890625
84.3688013553619384765625
83.7346150875091552734375
84.845298290252685546875
83.3756678104400634765625
83.169737339019775390625
82.44044780731201171875
82.47128963470458984375
84.018690586090087890625
80.9273784160614013671875
81.7416255474090576171875
84.57990550994873046875
83.78106021881103515625
83.6563298702239990234375
85.4800732135772705078125
85.6993124485015869140625
87.340044498443603515625
84.6338303089141845703125
84.61847686767578125
85.5956475734710693359375
81.988135814666748046875
83.0868299007415771484375
83.528914928436279296875
83.9843780994415283203125
84.877886295318603515625
85.793013095855712890625
86.0449144840240478515625
83.8956601619720458984375
84.8592064380645751953125
84.7523005008697509765625
83.1095402240753173828125
83.293287754058837890625
84.3911838531494140625
82.9858605861663818359375
83.8401281833648681640625
82.7048370838165283203125
83.41184902191162109375
82.0860092639923095703125
85.1277806758880615234375
85.2898404598236083984375
81.6614658832550048828125
82.765808582305908203125
82.345436573028564453125
84.0762774944305419921875
82.6958744525909423828125
82.3694202899932861328125
81.9958889484405517578125
81.914678096771240234375
83.0702540874481201171875
83.1161520481109619140625
83.6052682399749755859375
84.112447261810302734375
81.947258472442626953125
83.02075862884521484375
82.0500242710113525390625
82.03975391387939453125
84.081955432891845703125
83.900077342987060546875
84.398358821868896484375
84.1796972751617431640625
84.3221948146820068359375
84.3825790882110595703125
86.124309539794921875
85.705185413360595703125
84.1146185398101806640625
84.086585521697998046875
84.371166229248046875
83.795789241790771484375
84.0028922557830810546875
83.50281238555908203125
82.761711597442626953125
83.0077838897705078125
409.4216787815093994140625
84.200582027435302734375
84.1952197551727294921875
83.65668392181396484375
83.38532924652099609375
83.1115686893463134765625
84.51752471923828125
84.6739876270294189453125
81.749762058258056640625
83.201522350311279296875
83.636059284210205078125
84.4055278301239013671875
84.8697245121002197265625
84.53151226043701171875
84.8675653934478759765625
85.56499767303466796875
83.4282772541046142578125
83.5461380481719970703125
82.3367099761962890625
83.125833034515380859375
86.5520184040069580078125
86.025396823883056640625
85.8724544048309326171875
82.918685436248779296875
84.5866234302520751953125
84.1552474498748779296875
83.9318878650665283203125
83.0247871875762939453125
83.31863689422607421875
85.2186629772186279296875
83.6993353366851806640625
83.0587279796600341796875
82.6084468364715576171875
82.2983276844024658203125
84.192212581634521484375
84.178699493408203125
82.5213477611541748046875
85.893342494964599609375
86.3718621730804443359375
84.175968170166015625
84.5614311695098876953125
83.0924370288848876953125
84.5728986263275146484375
84.2821033000946044921875
81.3193938732147216796875
81.618496417999267578125
83.3801124095916748046875
84.333517551422119140625
83.0907428264617919921875
83.4298856258392333984375
83.836577892303466796875
84.211531162261962890625
84.485113620758056640625
83.6874659061431884765625
82.522778987884521484375
84.85717296600341796875
84.9948718547821044921875
87.2548539638519287109375
84.2949311733245849609375
83.9178965091705322265625
83.7744195461273193359375
84.20625782012939453125
83.5316154956817626953125
83.465245723724365234375
84.489199161529541015625
84.6990129947662353515625
84.568447589874267578125
