4544
4418
8384
4544
4544
8384
8384
8384
4544
8384
8384
8384
4544
8384
8384
8384
8384
4418
8384
4544
8384
8384
8384
4544
4544
8384
8258
8384
8258
8384
8384
4544
8258
8384
8384
4418
4544
8384
8384
8384
8384
8384
8258
8384
4544
8384
8384
8384
4544
8384
4544
4544
8384
8384
8384
8384
4544
8384
4418
4418
8384
8384
8258
4544
8384
4544
4544
8384
8384
8384
8384
8384
8384
4544
8384
4544
8384
8384
8384
4544
4544
8384
8384
8384
8384
8384
4418
8384
4544
4544
4544
8384
8384
8384
4544
8384
8384
8384
8384
8384
4544
4544
8384
4544
4544
8384
4544
4544
8384
8384
4544
8384
4544
4544
8384
4544
4544
4418
8384
4544
8384
8384
8384
4544
8384
8384
8384
8384
4544
8384
8384
8384
4544
8384
8384
8384
4544
4544
8384
8384
8384
4544
4544
4418
4544
8384
8384
8384
8384
4544
8258
