0.0356156145450769179294780997224734164774417877197265625
0.0158448266918980971984520778050864464603364467620849609375
0.0250549438990412855210454523557928041554987430572509765625
0.0210164984123863245180086067875890876166522502899169921875
0.0255631269445798260664393097840729751624166965484619140625
0.058110915549434961901997809263775707222521305084228515625
0.00676818779433189555982952612112057977356016635894775390625
0.01257725195852806530927292527621830231510102748870849609375
0.0159033799466814958212257380409937468357384204864501953125
0.0170480514953884089435209858720554620958864688873291015625
0.0184050682813320203023987886581380735151469707489013671875
0.013613438453251504312024877663134247995913028717041015625
0.014701333237931692166089447937338263727724552154541015625
0.0273751072757418729974876470123490435071289539337158203125
0.019216056129096541205125703299927408806979656219482421875
0.017111220690373289687880031806344049982726573944091796875
0.01259182903545962885216713544878075481392443180084228515625
0.0255591372387988340075803961326528224162757396697998046875
0.030716041892736474505642974008878809399902820587158203125
0.035462265614408405856039507852983660995960235595703125
0.038531181179149227855607051651531946845352649688720703125
0.01963700858877237553912209477857686579227447509765625
0.03258014875196234283460938740972778759896755218505859375
0.025584759769647351379528998904788750223815441131591796875
0.0183182301358551131997831618036798317916691303253173828125
0.038634446763855211093297015167991048656404018402099609375
0.01361737656100597305963706418197034508921205997467041015625
0.0309324607360744845141464764992633718065917491912841796875
0.0224771810722980865115960824596186284907162189483642578125
0.01437828728104712829038991372954114922322332859039306640625
0.0249149853384942158995851713143565575592219829559326171875
0.024741065032655114308557386948450584895908832550048828125
0.0158449391093610884861941912049587699584662914276123046875
0.01963381338626653260792664923428674228489398956298828125
0.01830865153462275796147906703481567092239856719970703125
0.02725887096663408282193330478548887185752391815185546875
0.0126545841654758343952646981733778375200927257537841796875
0.018307039523306999073692935553481220267713069915771484375
0.00896794226699731099328172234663725248537957668304443359375
0.043973309696821664960264541832657414488494396209716796875
0.0189113322222989981014062976782952318899333477020263671875
0.02101962743762901542066146021170425228774547576904296875
0.03653550762869391121956397228132118470966815948486328125
0.020675372318840708196763245041438494808971881866455078125
0.044922993378854358947904756860225461423397064208984375
0.0158438556225742599448125247363350354135036468505859375
0.0239803356776003111228146025268870289437472820281982421875
0.010677825455903434959115116953398683108389377593994140625
0.0342121993917083866421080529107712209224700927734375
0.04612680196234943130750849604737595655024051666259765625
0.0224664807173801384099220967982546426355838775634765625
0.045365906327884619742007998866029083728790283203125
0.0183133156329362868641741357578212046064436435699462890625
0.0210233679515489692291030365822734893299639225006103515625
0.0125845952028280638756996268057264387607574462890625
0.0158450836484431804851435998671149718575179576873779296875
0.0158452007931633130632942396687212749384343624114990234375
0.032757543599452987326259290057350881397724151611328125
0.01472000708779335441389601868422687402926385402679443359375
0.01361132012545510951151417344817673438228666782379150390625
0.047900355901631892774350518493520212359726428985595703125
0.0217385705163710175880087405175800085999071598052978515625
0.030008153816134398861326104679392301477491855621337890625
0.01831090031162009579279725812739343382418155670166015625
0.0196336038435464786677808746162554598413407802581787109375
0.0158481639968709279997494121516865561716258525848388671875
0.0115967097759825284175594362068295595236122608184814453125
0.0290273596276394117710051290259798406623303890228271484375
0.013678715635675776918223078837399953044950962066650390625
0.0182019567674387462707930041005965904332697391510009765625
0.02556187412207168441202753683683113195002079010009765625
0.032578921074662293977386440246846177615225315093994140625
0.021022555555211007438654036150182946585118770599365234375
0.0200643561425451165403099906825445941649377346038818359375
0.05829856699960582477881843033173936419188976287841796875
0.025169787764549041153561148576045525260269641876220703125
0.033737710881198111623202606779159395955502986907958984375
0.023981961343743474213141553263994865119457244873046875
0.01361169666887998390414349358934487099759280681610107421875
0.0196339292805298819277748378908654558472335338592529296875
0.027713079658293109097666473417120869271457195281982421875
0.0210188140771421817787345531769460649229586124420166015625
0.01257827250759570303362266940894187428057193756103515625
0.0391346634444914853734331927626044489443302154541015625
0.032580916097261623798342355939894332550466060638427734375
0.01361073425232890189706669303859598585404455661773681640625
0.021018909321032987203015096611125045455992221832275390625
0.0183197851054399500625446961521447519771754741668701171875
0.023980548703094843598915275606486829929053783416748046875
0.044580712643887875079595772831453359685838222503662109375
0.0284763762087343087758828374944641836918890476226806640625
0.023982636267255379169949236484171706251800060272216796875
0.022226597197569926411819807299252715893089771270751953125
0.0196359781423736771965860015143334749154746532440185546875
0.015853942406547340271405488465461530722677707672119140625
0.0081892983945528775857614078859114670194685459136962890625
0.03521014622053129927703452040077536366879940032958984375
0.02106474890644106923165423950194963254034519195556640625
0.0319555246261525038864448333697509951889514923095703125
0.0530931120059978389758015282495762221515178680419921875
0.0274262920897811145193312398760099313221871852874755859375
0.017052194499083177248177634055537055246531963348388671875
0.027913467291635581102315910584366065450012683868408203125
0.032366055526890834259656770655055879615247249603271484375
0.024003819843372575792983525388990528881549835205078125
0.01162547221664819892261721889781256322748959064483642578125
0.0239794664584362486603463793244372936896979808807373046875
0.0210211164639821333766089850314529030583798885345458984375
0.0381889915404381719010729057117714546620845794677734375
0.01257855973091332076052584199032935430295765399932861328125
0.03193771243395050751789909782019094564020633697509765625
0.024065061371964270586776279969853931106626987457275390625
0.021033883365404633380979504408969660289585590362548828125
0.040773047795025989248340891890620696358382701873779296875
0.0169902595759436371436468249385143280960619449615478515625
0.01470631215657943781371930214163512573577463626861572265625
0.0197032398216121888701035658186810906045138835906982421875
0.0074565619713014043290488785942216054536402225494384765625
0.013609299806427894996563310314741102047264575958251953125
0.0307208643994887654893322093130336725153028964996337890625
0.032580820905627749795030467794276773929595947265625
0.018319681286878497505909990650252439081668853759765625
0.040595352477199315999190076809099991805851459503173828125
0.017045560562485913280728055951840360648930072784423828125
0.01704983248607409851427263447476434521377086639404296875
0.0273840179122804179556727177669017692096531391143798828125
0.025558309888911202867323169130031601525843143463134765625
0.018308817444924803397032775365005363710224628448486328125
0.0272084651870434790499331256796722300350666046142578125
0.01629285774186302326871356171977822668850421905517578125
0.02667078788826278412660286676327814348042011260986328125
0.04349780391419420799703488000886864028871059417724609375
0.036521976264158505232071405544047593139111995697021484375
0.03555251419302514481746158025998738594353199005126953125
0.0224676568078256387595015297620193450711667537689208984375
0.02555935208427041749335018039346323348581790924072265625
0.01470283672992939334733808465216498007066547870635986328125
0.015985033420785825508669830696817371062934398651123046875
0.01469850417552240849639044739660675986669957637786865234375
0.03257722540042833070383920812673750333487987518310546875
0.02398243893399377990593990261913859285414218902587890625
0.0146980196281593401830267708874089294113218784332275390625
0.01361404404282337034237659878499471233226358890533447265625
0.031437605159040531155323350276376004330813884735107421875
0.025563154380023371536889698063532705418765544891357421875
0.03016536571197865612692368131320108659565448760986328125
0.018323101361436174017160993798825074918568134307861328125
0.0158431358989705832474026436784697580151259899139404296875
0.046671787069169023975945265192422084510326385498046875
0.03451936290183886535398727346546365879476070404052734375
0.0253672122441402046744141074441358796320855617523193359375
