0.4292833298430129840284052988863550126552581787109375
0.389630724170744457968140750381280668079853057861328125
0.3819725611539166454377891568583436310291290283203125
0.379030075346312944617466200725175440311431884765625
0.4169953963546648711968600764521397650241851806640625
0.420133864501669951341256137311575002968311309814453125
0.403998910396364152575188199989497661590576171875
0.353234679545154695023967406086740083992481231689453125
0.4324248996644153297808088609599508345127105712890625
0.398967522503539118172710686849313788115978240966796875
0.441760101387065950984123219313914887607097625732421875
0.3691638959275760356604223488830029964447021484375
0.374430761932876332576114464245620183646678924560546875
0.371828618387843590209485000741551630198955535888671875
0.415946319183926715989940703366301022469997406005859375
0.346424199019073564276283150320523418486118316650390625
0.404800700045168604379597354636644013226032257080078125
0.351880525577986158491938795123132877051830291748046875
0.3810159605080103428775828433572314679622650146484375
0.42087643769553439998531985111185349524021148681640625
0.370311667759878504480042238355963490903377532958984375
0.36477760759446853366938512408523820340633392333984375
0.3535947220211783648124992396333254873752593994140625
0.409352852651359400137920374618261121213436126708984375
0.412811736939100060173046813360997475683689117431640625
0.42486458090833612022407805852708406746387481689453125
0.4121786440704637843879254432977177202701568603515625
0.398116065378114669659481705821235664188861846923828125
0.393624429551566012985830411707866005599498748779296875
0.425206164098434868936493558067013509571552276611328125
0.397672925930030840557805049684247933328151702880859375
0.422853257326656351011706647113896906375885009765625
0.42642220046886436524147256932337768375873565673828125
0.413420567787528170367039592747460119426250457763671875
0.404893449124804127858823221686179749667644500732421875
0.411114719502820247232222072852891869843006134033203125
0.4269822350219547590910451617673970758914947509765625
0.385240942816329756670512551863794215023517608642578125
0.418624754318848157907950735534541308879852294921875
0.3729584880101917132577682423288933932781219482421875
0.40864434653030645705484857899136841297149658203125
0.4043718181899376151733349615824408829212188720703125
0.425461777662928419818655356721137650310993194580078125
0.4519967956636465888919929057010449469089508056640625
0.377654794330987420014622557573602534830570220947265625
0.430148619176725588442167236280511133372783660888671875
0.395103995365456095445466644378029741346836090087890625
0.407011840388474988028377765658660791814327239990234375
0.416358525735461448835650344335590489208698272705078125
0.440208385872314089670709336132858879864215850830078125
0.378577542802162714252744990517385303974151611328125
0.3610441845203984367884686434990726411342620849609375
0.3862709021759826999442566375364549458026885986328125
0.413553519920503209750251016885158605873584747314453125
0.395216130375539098640302881904062815010547637939453125
0.3467309229291732908251333356020040810108184814453125
0.4300528176114031264631876183557324111461639404296875
0.3458518421316532087672612760798074305057525634765625
0.420978366729957753644697504569194279611110687255859375
0.320724389344539229096398003093781881034374237060546875
0.402590751574284644309642544612870551645755767822265625
0.350739095188708216443984611032647080719470977783203125
0.41878650596245547976792522604227997362613677978515625
0.40709087855857306603724055094062350690364837646484375
0.363342722541192875151949692735797725617885589599609375
0.33172088994220760849174212125944904983043670654296875
0.39997351392368230005303075813571922481060028076171875
0.369562969914031924645314575172960758209228515625
0.410421745240155344536248094300390221178531646728515625
0.405325422000835267066776168576325289905071258544921875
0.3873600507111649715596968235331587493419647216796875
0.436261245454678425748085146551602520048618316650390625
0.420408387092008173357982059314963407814502716064453125
0.41843628039657476680446279715397395193576812744140625
0.388720942422315418607325909761129878461360931396484375
0.434050269435496793857254260728950612246990203857421875
0.431406861626738413750814515879028476774692535400390625
0.39480282431853164215596052599721588194370269775390625
0.414913129775878852800730101080262102186679840087890625
0.39544663545431302242860738260787911713123321533203125
0.37573500190234820905743617913685739040374755859375
0.44416179379548592631721248835674487054347991943359375
0.396432957122531959281985791676561348140239715576171875
0.400747136211049792553495763058890588581562042236328125
0.405794384861041967926809093114570714533329010009765625
0.397555390126296537278705045537208206951618194580078125
0.350754569670755633747916135689592920243740081787109375
0.3973693826705779752472835752996616065502166748046875
0.352616480269891285903582911487319506704807281494140625
0.384933846868035167698707255112822167575359344482421875
0.44104960650602276217568942229263484477996826171875
0.406596400366621424371516013707150705158710479736328125
0.381382475835004786102189200391876511275768280029296875
0.36864422044823896840171073563396930694580078125
0.350131507049318113633518123606336303055286407470703125
0.400151795185399894450029023573733866214752197265625
0.344474583989963389907273949575028382241725921630859375
0.397348301430769212938542978008626960217952728271484375
0.404758633334396489278361741526168771088123321533203125
0.4495808513547203677518382392008788883686065673828125
0.384148623501820107861703945673070847988128662109375
0.34941857356055805450267826017807237803936004638671875
0.41456206039136034302572397791664116084575653076171875
0.428905466759773867924110390958958305418491363525390625
0.3967059466021012337222373389522545039653778076171875
0.432650715902346494345920291380025446414947509765625
0.394484222351298541298092459328472614288330078125
0.414940321743433038204074136956478469073772430419921875
0.371824872371057935094285085142473690211772918701171875
0.419251137360382386543022903424571268260478973388671875
0.410982173034015019208453622923116199672222137451171875
0.40574223877672910276714901556260883808135986328125
0.389859653761153779338854974412242881953716278076171875
0.38602613168614630101416196339414454996585845947265625
0.420300311232364720570586769099463708698749542236328125
0.38592712043510146724401010942528955638408660888671875
0.428377509995633676265214262457448057830333709716796875
0.3748955462219623058217621291987597942352294921875
0.420342951625520988567785707346047274768352508544921875
0.388945111066028303969943635820527561008930206298828125
0.3879252034228677370464311024989001452922821044921875
0.3756810320590850960087436760659329593181610107421875
0.36352929976421222146854006496141664683818817138671875
0.38322074312656806416299559714389033615589141845703125
0.393959954513225241168328238927642814815044403076171875
0.365529311262510869795505641377530992031097412109375
0.391931431795842943888175113897887058556079864501953125
0.417629071828700737523121233607525937259197235107421875
0.416676230210444697998894980628392659127712249755859375
0.376646866798871216008848250567098148167133331298828125
0.361545956153830949642014047640259377658367156982421875
0.41935939864435922697083469756762497127056121826171875
0.437219861701020395816641439523664303123950958251953125
0.417549286449783563224258386981091462075710296630859375
0.39934640360644679812907043015002273023128509521484375
0.420958592425217770216505641656112857162952423095703125
0.4286082072713792712193026090972125530242919921875
0.36869588045051815416996987551101483404636383056640625
0.380914505930700697522439668318838812410831451416015625
0.37592623764047161660784013292868621647357940673828125
0.3437253526124550706555282886256463825702667236328125
0.3555975515336182724013269762508571147918701171875
0.4062355988174906062937452588812448084354400634765625
0.388400120550033756128271988927735947072505950927734375
0.40529091730249888758663701082696206867694854736328125
0.3520554823372588071350719474139623343944549560546875
0.395596174849288162445049010784714482724666595458984375
0.391253839735829889168172712743398733437061309814453125
0.426875914009303192298006024429923854768276214599609375
0.3269329957433237954234073185943998396396636962890625
0.359067702352242557051198446060880087316036224365234375
