44.3171041011810302734375
44.1597106456756591796875
44.5540840625762939453125
45.1355245113372802734375
44.136784076690673828125
44.3798305988311767578125
44.3832719326019287109375
43.088280200958251953125
44.2341229915618896484375
44.423445224761962890625
44.2909276485443115234375
44.6110341548919677734375
44.11815357208251953125
43.995781421661376953125
44.1903579235076904296875
44.0883114337921142578125
44.512640476226806640625
44.4705445766448974609375
44.24033832550048828125
45.4285290241241455078125
44.8207581043243408203125
44.8928985595703125
44.926308155059814453125
44.9000396728515625
45.3923003673553466796875
45.2258369922637939453125
44.973907470703125
44.87317943572998046875
44.1241686344146728515625
44.2432329654693603515625
44.2868707180023193359375
44.9786674976348876953125
44.843486785888671875
44.7281491756439208984375
44.7568118572235107421875
44.9673254489898681640625
44.5395491123199462890625
44.7533652782440185546875
44.758310794830322265625
44.972884654998779296875
44.0914027690887451171875
43.8726031780242919921875
44.274366855621337890625
44.36129093170166015625
44.4368345737457275390625
44.2092761993408203125
44.16178989410399680082264239899814128875732421875
46.2374172210693359375
43.547237873077392578125
43.55997943878173828125
43.53452968597412109375
45.31589603424072265625
44.9338147640228271484375
45.1094951629638671875
44.5574004650115966796875
44.952301025390625
45.7542207241058349609375
45.8309814929962158203125
45.830305576324462890625
44.4007380008697509765625
44.191584110260009765625
44.135455608367919921875
44.305791378021240234375
45.2767212390899658203125
44.61269378662109375
44.0919311046600341796875
44.187581539154052734375
43.9567377567291259765625
43.4048078060150146484375
43.469419956207275390625
43.589799404144287109375
43.7904202938079833984375
43.81162929534912109375
43.9229099750518798828125
43.9061996936798095703125
46.486104488372802734375
45.0454285144805908203125
45.896111965179443359375
45.1461083889007568359375
44.6851642131805419921875
44.209512233734130859375
43.9157717227935791015625
43.8410079479217529296875
43.628012180328369140625
43.4455759525299072265625
43.354565143585205078125
43.51313877105712890625
43.7982513904571533203125
45.01430797576904296875
45.4742801189422607421875
45.544854640960693359375
44.0103042125701904296875
44.03029155731201171875
43.79210996627808327730235760100185871124267578125
43.875379085540771484375
43.449351787567138671875
43.054767131805419921875
43.3469192981719970703125
43.2904336452484130859375
42.08731937408447265625
42.2603435516357421875
42.211765289306640625
45.3714389801025390625
44.7713677883148193359375
45.0842101573944091796875
45.780979156494140625
45.1580817699432373046875
45.26558899879456276948985760100185871124267578125
45.3269817829132080078125
45.18114566802978515625
44.81116890907288308198985760100185871124267578125
44.7514126300811767578125
44.6548235416412353515625
43.9645707607269287109375
44.076877593994140625
44.156097888946533203125
44.2973110675811767578125
43.94452190399169921875
44.0087172985076904296875
44.3114926815032958984375
43.86882495880126953125
44.257335186004638671875
44.444842815399169921875
44.9518153667449951171875
44.4212207794189453125
44.2296199798583984375
45.055259227752685546875
44.7669017314910888671875
44.6555149555206298828125
44.6280734539031982421875
45.8864619731903076171875
46.121400356292724609375
46.0327656269073486328125
44.656148433685302734375
44.513041973114013671875
44.760414600372314453125
44.6713616847991943359375
43.8078539371490478515625
43.69477081298828125
43.58171558380126953125
45.10786867141722922269764239899814128875732421875
44.249595165252685546875
44.5068607330322265625
44.62263584136962890625
44.535637378692626953125
44.28899097442626953125
44.3764507770538330078125
43.9814465045928955078125
44.7459545135498046875
43.9916455745697021484375
44.0275700092315673828125
