0.7062539385966706273478621369577012956142425537109375
0.712021954684777025335051803267560899257659912109375
0.69342831342953614726098976461798883974552154541015625
0.72062679217978720114246016237302683293819427490234375
0.66256654545792781352275824247044511139392852783203125
0.6662688585209790570473842308274470269680023193359375
0.64995046722263249971973664287361316382884979248046875
0.68238377540160766177024243006599135696887969970703125
0.6853278844706938155439956972259096801280975341796875
0.6750125117023320076015124868717975914478302001953125
0.72669212250132486641263085402897559106349945068359375
0.6319816015695598476753502836800180375576019287109375
0.712341871780194590968449119827710092067718505859375
0.6465610590752053354890449554659426212310791015625
0.64406368534009195148115622941986657679080963134765625
0.64939750023637998754821865077246911823749542236328125
0.69407916352654297487134726907243020832538604736328125
0.63496888919411897944655720493756234645843505859375
0.7219796999074763466097692798939533531665802001953125
0.7163007423335698842237206918071024119853973388671875
0.69946155606654247804954138700850307941436767578125
0.69597405991090044441449435907998122274875640869140625
0.69233622529866167827350409424980171024799346923828125
0.62727253577023744934848537013749592006206512451171875
0.70523775345447503593021565393428318202495574951171875
0.75392986796302297047844831467955373227596282958984375
0.6871969819830485715073109531658701598644256591796875
0.670073505857938567231713022920303046703338623046875
0.67179100809025904528226647016708739101886749267578125
0.63774882654267417425586472745635546743869781494140625
0.6884361269285823592412043581134639680385589599609375
0.71027505744571872714487881239620037376880645751953125
0.67607762440803054193594334719819016754627227783203125
0.68545825437902407895052192543516866862773895263671875
0.7032464508264215652388884336687624454498291015625
0.59870409791822953859963263312238268554210662841796875
0.65648545714014250318513177262502722442150115966796875
0.68365783835832816262012556762783788144588470458984375
0.727738304814165903877665186882950365543365478515625
0.71398141248511581835600736667402088642120361328125
0.7292359684418234788694235248840413987636566162109375
0.7150194199417818641251187727903015911579132080078125
0.686072449182498100839211474522016942501068115234375
0.63462785111003172655586013206630013883113861083984375
0.71540938512754703726415073106181807816028594970703125
0.6496109577829844994312225026078522205352783203125
0.65522379321483337211162734092795290052890777587890625
0.66105589317342439148461608056095428764820098876953125
0.61343977899906765305360067941364832222461700439453125
0.7226911498479540174599833335378207266330718994140625
0.69567362656912601348579983095987699925899505615234375
0.69583991009080403689068816674989648163318634033203125
0.59789873181608610419601745888940058648586273193359375
0.66512148181261510071493603390990756452083587646484375
0.6522685019049727639384173016878776252269744873046875
0.72772666951975661930873684468679130077362060546875
0.701218685485275994295761847752146422863006591796875
0.6914910772373705771798313435283489525318145751953125
0.717454897108786848747286057914607226848602294921875
0.71642839627641075050945573821081779897212982177734375
0.70561356895644122833033407005132175981998443603515625
0.71393198323697604212867418027599342167377471923828125
0.75695427752222943507121044603991322219371795654296875
0.75756852136193197910785102067166008055210113525390625
0.7027266857102996144845974413328804075717926025390625
0.67058412692127566945288208444253541529178619384765625
0.7539168588423892369831946780323050916194915771484375
0.733019924911224141084176153526641428470611572265625
0.695545779285965171112593452562578022480010986328125
0.694883230159757392385699859005399048328399658203125
0.74782017404742529009809004492126405239105224609375
0.76074110479458045830369883333332836627960205078125
0.6934680510873463266108274183352477848529815673828125
0.7314496123028042529057302090222947299480438232421875
0.71924725966004832145017644506879150867462158203125
0.7133951531115683142303396380157209932804107666015625
0.7439994311660516057571612691390328109264373779296875
0.64354789097364228922515394515357911586761474609375
0.6970532544329308688446644737268798053264617919921875
0.74464062507080364117229009934817440807819366455078125
0.7556451350591955051783088492811657488346099853515625
0.77219089666277895833701450101216323673725128173828125
0.7219688748045889337134894958580844104290008544921875
0.708721130789668141147785718203522264957427978515625
0.6929655535437511115759434687788598239421844482421875
0.7015306464635251426642525984789244830608367919921875
0.6948457467159687706015347430366091430187225341796875
0.66627651508598706442398906801827251911163330078125
0.70537106459804466140894874115474522113800048828125
0.70731757488316571169661983731202781200408935546875
0.7303705245008111912596859838231466710567474365234375
0.75684501615209465175126979374908842146396636962890625
0.7245728307591665640075007104314863681793212890625
0.67286148548042568062754753555054776370525360107421875
0.6742457206268583913555403341888450086116790771484375
0.6799199798608073219696734668104909360408782958984375
0.6758780508118238383730158602702431380748748779296875
0.7017345468419069476340155233629047870635986328125
0.62590188702286220223669488404993899166584014892578125
0.6936955117299599127278497689985670149326324462890625
0.70305983270289285069765128355356864631175994873046875
0.80012062101034808758726057931198738515377044677734375
0.66973776068596280186540070644696243107318878173828125
0.75447686786915413303944433209835551679134368896484375
0.66269430725891975697550151380710303783416748046875
0.57914625309557432597529214035603217780590057373046875
0.7334997006628103388692352382349781692028045654296875
0.742251150729459130417353662778623402118682861328125
0.66336437044651253014393432749784551560878753662109375
0.714914120587711199306113485363312065601348876953125
0.66061389893986943722126170541741885244846343994140625
0.668530127171337529290440215845592319965362548828125
0.6917395786278242031386298549477942287921905517578125
0.67642689659053945039346444900729693472385406494140625
0.6270592689254417262390006726491264998912811279296875
0.71301585480010698514519162927172146737575531005859375
0.63632219512402332650680136794107966125011444091796875
0.68513655665740913480732388052274473011493682861328125
0.67519235158602686208695331515627913177013397216796875
0.7466340385324279349532616834039799869060516357421875
0.743751305447961197359063589829020202159881591796875
0.71769651803468981210443189411307685077190399169921875
0.6553118709774208294760455828509293496608734130859375
0.7080401024182239044790776461013592779636383056640625
0.68901835396414645718010660857544280588626861572265625
0.73674932004216697745135888908407650887966156005859375
0.62672158005777600653374292960506863892078399658203125
0.66706592473940606868865188516792841255664825439453125
0.691344991307790035506286585587076842784881591796875
0.6693757808271729725646537190186791121959686279296875
0.69070932051458389100417889494565315544605255126953125
0.70571275649594766843364368469337932765483856201171875
0.661797705782548373321105827926658093929290771484375
0.65929517914221646979200386340380646288394927978515625
0.70346599488652439280400585630559362471103668212890625
0.74693633248172253136232257020310498774051666259765625
0.75628476366447738854503768379800021648406982421875
0.64532532829709954302899177491781301796436309814453125
0.7241636495742209689296942087821662425994873046875
0.71531839965315502372078526605037041008472442626953125
0.68609004231963621744938564006588421761989593505859375
0.703033821618039400647148795542307198047637939453125
0.69073182977868274878829879526165314018726348876953125
0.69351498981316506142746902696671895682811737060546875
0.68767374609458842282805335344164632260799407958984375
0.641959767308697859533594964887015521526336669921875
0.68871759232520968208035583302262239158153533935546875
0.63654799064295131127977356300107203423976898193359375
0.7115665265442940867757215528399683535099029541015625
0.73769524089400595467935772830969654023647308349609375
0.6658534613619473407908344597672112286090850830078125
