0.35540365423045827686365782938082702457904815673828125
0.370973184386999610406832061926252208650112152099609375
0.387054453860387059904724083025939762592315673828125
0.40150175080100936053639770761947147548198699951171875
0.3670251291301387386312171656754799187183380126953125
0.35724773974450219071741230436600744724273681640625
0.374610759103686408177935618368792347609996795654296875
0.408908886693001794032653606336680240929126739501953125
0.323677839263718791773527527766418643295764923095703125
0.379591204959820405218096084354328922927379608154296875
0.329048118471889250447048880232614465057849884033203125
0.4128711293543279037265847364324145019054412841796875
0.411882893357873258732837484785704873502254486083984375
0.392822873395345106839471327475621365010738372802734375
0.36119149356970126074628524293075315654277801513671875
0.318245750239569191730737429679720662534236907958984375
0.377386999321462468515164800919592380523681640625
0.401982950068131394960602165156160481274127960205078125
0.395912069170392733052921130365575663745403289794921875
0.351993407146514558636596348151215352118015289306640625
0.408406441275266207657779204964754171669483184814453125
0.406504166017359336304792805094621144235134124755859375
0.422236797062678859138173947940231300890445709228515625
0.37863275764800363720752329754759557545185089111328125
0.362469671464315135178679838645621202886104583740234375
0.350624465606058366429209627312957309186458587646484375
0.371043159589270865605925564523204229772090911865234375
0.3850557624335120276981569986674003303050994873046875
0.40016622359370135342260255129076540470123291015625
0.30957804676105293850696398294530808925628662109375
0.388541394512481430556505301865399815142154693603515625
0.360261510816074215224347199182375334203243255615234375
0.34192488942929999407027708002715371549129486083984375
0.367519643014020347404624544651596806943416595458984375
0.370847499304782945994674037137883715331554412841796875
0.347695725766230701037073913539643399417400360107421875
0.339584606859601179085217381725669838488101959228515625
0.388339241016952330110001412322162650525569915771484375
0.363956904102390732536065343083464540541172027587890625
0.411323934837252824792130923015065491199493408203125
0.376817736158048977035406323921051807701587677001953125
0.3740168843450195623745457851327955722808837890625
0.3363372648571820722196434871875680983066558837890625
0.32040438784373803660088242395431734621524810791015625
0.39724474065923864873894899574224837124347686767578125
0.36900787717045491209688634626218117773532867431640625
0.39236868677999103827147564516053535044193267822265625
0.369454989381844678408839399708085693418979644775390625
0.378731051431428322739947134323301725089550018310546875
0.372824771828554168973113291940535418689250946044921875
0.38141266202400669893535223309299908578395843505859375
0.392198342756107487527827970552607439458370208740234375
0.38963699010335783867731151985935866832733154296875
0.346028971044694488856663383558043278753757476806640625
0.3891651400396878290877111794543452560901641845703125
0.419747428038187264665026532384217716753482818603515625
0.355136933077615568610241325586684979498386383056640625
0.42814451239543893645844718776061199605464935302734375
0.373628777063266082070214224586379714310169219970703125
0.446203538929222764952697843909845687448978424072265625
0.3758707036966619785545162812923081219196319580078125
0.34648767285200943177869703504256904125213623046875
0.354561990420143635649452562574879266321659088134765625
0.38037254235530604251636077606235630810260772705078125
0.395612810557379013243206600236590020358562469482421875
0.454161465372325656719709741082624532282352447509765625
0.37887458571833987353016937049687840044498443603515625
0.390690928290999661687266097942483611404895782470703125
0.383367722823284962085921279140166006982326507568359375
0.3761450627083176012632748097530566155910491943359375
0.39291421353952771244877339995582588016986846923828125
0.34911226649242854680466052741394378244876861572265625
0.363742566333820349644412317502428777515888214111328125
0.352000348842606392008036664265091530978679656982421875
0.3834977618446691050024810465401969850063323974609375
0.33898088932547576490605933940969407558441162109375
0.347290992004098686418700481226551346480846405029296875
0.386230161042340258692462384715327061712741851806640625
0.352098532368053607211066946547362022101879119873046875
0.382178625495757040564370754509582184255123138427734375
0.4050219748436865163654374555335380136966705322265625
0.3424869846414200225126478471793234348297119140625
0.3874085294591516070994430265272967517375946044921875
0.387159133482862405362112667717156000435352325439453125
0.35020913714489954049469133678940124809741973876953125
0.379214756586987167263913534043240360915660858154296875
0.4203197176274888757774306213832460343837738037109375
0.36177764338444962088914280684548430144786834716796875
0.41589696004495968484349077698425389826297760009765625
0.375384872970807748071564446945558302104473114013671875
0.3692793845325075263730241204029880464076995849609375
0.37207714069208741580752075606142170727252960205078125
0.4035260894569636658246736260480247437953948974609375
0.3716219607312634121143446463975124061107635498046875
0.41964665783026255940768578511779196560382843017578125
0.37098118856175166246913477152702398598194122314453125
0.39385171418647668684087648216518573462963104248046875
0.373907404738955173595371661576791666448116302490234375
0.37022347448761283583706926947343163192272186279296875
0.3519737992381053448553984708269126713275909423828125
0.392660800048423686003928878562874160706996917724609375
0.415063574339921192990487952556577511131763458251953125
0.38104650434221831734049601436709053814411163330078125
0.356723625519193066057965779691585339605808258056640625
0.381714705442371460275552408347721211612224578857421875
0.343323783382589342583202096648165024816989898681640625
0.37775195538218131474650363088585436344146728515625
0.359260657082827006281178228164208121597766876220703125
0.39945619833771595086346906100516207516193389892578125
0.37147364483710687554918195019126869738101959228515625
0.38063639576281549370406764865037985146045684814453125
0.37239603377038543730037645218544639647006988525390625
0.376247945037349096342182974694878794252872467041015625
0.386902329821910362372960889842943288385868072509765625
0.36429809893457998359878047267557121813297271728515625
0.395670879328276214881299210901488550007343292236328125
0.341593894116141438832556787019711919128894805908203125
0.404845942322357876808069931939826346933841705322265625
0.357570357332983868037246111271088011562824249267578125
0.3899611938110545406033224935526959598064422607421875
0.384737571388989174625550049313460476696491241455078125
0.4061913393989240450565603168797679245471954345703125
0.410725841741923947125769700505770742893218994140625
0.39420724353938407791275722047430463135242462158203125
0.390258792682574406907036745906225405633449554443359375
0.408083810213510478348553078831173479557037353515625
0.38636436779196314805773226908058859407901763916015625
0.363079554726878639403508941541076637804508209228515625
0.353813602843172259060366968697053380310535430908203125
0.3756640299347988598555048156413249671459197998046875
0.410079547639826624827463774636271409690380096435546875
0.3557403810586767800572260966873727738857269287109375
0.355456365469580426452722576868836767971515655517578125
0.3582044941915771829599179909564554691314697265625
0.38387027997738332185662102347123436629772186279296875
0.36700532014468312258514970380929298698902130126953125
0.362038170304771866891968556956271640956401824951171875
0.395767708032850717980721810818067751824855804443359375
0.3867695946566251929965574163361452519893646240234375
0.388607362710057746557623659100499935448169708251953125
0.413729989610401027722019762222771532833576202392578125
0.404373264294267509288971496062004007399082183837890625
0.375360759138662569700528592875343747437000274658203125
0.386112712398626045651184313101111911237239837646484375
0.369785537540074094042807928417460061609745025634765625
0.421206139007077873248618971047108061611652374267578125
0.3766452241246955878750668489374220371246337890625
0.388983825446927722335743737858138047158718109130859375
0.363945609631402933192845239318558014929294586181640625
0.42972544062838313738694751009461469948291778564453125
0.415204727208880630673348832715419121086597442626953125
