4.1329174041748046875
4.58039760589599609375
4.213898181915283203125
4.76273822784423828125
5.63800525665283203125
4.14393711090087890625
4.81022739410400390625
4.77652645111083984375
4.084133148193359375
4.435878753662109375
4.658674716949462890625
4.4799785614013671875
4.82874202728271484375
5.3861751556396484375
5.15588855743408203125
4.2910976409912109375
4.89559173583984375
4.7235240936279296875
4.729981899261474609375
4.130442142486572265625
5.251795291900634765625
4.53926563262939453125
4.92335414886474609375
4.9186611175537109375
5.011405467987060546875
4.34442424774169921875
4.62440586090087890625
4.0561885833740234375
4.585330963134765625
5.5628986358642578125
4.400216579437255859375
4.28252124786376953125
4.407890796661376953125
4.29248523712158203125
4.83978366851806640625
5.0533466339111328125
5.523607730865478515625
4.53449726104736328125
4.16934967041015625
4.3615283966064453125
4.999125003814697265625
5.24973964691162109375
4.91077709197998046875
3.864933013916016069089209850062616169452667236328125
5.376745700836181640625
4.810543060302734375
4.754190921783447265625
4.24416255950927734375
3.977331638336181640625
5.4119014739990234375
4.19446659088134765625
5.298925876617431640625
5.00300312042236328125
4.3749332427978515625
4.4165439605712890625
4.51997470855712890625
3.966264724731445756589209850062616169452667236328125
5.198816776275634765625
5.1444225311279296875
4.89422321319580078125
4.4817981719970703125
4.6251010894775390625
4.8103504180908203125
4.122486591339111328125
4.32110500335693359375
4.839313507080078125
4.59099483489990234375
5.2893390655517578125
4.59232044219970703125
5.065460205078125
4.42931365966796875
5.813643932342529296875
4.05719661712646484375
4.738811492919921875
4.64782238006591796875
4.232952594757080078125
4.121958255767822265625
3.941048383712768998776709850062616169452667236328125
4.31667613983154296875
4.447005748748779296875
3.81511974334716796875
4.127163410186767578125
4.74980926513671875
4.04179668426513671875
4.5109119415283203125
4.6768245697021484375
4.93204021453857421875
4.167223453521728515625
4.60246944427490234375
4.604785919189453125
3.745930433273314985598290149937383830547332763671875
4.337467670440673828125
5.29169178009033203125
5.0306529998779296875
4.732865810394287109375
4.13926792144775390625
4.58977413177490234375
4.872363567352294921875
4.255044460296630859375
4.674302577972412109375
4.912570476531982421875
3.88984966278076171875
4.170292377471923828125
4.71747493743896484375
4.9819164276123046875
4.43817996978759765625
4.906940460205078125
4.587795734405517578125
4.005176544189453125
5.468791961669921875
4.47209262847900390625
4.71431827545166015625
4.6167430877685546875
4.21929836273193359375
4.816975116729736328125
5.69113063812255859375
4.2719058990478515625
5.096419811248779296875
4.573604583740234375
4.49234867095947265625
5.57493114471435546875
5.9180507659912109375
4.6152057647705078125
4.5627880096435546875
5.2967777252197265625
4.35756206512451171875
4.96390438079833984375
4.0124568939208984375
3.7532656192779541015625
4.3701324462890625
4.65802764892578125
4.597470760345458984375
4.458851337432861328125
4.8945865631103515625
4.541920185089111328125
4.872009754180908203125
4.4194049835205078125
4.65845584869384765625
4.840486049652099609375
5.073833465576171875
4.88069629669189453125
4.738735198974609375
4.232841968536376953125
4.20737934112548828125
5.156322956085205078125
4.884784221649169921875
4.885135650634765625
4.76068115234375
4.220096111297607421875
4.564203739166259765625
4.4925823211669921875
