9.2950780391693115234375
9.3108413219451904296875
9.45784759521484375
9.4171352386474591611431605997495353221893310546875
9.2318801879882794736431605997495353221893310546875
9.2593638896942138671875
9.3321568965911882997943394002504646778106689453125
9.3402640819549560546875
9.4935109615325927734375
9.5523436069488525390625
9.5484459400177001953125
9.47942066192626953125
9.392385959625244140625
9.3456363677978515625
9.4438264369964599609375
9.4702877998352033017681605997495353221893310546875
9.288610935211181640625
9.28913402557373046875
9.3104891777038556455181605997495353221893310546875
9.3169908523559552548931605997495353221893310546875
9.3563327789306640625
9.302274227142333984375
9.5506699085235595703125
9.5528800487518328310443394002504646778106689453125
9.2532229423522966982318394002504646778106689453125
9.3287951946258544921875
9.2925281524658203125
9.2362091541290283203125
9.3201673030853271484375
9.3090887069702166201068394002504646778106689453125
9.3045821189880353330181605997495353221893310546875
9.3067023754119873046875
9.4414494037628156064556605997495353221893310546875
9.477472782135009765625
9.4350006580352783203125
9.4362816810607927919818394002504646778106689453125
9.4029791355133056640625
9.5014503002166765810443394002504646778106689453125
9.5760076045990007997943394002504646778106689453125
9.57019138336181640625
9.411405086517333984375
9.3134572505950927734375
9.39237117767333984375
9.3607285022735595703125
9.2387893199920636533306605997495353221893310546875
9.3205516338348406435443394002504646778106689453125
9.66352367401123046875
9.5914976596832275390625
9.193266391754150390625
9.2355823516845703125
9.2132740020751953125
9.2147753238677978515625
9.434890270233154296875
9.397333621978759765625
9.425391674041748046875
9.4961953163146954892681605997495353221893310546875
9.196096897125244140625
9.232972621917724609375
9.210610866546630859375
9.1618406772613525390625
9.311397075653076171875
9.3610527515411376953125
9.2145087718963623046875
9.194453716278076171875
9.5878098011016845703125
9.6068723201751726747943394002504646778106689453125
9.6024143695831298828125
9.589461803436279296875
9.2109415531158447265625
9.2205936908721923828125
9.263408184051513671875
9.2707080841064435361431605997495353221893310546875
9.4292812347412127138568394002504646778106689453125
9.390399932861328125
9.3441112041473406435443394002504646778106689453125
9.3293840885162353515625
9.2771670818328857421875
9.3074986934661882997943394002504646778106689453125
9.305080413818359375
9.3106696605682355283306605997495353221893310546875
9.2937655448913556455181605997495353221893310546875
9.2175390720367431640625
9.2857403755188006044818394002504646778106689453125
9.2274787425994873046875
9.6336653232574462890625
9.457691669464111328125
9.5275175571441632627056605997495353221893310546875
9.562298297882080078125
9.3730118274688720703125
9.362937450408935546875
9.295302867889404296875
9.3296670913696271298931605997495353221893310546875
9.4537329673767072080181605997495353221893310546875
9.4129230976104736328125
9.552889347076416015625
9.3537857532501220703125
9.3774623870849591611431605997495353221893310546875
9.34997653961181640625
9.505056858062744140625
9.4181771278381365419818394002504646778106689453125
9.1868622303009033203125
9.2039577960968017578125
9.577496051788330078125
9.6607663631439191220806605997495353221893310546875
9.629962921142578125
9.6252183914184552548931605997495353221893310546875
9.3150622844696044921875
9.3445718288421648622943394002504646778106689453125
9.36550617218017578125
9.2980139255523681640625
9.3812608718872088076068394002504646778106689453125
9.5324878692626953125
9.3428919315338117002056605997495353221893310546875
9.4224431514740007997943394002504646778106689453125
9.578815460205078125
9.224516391754150390625
9.4083216190338117002056605997495353221893310546875
9.3367404937744140625
9.37116909027099609375
9.3590886592865007997943394002504646778106689453125
9.3271577358245831845806605997495353221893310546875
9.1229970455169677734375
9.1851041316986083984375
9.3373396396636962890625
9.370113372802734375
9.3434736728668195127056605997495353221893310546875
9.3716869354248046875
9.3522393703460693359375
9.36841297149658203125
9.3862111568450927734375
9.3761138916015625
9.4029598236083984375
9.4586467742919921875
9.3464851379394513486431605997495353221893310546875
9.2194180488586443544818394002504646778106689453125
9.2922236919403076171875
9.2741715908050537109375
9.293003082275390625
9.3462932109832763671875
9.363220691680908203125
9.2110588550567644716693394002504646778106689453125
9.6249568462371843935443394002504646778106689453125
9.2290441989898681640625
9.266672611236572265625
9.4204361438751220703125
9.4966824054718017578125
9.49352931976318359375
9.423120021820068359375
9.3161609172821044921875
9.4407827854156494140625
9.2772400379180908203125
