0.99974938602355611916294719776487909257411956787109375
0.99998656006386699157673092486220411956310272216796875
1.0000306650424743981631081624072976410388946533203125
0.99996045721699633457291156446444801986217498779296875
0.99977631660703547566981796990148723125457763671875
0.99994100407004793407139686678419820964336395263671875
0.99988679365407573396140605836990289390087127685546875
0.9998701587639973187293662704178132116794586181640625
0.99978638584924806043119360765558667480945587158203125
0.9999356840951756364432867485447786748409271240234375
0.99799239532728112322956803836859762668609619140625
0.998708665097737924298826328595168888568878173828125
0.999845711654568702897449838928878307342529296875
0.99729896535448026018144673798815347254276275634765625
0.9997581734750788928778320041601546108722686767578125
0.99750345183899258305615376229980029165744781494140625
0.9990955203948741480957096428028307855129241943359375
0.9998957427569428180191835053847171366214752197265625
0.99996431567115251493049754571984522044658660888671875
0.9998578368915376213266199556528590619564056396484375
1.0000000081666648998890423172269947826862335205078125
0.99927730608385922916880872435285709798336029052734375
0.99924901968193668988504896333324722945690155029296875
0.99944453474682248828031561060925014317035675048828125
0.9999722742843990541672383187687955796718597412109375
0.99952900639699360230139291161322034895420074462890625
0.99983410128625627155685151592479087412357330322265625
0.99998273422655625797261791376513428986072540283203125
0.99980742108977371795930366715765558183193206787109375
0.99975702867715343646892733886488713324069976806640625
0.99962148365159475549290846174699254333972930908203125
0.9998124890258963670675029788981191813945770263671875
0.99969128159770936914441108456230722367763519287109375
1.000000404304044021586150847724638879299163818359375
0.99989910123649405893075936546665616333484649658203125
0.9979948035247618864929108895012177526950836181640625
0.99783751636015638464272115015774033963680267333984375
0.9997065147380881366956373312859795987606048583984375
0.9997802415362040395763187916600145399570465087890625
0.9999208970081572278587600521859712898731231689453125
0.99996750477894280617618960604886524379253387451171875
0.999670742893685737584519301890395581722259521484375
0.99902119037914582921899864231818355619907379150390625
0.99997235533329542622738017598749138414859771728515625
0.9997421102231787148895136851933784782886505126953125
0.99966205296077925712694423054927028715610504150390625
0.99987663561783346466427246923558413982391357421875
0.9993718514063967273131083857151679694652557373046875
0.99988775620837622160053115294431336224079132080078125
0.9999293423180961593033089229720644652843475341796875
0.99997061493223782235872931778430938720703125
0.99960351036360606258313055150210857391357421875
0.99990031964214864945716954025556333363056182861328125
0.99881506433766353847403252075309865176677703857421875
0.989850571313076077473169789300300180912017822265625
0.99982024756247767083294775147805921733379364013671875
0.99954676510916418141761141669121570885181427001953125
0.99974595899925855491119364160113036632537841796875
0.99940531095273288375580023057409562170505523681640625
0.9999562184073109705195747665129601955413818359375
0.99954015828167841473117505302070640027523040771484375
0.9994858910880670688214877372956834733486175537109375
0.9999020590943443753673136598081327974796295166015625
0.99978146333126882705499838266405276954174041748046875
0.99920012038557770583935280228615738451480865478515625
0.99991110006379191332825939753092825412750244140625
0.99991599566896705031382452943944372236728668212890625
0.9999569464783775174510083161294460296630859375
0.9984722964405940981436060610576532781124114990234375
0.999373251495443870595636326470412313938140869140625
0.999723388416531744127269121236167848110198974609375
0.9998486751265378558173324563540518283843994140625
0.99941552849194004171096139543806202709674835205078125
0.99996793412848694604377897121594287455081939697265625
0.99997339702469900668546642918954603374004364013671875
0.99986657967782666123213175524142570793628692626953125
0.999400383802800273969069166923873126506805419921875
0.99999466821699256602329342058510519564151763916015625
0.9999147040741522829421228379942476749420166015625
0.99982038851335575113665754543035291135311126708984375
0.99819344960636868790970765985548496246337890625
0.99978307791069520593651986928307451307773590087890625
0.99977670860081691017740013194270431995391845703125
0.999307129832980312045265236520208418369293212890625
0.999923741551592026866046580835245549678802490234375
0.999736701086042511832374657387845218181610107421875
0.9997150076495306958435094202286563813686370849609375
0.9996163829786077759109730322961695492267608642578125
0.9997567057598855111422153640887700021266937255859375
0.99986338963912058108718383664381690323352813720703125
0.999752067136974620353839782183058559894561767578125
0.99985514333094016592440311796963214874267578125
0.9999021290940834916227686335332691669464111328125
0.99980355065952830617703739335411228239536285400390625
0.99916423239193552507941831208881922066211700439453125
1.0000027444573349466594436307786963880062103271484375
0.99979805068452509697607410998898558318614959716796875
0.99856434250735315316660489770583808422088623046875
0.99993982371507661444098857828066684305667877197265625
0.9981473139095597968406536892871372401714324951171875
0.99958153697245177848884623017511330544948577880859375
0.9997895212744956072725699414149858057498931884765625
0.99996943923173997603726093075238168239593505859375
0.9999457531305162572010658550425432622432708740234375
0.9995848876263482285509098801412619650363922119140625
0.999846422418375624374675680883228778839111328125
0.999693144538490674477770880912430584430694580078125
1.000000269561728938327860305435024201869964599609375
0.99985215914263247949378410339704714715480804443359375
0.9995707706867611452850042041973210871219635009765625
0.9999129613686357220814215907012112438678741455078125
1.000016170682963778659768649959005415439605712890625
0.99967686303531066993599552006344310939311981201171875
0.99997935726558206948055840257438831031322479248046875
0.99968500395648829393024925593635998666286468505859375
0.99983835059654169175047400131006725132465362548828125
0.99765436456153366862054099328815937042236328125
0.99927236198645130738071884479722939431667327880859375
0.99985295805581120287541807556408457458019256591796875
0.99996106641824467065049475422711111605167388916015625
0.999950918409676869913482732954435050487518310546875
0.999722262199289612993879927671514451503753662109375
0.99896253306210780475993260552058927714824676513671875
0.999875478204894196920804461115039885044097900390625
0.999972830712398064179069478996098041534423828125
0.998142489570656099573398023494519293308258056640625
0.9999521354320635158074992432375438511371612548828125
0.99990559127673972472649666087818332016468048095703125
0.9999334368254242377815899089910089969635009765625
0.99915616118530525824326105066575109958648681640625
0.999797725412456816940220960532315075397491455078125
0.99992886936055469515594040785799734294414520263671875
0.99989717928448074157898872726946137845516204833984375
0.99992732426899932907105039703310467302799224853515625
0.99981759727203456389332814069348387420177459716796875
0.99991272992013946474543217846076004207134246826171875
0.99966307528441966656629347198759205639362335205078125
0.999952022590143929647865661536343395709991455078125
0.9999849730540752990037844938342459499835968017578125
0.9998313139864960508162994301528669893741607666015625
0.99987365830720642545514920129789970815181732177734375
0.9998736515588821927025264812982641160488128662109375
0.99972227991272422098489869313198141753673553466796875
0.99979532238084789508292260507005266845226287841796875
0.99972181940246496179014457084122113883495330810546875
0.99993116418981475845839668181724846363067626953125
0.99934166866482077029587571814772672951221466064453125
0.9996188740391713789534833267680369317531585693359375
0.99999672294759445190237556744250468909740447998046875
0.99972725841653697909094944407115690410137176513671875
0.99972107165962853514429298229515552520751953125
