1.536585094726756306471315838280133903026580810546875
1.47276146440786259717015127534978091716766357421875
1.66422266350937331225168236414901912212371826171875
1.3071964604389114672500227243290282785892486572265625
1.4962125778167187917233604821376502513885498046875
1.2627351741792447459289405742310918867588043212890625
1.3383539070710579466094714007340371608734130859375
1.5119696541646925336266349404468201100826263427734375
1.1664866317755180347148780128918588161468505859375
1.6503592809191400814228245508274994790554046630859375
1.2017625316583739891740378880058415234088897705078125
1.334484172100214305345389220747165381908416748046875
1.5296369065956161303887483882135711610317230224609375
1.3595126725554320668010177541873417794704437255859375
1.4457699839251694218233978972421027719974517822265625
1.3914349909951873041080716575379483401775360107421875
1.415825683125456091460137031390331685543060302734375
1.1545454067183176238842179373023100197315216064453125
1.3974314515710961615013729897327721118927001953125
1.3053904976053283260029047596617601811885833740234375
1.31685928810149288636921482975594699382781982421875
1.7169903281336349465391322155483067035675048828125
1.17333449177208226643642774433828890323638916015625
1.3891359063538641915869220611057244241237640380859375
1.2626074074495468035905787473893724381923675537109375
1.4418361847955345478311528495396487414836883544921875
1.5028702703959613273809736710973083972930908203125
1.2773657948095813452482616412453353404998779296875
1.4005254869351262403398550304700620472431182861328125
1.4047100519175501620594559426535852253437042236328125
1.331414462459274528072228349628858268260955810546875
1.53579427980197014136365396552719175815582275390625
1.6728826398893874571882633972563780844211578369140625
1.412884337665492484603646516916342079639434814453125
1.5559135203323728458002506158663891255855560302734375
1.2059049263178891475689624712686054408550262451171875
1.4865134199515461776996971821063198149204254150390625
1.37041535112100643090116136590950191020965576171875
1.08774105764238715465808127191849052906036376953125
1.33125823793469688638424486271105706691741943359375
1.4182718669278653322862737695686519145965576171875
1.4566142873729865936383021107758395373821258544921875
1.145664227632444909232845020596869289875030517578125
1.4753912256248309375905591878108680248260498046875
1.629488588521334602177148553892038762569427490234375
1.5165728993199183438633781406679190695285797119140625
1.44693575958394493596870233886875212192535400390625
1.306296735419036902925427057198248803615570068359375
1.269315189037138136285420841886661946773529052734375
1.2491735660534100116336730934563092887401580810546875
1.301942365124745037974207662045955657958984375
1.2327369675516599567544062665547244250774383544921875
1.60764892049488938852164210402406752109527587890625
1.47946639109668875988745639915578067302703857421875
1.2182674864172928774763704495853744447231292724609375
1.172294077750021923378653809777460992336273193359375
1.454509925719290830414820447913371026515960693359375
1.3999424376251961010808599894517101347446441650390625
1.46076679936174524954139997134916484355926513671875
1.4200186522215785256406661574146710336208343505859375
1.4912560511225467774210073912399820983409881591796875
1.3587540282136085778574852156452834606170654296875
1.52640822538102671757087591686286032199859619140625
1.1720420234910233769909382317564450204372406005859375
1.3878227955421749140185738724539987742900848388671875
1.350504480170596988131137550226412713527679443359375
1.284053446161780076550940066226758062839508056640625
1.3417721713783297143862682787585072219371795654296875
1.4282993795023519734144201720482669770717620849609375
1.4040210216558921541007975974935106933116912841796875
1.531419917066477065503704579896293580532073974609375
1.33916154882218041421992893447168171405792236328125
1.36194455765205812980411792523227632045745849609375
1.5518179164050971419186453204019926488399505615234375
1.1890466063408091645925424018059857189655303955078125
1.6312211664884943562725538868107832968235015869140625
1.20226216211793879296010345569811761379241943359375
1.32891394651418526251518414937891066074371337890625
1.2053180062565242991468039690516889095306396484375
1.40721246412684752868926807423122227191925048828125
1.3098466497459992918805937733850441873073577880859375
1.2486825767830804778668607468716800212860107421875
1.4365963141731696861569389511714689433574676513671875
1.428354520071382527390824179747141897678375244140625
1.4532635059643996822131839508074335753917694091796875
1.52438201819089602651047243853099644184112548828125
1.4839717919187063177588470352930016815662384033203125
1.51986634630285610825239928090013563632965087890625
1.3999515699460685080879329689196310937404632568359375
1.413123586541534582039503220585174858570098876953125
1.2827210950590492988254709416651166975498199462890625
1.2865719661976704468742127573932521045207977294921875
1.677374412978015261188602380570955574512481689453125
1.5565818426564976828530006969231180846691131591796875
1.4935237005433015244904026985750533640384674072265625
1.46308315784934972469955027918331325054168701171875
1.4142662120157023508681959356181323528289794921875
1.4532892887013610927482432089163921773433685302734375
1.4254884638771272431512215916882269084453582763671875
1.148722092269014893872736138291656970977783203125
1.5757118833423522374914682586677372455596923828125
1.249206378369573489095500917755998671054840087890625
1.4502763902179385269164413330145180225372314453125
1.6058850958369543793224920591455884277820587158203125
1.4757952423078262160771600974840112030506134033203125
1.36736030806618646948891182546503841876983642578125
1.360063378486980223414093416067771613597869873046875
1.315111912458592602348517175414599478244781494140625
1.4237579097565242758349768337211571633815765380859375
1.4784494727321078055837233478087000548839569091796875
1.3736155989801488441770516146789304912090301513671875
1.5166589661168732305895900935865938663482666015625
1.3000407292662448099918037769384682178497314453125
1.5829477194644090420894144699559547007083892822265625
1.5230742157385230850508150979294441640377044677734375
1.3841099396851388458884457577369175851345062255859375
1.672593740973953746475899606593884527683258056640625
1.5846552754616727298753176000900566577911376953125
1.226245830085631371986210069735534489154815673828125
1.469796806741829886533423632499761879444122314453125
1.5403012650300944574865980030153878033161163330078125
1.3025132759151001327069252511137165129184722900390625
1.5810542188358687187843543142662383615970611572265625
1.8221246337560079719963823663420043885707855224609375
1.5841292826269397497895852211513556540012359619140625
1.1587682851804010919494203335489146411418914794921875
1.4803001426955670893903516116552054882049560546875
1.42069621301410098368478429620154201984405517578125
1.1929399974334173872847486563841812312602996826171875
1.4428019201826896011908729633432812988758087158203125
1.7460558269684138821276064845733344554901123046875
1.24503999289456412924437245237641036510467529296875
1.207059631765484031262758435332216322422027587890625
1.061295514554496666193017517798580229282379150390625
1.6536346558842252019161378484568558633327484130859375
1.2965946896427180679012280961615033447742462158203125
1.3899224811263286571971775629208423197269439697265625
1.6088348064351725152931749107665382325649261474609375
1.4958502463100311619115245775901712477207183837890625
1.386508630099788863532239702180959284305572509765625
1.6277018459630647750913112759008072316646575927734375
1.400568970492033660235620118328370153903961181640625
1.38628235672026800529010870377533137798309326171875
1.2951012633485703418045886792242527008056640625
1.4619222968011558183576426017680205404758453369140625
1.44312761372378872692934237420558929443359375
1.6381929339388374700092754210345447063446044921875
1.45287629975095011758412510971538722515106201171875
1.444933685861383931836599003872834146022796630859375
1.2177691352550239489715977470041252672672271728515625
1.281365142791660804988396193948574364185333251953125
