0.98953360319137562139957253748434595763683319091796875
0.98610031604766834600894753748434595763683319091796875
0.99854999780654918328792746251565404236316680908203125
0.98752719163894642218082253748434595763683319091796875
0.9991042613983154296875
0.9921720027923583984375
0.98887312412261962890625
0.996891558170318603515625
0.998730003833770751953125
0.98960536718368519171207253748434595763683319091796875
0.98739302158355723992855246251565404236316680908203125
0.9925692081451416015625
0.98517453670501720086605246251565404236316680908203125
0.96641063690185557977230246251565404236316680908203125
0.98925614356994640008480246251565404236316680908203125
0.991363108158111572265625
0.99243515729904163702457253748434595763683319091796875
0.98880803585052479132144753748434595763683319091796875
0.98329883813858043328792746251565404236316680908203125
0.98189711570739757195980246251565404236316680908203125
0.98355376720428477899105246251565404236316680908203125
0.973267138004302978515625
0.974496066570281982421875
0.97161638736724842413394753748434595763683319091796875
0.988895356655120849609375
0.99082088470458984375
0.98205310106277476922542746251565404236316680908203125
0.966491281986236572265625
0.97218275070190440789730246251565404236316680908203125
0.974152624607086181640625
0.975092709064483642578125
0.98597568273544322625667746251565404236316680908203125
0.98166686296463001593082253748434595763683319091796875
0.96001398563384998663394753748434595763683319091796875
0.99342209100723277703792746251565404236316680908203125
0.9747245311737060546875
0.992096424102783203125
0.98721420764923095703125
0.97482073307037364617855246251565404236316680908203125
0.97271031141281116827457253748434595763683319091796875
0.989323794841766357421875
0.98174101114273082391292746251565404236316680908203125
0.97729021310806285516292746251565404236316680908203125
0.982599675655364990234375
0.988156378269195556640625
0.99719560146331798211605246251565404236316680908203125
0.985250771045684814453125
0.99016088247299205438167746251565404236316680908203125
0.98613178730010997430355246251565404236316680908203125
0.9753816127777099609375
0.98466968536376964227230246251565404236316680908203125
0.98419839143753040655582253748434595763683319091796875
0.98078978061676036492855246251565404236316680908203125
0.97710973024368275030582253748434595763683319091796875
0.976535320281982421875
0.994358718395233154296875
0.98996651172637939453125
0.9801542758941650390625
0.98382461071014404296875
0.94778692722320556640625
0.99708735942840576171875
0.99026459455490123406917746251565404236316680908203125
0.97499036788940440789730246251565404236316680908203125
0.981304347515106201171875
0.98256152868270885125667746251565404236316680908203125
0.95516985654830921514957253748434595763683319091796875
0.987148225307464599609375
0.963101863861083984375
0.99719500541687000616519753748434595763683319091796875
0.99817836284637440069644753748434595763683319091796875
0.96980911493301402703792746251565404236316680908203125
0.993173182010650634765625
0.9800574779510498046875
0.99432194232940684930355246251565404236316680908203125
0.98565500974655162469417746251565404236316680908203125
0.989259302616119384765625
0.99215066432952880859375
0.97748464345931995733707253748434595763683319091796875
0.9829256534576416015625
0.99109631776809681280582253748434595763683319091796875
0.98030984401702880859375
0.99801361560821522100894753748434595763683319091796875
0.987539231777191162109375
0.98037260770797718389957253748434595763683319091796875
0.990920364856719970703125
0.98651063442230224609375
0.993557512760162353515625
0.99098384380340576171875
0.97706562280654918328792746251565404236316680908203125
0.99953562021255482061832253748434595763683319091796875
0.977302730083465576171875
0.99340522289276123046875
0.98708218336105357781917746251565404236316680908203125
0.983954489231109619140625
0.98364961147308360711605246251565404236316680908203125
0.97920036315917957647769753748434595763683319091796875
0.9844577312469482421875
0.9797184467315673828125
0.99743163585662841796875
0.984515011310577392578125
0.9963321685791015625
0.99520218372344959600894753748434595763683319091796875
0.98769140243530284539730246251565404236316680908203125
0.99045366048812877313167746251565404236316680908203125
0.973436057567596435546875
0.96857881546020518914730246251565404236316680908203125
0.97847527265548717156917746251565404236316680908203125
0.987247407436370849609375
0.985997378826141357421875
0.972994387149810791015625
0.987209379673004150390625
0.99303591251373279913394753748434595763683319091796875
0.96074241399765003546207253748434595763683319091796875
0.9908378124237060546875
0.99826085567474365234375
0.995358884334564208984375
0.99592316150665283203125
0.990972578525543212890625
0.996895015239715576171875
0.986972272396087646484375
0.967058479785919189453125
0.99897533655166637078792746251565404236316680908203125
0.98475515842437744140625
0.996680736541748046875
0.993789970874786376953125
0.99340802431106556280582253748434595763683319091796875
0.98554503917694080694644753748434595763683319091796875
0.989163339138031005859375
0.970693886280059814453125
0.985330283641815185546875
0.975505053997039794921875
0.986963212490081787109375
0.98694318532943714483707253748434595763683319091796875
0.99332773685455322265625
0.9604575634002685546875
0.99702179431915283203125
0.97661739587783802374332253748434595763683319091796875
0.9726159572601318359375
0.99704742431640625
0.973587810993194580078125
0.97857320308685302734375
0.95812129974365245477230246251565404236316680908203125
0.98133742809295643194644753748434595763683319091796875
0.98255062103271484375
0.99684435129165638311832253748434595763683319091796875
0.997592449188232421875
0.99876260757446277960269753748434595763683319091796875
0.992184460163116455078125
0.99322414398193359375
0.99125188589096080438167746251565404236316680908203125
0.962948620319366455078125
