0.999598773717880195732732317992486059665679931640625
0.99971844166517254137716008699499070644378662109375
0.99731672361493106659935392599436454474925994873046875
0.99976286575198169970235539949499070644378662109375
0.99943706795573239443086777100688777863979339599609375
0.9995743872225284487598173654987476766109466552734375
0.99961608558893200182637883699499070644378662109375
0.99969828128814697265625
0.99954145744442934873319472899311222136020660400390625
0.9996410019695758375490868274937383830547332763671875
0.99249231636524204436256013650563545525074005126953125
0.998311861008405632134099505492486059665679931640625
0.999480866342782992006732456502504646778106689453125
0.990634284466505032895611293497495353221893310546875
0.999373459666967445258478619507513940334320068359375
0.99351258859038349413594914949499070644378662109375
0.9977600595355033963329560720012523233890533447265625
0.99971808776259418749532414949499070644378662109375
0.99971453130245213625215683350688777863979339599609375
0.99962468430399897822979937700438313186168670654296875
0.9998129031062126248485810720012523233890533447265625
0.99878314822912217518791067050187848508358001708984375
0.998897164613008481381939418497495353221893310546875
0.9982535855472087771289579904987476766109466552734375
0.99924223020672797712649071399937383830547332763671875
0.9985806450247765031491553600062616169452667236328125
0.99914515361189837339139785399311222136020660400390625
0.99974428951740268445291803800500929355621337890625
0.99962267085909839448021330099436454474925994873046875
0.9996630118787288576953642404987476766109466552734375
0.9987894122302531929591395964962430298328399658203125
0.99962133556604382267352093549561686813831329345703125
0.999416798800230044008685581502504646778106689453125
0.99967913225293159040774071399937383830547332763671875
0.99969334244728091931619928800500929355621337890625
0.99590096801519389924095548849436454474925994873046875
0.99152281075716020009025442050187848508358001708984375
0.999583650827407854677630894002504646778106689453125
0.9994984136521816164844267404987476766109466552734375
0.99946292638778688743883549250313080847263336181640625
0.999713511615991645697931744507513940334320068359375
0.99932423919439317128166067050187848508358001708984375
0.99835122317075730702384817050187848508358001708984375
0.9995163145661354331394932160037569701671600341796875
0.99945039585232731127462102449499070644378662109375
0.99944986999034879371350825749686919152736663818359375
0.99963197126984593143816937299561686813831329345703125
0.99851071372628208422383977449499070644378662109375
0.99947184175252912208264888249686919152736663818359375
0.99965042233467105159405718950438313186168670654296875
0.9997211422026157645603916535037569701671600341796875
0.99878083884716029050565566649311222136020660400390625
0.999439739137887972475482456502504646778106689453125
0.9982839028537273673435947785037569701671600341796875
0.98909008234739304032956397350062616169452667236328125
0.9995360735058784751316807160037569701671600341796875
0.9992520378530025393359892404987476766109466552734375
0.9995597240328788490870692839962430298328399658203125
0.9977682323753833681934111154987476766109466552734375
0.99971505522727965864504540149937383830547332763671875
0.99786208719015123680406986750313080847263336181640625
0.99921161785721779313718116100062616169452667236328125
0.99969423592090611574434433350688777863979339599609375
0.99945127397775646027611173849436454474925994873046875
0.9988896048069000332958466970012523233890533447265625
0.99943264588713642826434124799561686813831329345703125
0.99983605563640598479224763650563545525074005126953125
0.99978171095252033051536955099436454474925994873046875
0.993278503865003603578998081502504646778106689453125
0.99911247909069056394315566649311222136020660400390625
0.99943610846996311369849763650563545525074005126953125
0.9995389820635318667285673654987476766109466552734375
0.99892187893390660402559433350688777863979339599609375
0.99965581655502322444561968950438313186168670654296875
0.9996463350951672044431006725062616169452667236328125
0.9995786838233471360837256725062616169452667236328125
0.99860840752720836377420710050500929355621337890625
0.999682347774505597470806605997495353221893310546875
0.99964515507221218815203656049561686813831329345703125
0.999488800317049008725689418497495353221893310546875
0.99137011438608169111574852649937383830547332763671875
0.99947441712021822812772597899311222136020660400390625
0.999523399919271415825505755492486059665679931640625
0.9907542169094085693359375
0.99955409869551659074460303600062616169452667236328125
0.999538267552852577324529192992486059665679931640625
0.99940160199999805712423039949499070644378662109375
0.99879178300499915632570946399937383830547332763671875
0.99950246229767802930155085050500929355621337890625
0.99954178944230076542254437299561686813831329345703125
0.999480959475040453554584019002504646778106689453125
0.9995124757289886030520165149937383830547332763671875
0.999598970115184837226252057007513940334320068359375
0.999371987283229845644427769002504646778106689453125
0.99829019710421562638913428600062616169452667236328125
0.99964676856994627573982370449812151491641998291015625
0.9995926271378994254490635285037569701671600341796875
0.996040074676275200005193255492486059665679931640625
0.99955641567707065320291803800500929355621337890625
0.9926054671406745466555321399937383830547332763671875
0.9988659036159515114405849089962430298328399658203125
0.99924754574894902869885981999686919152736663818359375
0.99983859583735468223864018000313080847263336181640625
0.99977610692381857493415964199812151491641998291015625
0.9983600017428397865870692839962430298328399658203125
0.99728484645485881987525544900563545525074005126953125
0.99948470488190654936744294900563545525074005126953125
0.99958379000425334748314298849436454474925994873046875
0.9996412739157676252688133899937383830547332763671875
0.99929119080305095490501798849436454474925994873046875
0.99961824998259540819844914949499070644378662109375
0.996240023076534253476665980997495353221893310546875
0.99864842101931572404538428600062616169452667236328125
0.99970549121499063804918705500313080847263336181640625
0.99958574548363687828356205500313080847263336181640625
0.999140343219041771050115130492486059665679931640625
0.99386415272951122990008343549561686813831329345703125
0.9989087486267089754932158029987476766109466552734375
0.9997596086561679751270048654987476766109466552734375
0.99955445632338524308835303600062616169452667236328125
0.999583441317081433652447230997495353221893310546875
0.9989127384126186282031767404987476766109466552734375
0.9969925640523433774120576345012523233890533447265625
0.99972826644778256532930527100688777863979339599609375
0.99957512959837913069094383899937383830547332763671875
0.991501195877790397759099505492486059665679931640625
0.99980608344078059079862441649311222136020660400390625
0.999690644443035125732421875
0.99971992790699004682863915149937383830547332763671875
0.998470209538936614990234375
0.998698170781135541318462855997495353221893310546875
0.99963814109563831067362116300500929355621337890625
0.9996326628327369956394932160037569701671600341796875
0.99942531466484074709200058350688777863979339599609375
0.99951275125145910838142526699812151491641998291015625
0.999726403951644915224505894002504646778106689453125
0.999199855625629407285259730997495353221893310546875
0.99978573098778722449964106999686919152736663818359375
0.99981857895851133921638620449812151491641998291015625
0.99957442134618756934827388249686919152736663818359375
0.99953980758786198368426312299561686813831329345703125
0.9997390538454056230222022350062616169452667236328125
0.9992794629931449623683192839962430298328399658203125
0.99963892444968227568580232400563545525074005126953125
0.99938551023602484324470651699812151491641998291015625
0.99955213844776158449434433350688777863979339599609375
0.998347318321466392632146380492486059665679931640625
0.9994569189846516099606787975062616169452667236328125
0.99961513474583629790259919900563545525074005126953125
0.99924265205860141048077593950438313186168670654296875
0.9995015069842339006100928600062616169452667236328125
