-10.7041456601000266601886323769576847553253173828125
-12.960285727955767498542627436108887195587158203125
-15.33380894718096243423133273608982563018798828125
-13.3114891592219262150820213719271123409271240234375
-12.6321207036082743258020855137147009372711181640625
-12.2574505745150883484484438668005168437957763671875
-12.885788270746612482753334916196763515472412109375
-13.693631484095618588980869390070438385009765625
-12.0902539789679650539255817420780658721923828125
-12.4084998212656909544193695182912051677703857421875
-13.5578528170318488577095195068977773189544677734375
-11.9560618972190439990299637429416179656982421875
-13.4864052457007712604308835580013692378997802734375
-14.189304213054004577543310006149113178253173828125
-12.92135058124511459709538030438125133514404296875
-12.216149297454737876478247926570475101470947265625
-11.3123178795289707210258711711503565311431884765625
-12.638262149350769192324150935746729373931884765625
-12.8361900855513599850610262365080416202545166015625
-13.397727263240550854561661253683269023895263671875
-13.462172332302582589136363822035491466522216796875
-12.811144005005107970873723388649523258209228515625
-13.25980152366406628061668016016483306884765625
-14.571186760223351797094437642954289913177490234375
-11.6194317975981409318819714826531708240509033203125
-13.4799466384379318384389989660121500492095947265625
-11.825388181738116344376976485364139080047607421875
-13.4037732647183585044103892869316041469573974609375
-12.274774877805217698778506019152700901031494140625
-13.8346180597717847149397130124270915985107421875
-12.893369390411908881333147292025387287139892578125
-11.8706880820778533092152429162524640560150146484375
-13.47252822226679569439511396922171115875244140625
-13.11519271140105047379620373249053955078125
-12.81752500178972553612766205333173274993896484375
-12.4141207142251825956691391183994710445404052734375
-13.23550973943992659087598440237343311309814453125
-11.842807488429809126273539732210338115692138671875
-13.4096254908708356623492363723926246166229248046875
-11.9177154200045922749495730386115610599517822265625
-11.2433468625023049725086821126751601696014404296875
-12.91267188770094520577913499437272548675537109375
-11.956474184004537875125606660731136798858642578125
-14.1474271136825091588207214954309165477752685546875
-13.2264170543238090971271958551369607448577880859375
-12.8756399645552530586201100959442555904388427734375
-12.819846705342310855257892399094998836517333984375
-11.9892268106983106434881847235374152660369873046875
-12.33224788961756956950921448878943920135498046875
-11.2612642594239620308371740975417196750640869140625
-11.1587735281407933740638327435590326786041259765625
-13.193023176151879027884206152521073818206787109375
-14.2527966598508637474651550292037427425384521484375
-13.1564477691888139787579348194412887096405029296875
-12.1805101880571680084131003241054713726043701171875
-12.6834018460000432781953350058756768703460693359375
-13.17329409108942428474620101042091846466064453125
-11.886087444183257133545339456759393215179443359375
-13.2455870642524669023032402037642896175384521484375
-12.52821774305010649186442606151103973388671875
-12.340590734767605596289286040700972080230712890625
-11.906829610526518337110246648080646991729736328125
-10.754101446352780868664922309108078479766845703125
-11.6870293900613777537955684238113462924957275390625
-12.4755570762931764505765386275015771389007568359375
-13.9564311748975011795437239925377070903778076171875
-11.1621792698629054285675010760314762592315673828125
-12.263666479250016294599845423363149166107177734375
-13.7979086954965293188024588744156062602996826171875
-12.6776655499043275909798467182554304599761962890625
-14.1370747807219725444838331895880401134490966796875
-13.1914532008260341200411858153529465198516845703125
-12.178849611370100802787419524975121021270751953125
-12.986999662348178929960340610705316066741943359375
-13.7233536939663469667038953048177063465118408203125
-12.81581474831013878201702027581632137298583984375
-12.1588689944172987367210225784219801425933837890625
-13.3729863986658745744762200047262012958526611328125
-12.315689295310658479820631328038871288299560546875
-13.689774683129382282231745193712413311004638671875
-13.5893035558251806804719308274798095226287841796875
-12.51332172231006012452780851162970066070556640625
-13.793293725428867446680669672787189483642578125
-13.32285610247971163744296063669025897979736328125
-12.358770881060106461291070445440709590911865234375
-14.809235727554433736941064125858247280120849609375
-12.8202469229107851589333222364075481891632080078125
-13.3305573793714398078691374394111335277557373046875
-11.2198770937298437644358273246325552463531494140625
-13.664115295104007685722535825334489345550537109375
-13.018212051234453241477240226231515407562255859375
-13.07392858161254167725928709842264652252197265625
-12.0842098100038128904998302459716796875
-13.132480992624476101582331466488540172576904296875
-12.2648848166343160670521683641709387302398681640625
-11.67186653636446180826169438660144805908203125
-11.3094875788113284897917765192687511444091796875
-11.45119578343039989931639865972101688385009765625
-13.71207968752576533688625204376876354217529296875
-12.0259302860663073175828685634769499301910400390625
-12.560040336573361940963877714239060878753662109375
-12.8066061933585668697332948795519769191741943359375
-12.485205436270899070905215921811759471893310546875
-12.2816900194348175290315339225344359874725341796875
-13.331957195608250543727990589104592800140380859375
-13.5510793727190925750392125337384641170501708984375
-12.803783528952852321936006774194538593292236328125
-13.5472132603722368315857238485477864742279052734375
-12.77245883292803085851119249127805233001708984375
-12.3533388432770294684814871288836002349853515625
-14.069717846294420127151170163415372371673583984375
-12.691556280072660456426092423498630523681640625
-13.3212273454038410136490711010992527008056640625
-12.712102173700497331765291164629161357879638671875
-12.8737607120095542967419532942585647106170654296875
-12.43315294369724455236791982315480709075927734375
-12.2906050105324169408049783669412136077880859375
-12.487914535647345104507621726952493190765380859375
-12.66331875147728425190507550723850727081298828125
-14.3877340484226561301284164073877036571502685546875
-13.7756012759173955828373436816036701202392578125
-13.883560992432027347831535735167562961578369140625
-11.0058002066047446732000025804154574871063232421875
-11.2775150700336812548130183131434023380279541015625
-12.4775883149089708012979826889932155609130859375
-13.060692582551130414003637270070612430572509765625
-13.508179834684728604088377323932945728302001953125
-13.1138561597548655157652319758199155330657958984375
-12.846773498025026327695741201750934123992919921875
-13.591698018160560224032451515085995197296142578125
-11.73658219720240225569796166382730007171630859375
-12.9632970706353614076533631305210292339324951171875
-12.66178950077806319995943340472877025604248046875
-12.60731131110652114557524328120052814483642578125
-13.461862123867280871536422637291252613067626953125
-13.287465504699184748460538685321807861328125
-13.1373734962913264467943008639849722385406494140625
-13.028115438253561109149814001284539699554443359375
-12.8806769254384310130490121082402765750885009765625
-12.890203223320920500327702029608190059661865234375
-13.3345414247974307642152780317701399326324462890625
-12.7054951074099715668808130430988967418670654296875
-13.1755467731271860287733943550847470760345458984375
-11.9157280638901479363767066388390958309173583984375
-13.172235288745252290709686349146068096160888671875
-12.1367860550122887985935449250973761081695556640625
-12.2229973159341565036584142944775521755218505859375
-12.793693808266265676820694352500140666961669921875
-13.1834883217117226905656934832222759723663330078125
-13.146517916538126513614770374260842800140380859375
-11.632880627102789361515533528290688991546630859375
