83.6936795711517333984375
84.729376316070556640625
84.1959269046783447265625
84.413576602935791015625
86.4798672199249267578125
83.4855520725250244140625
83.5834143161773681640625
83.19653415679931640625
84.61726474761962890625
84.728936672210693359375
83.0776736736297607421875
83.1143262386322021484375
84.089248180389404296875
85.093802928924560546875
84.820970058441162109375
85.658140659332275390625
83.274384021759033203125
83.96142864227294921875
82.979304790496826171875
83.705977916717529296875
84.1310100555419921875
82.3098642826080322265625
82.07752704620361328125
86.165965557098388671875
84.022426605224609375
84.403562068939208984375
87.6473877429962158203125
88.481476306915283203125
88.3270504474639892578125
84.7571094036102294921875
84.582317352294921875
86.6079242229461669921875
83.7438304424285888671875
83.562223911285400390625
84.0497000217437744140625
84.268292903900146484375
85.4440753459930419921875
86.821692943572998046875
85.6894512176513671875
84.695013523101806640625
85.9163639545440673828125
85.469928741455078125
83.4042589664459228515625
85.545498371124267578125
84.706865787506103515625
84.7296657562255859375
83.9585285186767578125
83.8238966464996337890625
84.64405345916748046875
82.6881103515625
85.7919490337371826171875
86.135716915130615234375
81.818068981170654296875
82.4119679927825927734375
83.1779129505157470703125
84.5818004608154296875
83.7656338214874267578125
83.3795793056488037109375
82.54653167724609375
82.3948228359222412109375
83.9900586605072021484375
84.5824487209320068359375
84.0350582599639892578125
85.2860431671142578125
83.34647655487060546875
83.78098964691162109375
83.089012622833251953125
82.7107961177825927734375
85.215358734130859375
84.888657093048095703125
84.8364505767822265625
85.163356781005859375
85.04936981201171875
84.72373485565185546875
85.96347522735595703125
85.7764976024627685546875
84.739545345306396484375
84.978736400604248046875
84.4748432636260986328125
84.3756978511810302734375
84.742935657501220703125
84.0072338581085205078125
83.60839557647705078125
83.4945070743560791015625
1973.18906402587890625
84.689899444580078125
84.7930567264556884765625
85.97534942626953125
84.396187305450439453125
83.6784610748291015625
84.6010684967041015625
84.3460500240325927734375
83.3595845699310302734375
84.7699592113494873046875
83.8961412906646728515625
84.903912067413330078125
85.3068675994873046875
85.401795864105224609375
85.4274299144744873046875
86.6296827793121337890625
83.847003936767578125
84.195108890533447265625
83.5116808414459228515625
83.02302455902099609375
86.8670465946197509765625
86.52181148529052734375
86.6484222412109375
83.487699031829833984375
83.8960330486297607421875
83.7785151004791259765625
84.0409801006317138671875
83.973017215728759765625
85.782003879547119140625
84.9576365947723388671875
85.2010262012481689453125
83.4923307895660400390625
83.6625578403472900390625
82.8735806941986083984375
83.86145496368408203125
82.30637264251708984375
81.54808330535888671875
86.4355871677398681640625
86.5847551822662353515625
85.0688707828521728515625
85.5993492603302001953125
84.710249423980712890625
84.93985652923583984375
84.7059476375579833984375
82.153913974761962890625
82.106632232666015625
83.804040431976318359375
84.717759609222412109375
83.740478515625
83.4847681522369384765625
84.8380029201507568359375
85.0922653675079345703125
84.9402256011962890625
84.5977451801300048828125
82.7133166790008544921875
85.8399603366851806640625
85.6342754364013671875
90.6799032688140869140625
84.452611446380615234375
84.500449657440185546875
85.120755672454833984375
84.9727303981781005859375
83.8113920688629150390625
83.8928868770599365234375
84.8668196201324462890625
86.40598392486572265625
85.07442951202392578125
