0.99990807581396567993436974575161002576351165771484375
1.0000028617881524528598902179510332643985748291015625
1.000908734109180908689040734316222369670867919921875
0.99999332296684195764413516371860168874263763427734375
0.999885461259611307838213178911246359348297119140625
1.0000021465540711584907285214285366237163543701171875
0.99995635773587754346891642853734083473682403564453125
0.9999041988676509173927797746728174388408660888671875
0.99987474038887358407379224445321597158908843994140625
0.99997525681930998775470698092249222099781036376953125
0.99961512398527307965423460700549185276031494140625
0.99968629552702503726635541170253418385982513427734375
0.99996118345735551802277996102930046617984771728515625
0.998462693542598866969228765810839831829071044921875
0.99986703052996916962769091696827672421932220458984375
0.997816566708836116816883077262900769710540771484375
0.99964344786511272200613120730849914252758026123046875
0.99997311352958195840301414136774837970733642578125
0.99997835811031599018150473057175986468791961669921875
0.999979431623622350144842130248434841632843017578125
1.0000013115475743230575744746602140367031097412109375
0.99978359008132933194445968183572404086589813232421875
0.99935849158529255209515440583345480263233184814453125
0.99978355878646596455183725993265397846698760986328125
1.0000195049291102922239815598004497587680816650390625
0.9996851702666853523027157280012033879756927490234375
0.9998946063188134392163419761345721781253814697265625
1.0000260534336249396147877632756717503070831298828125
0.99990258805184628609907804275280795991420745849609375
0.99988662132870975707277239052928052842617034912109375
0.9996691579245953196419804953620769083499908447265625
0.99993412461690933668023717473261058330535888671875
0.99978685489098861882695246094954200088977813720703125
1.0000764376888844342516904362128116190433502197265625
0.99989954550451531911647862216341309249401092529296875
0.99865498972293653690002201983588747680187225341796875
0.9986911450120874444991159180062822997570037841796875
0.99995225105856899716627594898454844951629638671875
0.9998650173101586435819854159490205347537994384765625
1.0000227197699447234668923556455411016941070556640625
0.9999723364255526103505644641700200736522674560546875
0.99987526399076520622344332878128625452518463134765625
0.99967554477166042925517785988631658256053924560546875
0.9999723308267089993961462823790498077869415283203125
0.9998303157034171828598800857434980571269989013671875
0.99977578071652162261528928866027854382991790771484375
0.99999797294695003113673692496377043426036834716796875
0.99949227071497903640562299187877215445041656494140625
0.9999384624411591371284657725482247769832611083984375
1.0000060217445791987955772128771059215068817138671875
0.99998944734619243934758969771792180836200714111328125
0.99979043855787363970222259013098664581775665283203125
0.99998950475065073728586639845161698758602142333984375
0.999008553928344866790212108753621578216552734375
0.99985892846235480124761352271889336407184600830078125
0.999819406314804925983708017156459391117095947265625
0.9996174652853919706529950417461805045604705810546875
0.9999343035620167352561793450149707496166229248046875
0.9996123564500949409961094715981744229793548583984375
0.9999593994480828751392209596815519034862518310546875
0.999988715940274719429226024658419191837310791015625
0.99954664235722123777350134332664310932159423828125
0.999970012652514395057323781657032668590545654296875
0.99981289915443294358254888720693998038768768310546875
0.9996386837355808463456696699722670018672943115234375
0.9999488347624019279891172118368558585643768310546875
0.999991118200125317372339850408025085926055908203125
0.99997049053318420863689652833272702991962432861328125
0.9991101540280717951958422418101690709590911865234375
0.99989238572034222496398570001474581658840179443359375
0.9998484418486517366631005643284879624843597412109375
0.99989309589691555135715361757320351898670196533203125
0.9997225847279433974534867957117967307567596435546875
1.0000153231750024129809162332094274461269378662109375
1.0000423331327776832466724954429082572460174560546875
0.99989351560091843662547717030975036323070526123046875
0.99961614445709912057935753182391636073589324951171875
1.000050500891934035507802036590874195098876953125
1.0000217615439177532010717186494730412960052490234375
0.99990764221608119388662316850968636572360992431640625
0.9990193411419967528530605704872868955135345458984375
0.9998185674051305316112348009482957422733306884765625
0.99977624715382862330415036922204308211803436279296875
1.00021714693693564157683795201592147350311279296875
0.999966966815482916075552566326223313808441162109375
0.999869082269691400455258190049789845943450927734375
0.99981010008768789187882930491468869149684906005859375
0.9999669521468279587139704744913615286350250244140625
0.999929290991952601785897059016861021518707275390625
0.99998813486449622534024683773168362677097320556640625
0.999800926624260455355397425591945648193359375
0.999975732654706295221558320918120443820953369140625
0.99994830718861582585788028154638595879077911376953125
0.999880739287615227794958627782762050628662109375
0.99984483763908382769614036078564822673797607421875
1.0001106653887676944947315860190428793430328369140625
0.9998246667580394930752163418219424784183502197265625
0.99976158458414288165982952705235220491886138916015625
0.99996803970518055582061833774787373840808868408203125
0.99880555017303607190370939861168153584003448486328125
0.9997366578740816134285296357120387256145477294921875
0.99990303086975884649945101045886985957622528076171875
0.99998754099920350579822070358204655349254608154296875
0.99998390403946013638147860547178424894809722900390625
0.99958082458678643167360178267699666321277618408203125
1.0000972847863922599032093785353936254978179931640625
0.99984153789086571695321481456630863249301910400390625
1.0000919486385162482378063941723667085170745849609375
0.99999689990545903572893848831881769001483917236328125
0.99994419465857031781297337147407233715057373046875
0.9999852136907867450332787484512664377689361572265625
1.0004606300143024100179900415241718292236328125
0.9997825185875008902058880266849882900714874267578125
0.9999995230322935579891918678185902535915374755859375
0.99983392499788237284263914261828176677227020263671875
0.99992973675379748232927568096783943474292755126953125
0.99915255139826031349770119049935601651668548583984375
0.99964140767106146601150840069749392569065093994140625
0.99985204755866252668283777893520891666412353515625
1.000014847593920563895153463818132877349853515625
0.99998580888999100135805520039866678416728973388671875
0.99975965876197114834411650008405558764934539794921875
0.99931200188817259633111689254292286932468414306640625
0.9999067646258075203746784609393216669559478759765625
0.999972630586982713651877929805777966976165771484375
0.999069368805242330466853672987781465053558349609375
0.9999838447946169939228866496705450117588043212890625
0.9999808627980664166301494333310984075069427490234375
0.99998545336611488476563636140781454741954803466796875
0.99938339033205192407649519736878573894500732421875
0.99990518405719741590331750558107160031795501708984375
0.999957191426050773230826962389983236789703369140625
0.99997084561662952228999756698613055050373077392578125
0.999942691188397514423513712245039641857147216796875
0.99993560755523713812209507523220963776111602783203125
0.99992023414676023396197024339926429092884063720703125
0.99971006861570288481999568830360658466815948486328125
0.9999911770532323718185807592817582190036773681640625
0.99999517122133763091795799482497386634349822998046875
0.9999039522887913644666468826471827924251556396484375
0.99990937085666065087252718512900173664093017578125
0.999949329301773826017551982658915221691131591796875
0.99977960400875021118594077051966451108455657958984375
0.999856926475469531823137003812007606029510498046875
0.9997579837344081621353097943938337266445159912109375
1.000029992447031279567681849584914743900299072265625
0.999744339918484659079922494129277765750885009765625
0.99970407498992519546021640053368173539638519287109375
1.00003088698660302924281495506875216960906982421875
0.99995605059822467719499172744690440595149993896484375
0.99981375430424890282665728591382503509521484375
