0.5758259762522797142736408204655162990093231201171875
0.615284820535081156123169421334750950336456298828125
0.56878817009312687691391374755767174065113067626953125
0.577818894715765196679058135487139225006103515625
0.621827054674373158604794298298656940460205078125
0.61176244004567248424564240849576890468597412109375
0.57580203194794787879828845689189620316028594970703125
0.6051435699550349323061482209595851600170135498046875
0.60808436310425284521130606663064099848270416259765625
0.59011793395543932216895655074040405452251434326171875
0.61600961056503467094813686344423331320285797119140625
0.58056278365347824266251564040430821478366851806640625
0.58411347555691051081083742246846668422222137451171875
0.57633466510766806489840519134304486215114593505859375
0.62414740305033966638603715182398445904254913330078125
0.579839477304829653547812995384447276592254638671875
0.577266700540542299080470911576412618160247802734375
0.579691064441487657887819295865483582019805908203125
0.60945689196655672414948412551893852651119232177734375
0.58721753768958595554039447961258701980113983154296875
0.63090373960564727351396641097380779683589935302734375
0.5337360933766099879704825070803053677082061767578125
0.54359568359507626222892895384575240314006805419921875
0.56509998012865081395972310929209925234317779541015625
0.60418047770850769051520501307095400989055633544921875
0.60723087753871130001215306037920527160167694091796875
0.609681716204596657604497522697784006595611572265625
0.6216549523641037300336620319285430014133453369140625
0.58309834927040127272590552820474840700626373291015625
0.616216290407669564643811099813319742679595947265625
0.61246254382286624551312570474692620337009429931640625
0.6211287693833307255175668615265749394893646240234375
0.6056483617287906628945393094909377396106719970703125
0.558793837162407935892360910656861960887908935546875
0.58091605950533298230453738142387010157108306884765625
0.58295155793901465290929309048806317150592803955078125
0.5788351216294065348932917913771234452724456787109375
0.53832900474417122449466432954068295657634735107421875
0.6155747195928726878122461130260489881038665771484375
0.55948497821436726784583015614771284162998199462890625
0.54633070564035468574815013198531232774257659912109375
0.6076041831624314770721184686408378183841705322265625
0.595707888376319605328035322600044310092926025390625
0.60472464164978589895582672397722490131855010986328125
0.5540147757743649759021309364470653235912322998046875
0.560605511994669569730831426568329334259033203125
0.60341161825754474623551004697219468653202056884765625
0.60834349609969307071111188633949495851993560791015625
0.55408366387970631183890191095997579395771026611328125
0.5567929386046313045000033525866456329822540283203125
0.603947407889176446360579575411975383758544921875
0.55871410697191559169283436858677305281162261962890625
0.5581941564494472540758351897238753736019134521484375
0.58886440469956990995115120313130319118499755859375
0.61273491257181700309075722543639130890369415283203125
0.5839043880487533311196557406219653785228729248046875
0.64447264291433070670933602741570211946964263916015625
0.5705397818128246090196853401721455156803131103515625
0.63083743461639107952265703715966083109378814697265625
0.607920042832218232575769434333778917789459228515625
0.61007658209970994089843543406459502875804901123046875
0.59182396637458800636721889532054774463176727294921875
0.57298857585505824641103345129522494971752166748046875
0.63030573858748273341490175880608148872852325439453125
0.5843002938308481386542325708433054387569427490234375
0.63123920366588126551476989334332756698131561279296875
0.56199390377822044939648549188859760761260986328125
0.5689808070528703520807312088436447083950042724609375
0.59199804708599168545646307393326424062252044677734375
0.57547794935013329986617236500023864209651947021484375
0.56746679953557344067149870170396752655506134033203125
0.58678830147986271725812912336550652980804443359375
0.61468306077155820954516229903674684464931488037109375
0.61269055163899432958629631684743799269199371337890625
0.5539978501185769399484115638188086450099945068359375
0.60856601609452465329042070152354426681995391845703125
0.59638237413897343675017737041343934834003448486328125
0.60145508752873888536072399801923893392086029052734375
0.58806939617158093813742425481905229389667510986328125
0.321595629571800600832176542098750360310077667236328125
0.6054708916709345967177569036721251904964447021484375
0.63132809764377995076500837967614643275737762451171875
0.607545831186791840394789687707088887691497802734375
0.6030878832765875774413188992184586822986602783203125
0.64344441979501654227391327367513440549373626708984375
0.6192926932923779048678625258617103099822998046875
0.589390102205324506456918243202380836009979248046875
0.6114321904909909566327996799373067915439605712890625
0.57803420010914596804951770536717958748340606689453125
0.6437356705625647546042955582379363477230072021484375
0.5977991054757965105892481005867011845111846923828125
0.64237545349629954216652549803256988525390625
0.62171971840900985828426428270176984369754791259765625
0.56648594158200304971018113064928911626338958740234375
0.56669716036532669090064473493839614093303680419921875
0.61810582982045503275259079600800760090351104736328125
0.53327110912107611451205002595088444650173187255859375
0.5951956144958197025829349513514898717403411865234375
0.55040128822843448208601557780639268457889556884765625
0.525065455763037647329838364385068416595458984375
0.53501441397266347177463785556028597056865692138671875
0.57552188596329745262636379266041330993175506591796875
0.63040123791965718691443498755688779056072235107421875
0.55497911353560580582922057146788574755191802978515625
0.61843850226039343009887261359835974872112274169921875
0.61987536917216690124377009851741604506969451904296875
0.64444741310711306514491525376797653734683990478515625
0.55926423747485365378651067658211104571819305419921875
0.6064847942537789915462553835823200643062591552734375
0.60226660086746630629050969218951649963855743408203125
0.6479401764833945254196123642032034695148468017578125
0.5738151476653110538705959697836078703403472900390625
0.58090227324175536249839524316485039889812469482421875
0.5576293606786375534056787728331983089447021484375
0.6466877774551875734942996132303960621356964111328125
0.64587035559107996984806732143624685704708099365234375
0.61007770207903877501820488760131411254405975341796875
0.6244179616988925207721194965415634214878082275390625
0.64858663115911763252796617962303571403026580810546875
0.6252456545613365168634345536702312529087066650390625
0.62405442476086114833577767058159224689006805419921875
0.54064222424057206684011589459259994328022003173828125
0.607735002877679786337239420390687882900238037109375
0.59754787318362467818388950036023743450641632080078125
0.55979867571281805016525368046131916344165802001953125
0.63486446647388061759187394272885285317897796630859375
0.5860996479645568246752418417599983513355255126953125
0.632818339167775523179670926765538752079010009765625
0.57917950834345999222563250441453419625759124755859375
0.63183829501385380122968626892543397843837738037109375
0.6036481131194353366709037800319492816925048828125
0.66357819827862984940480828299769200384616851806640625
0.5781849183135652214815536353853531181812286376953125
0.55979077540439503568592272131354548037052154541015625
0.57402804899647164038611890646279789507389068603515625
0.6092676726197814307539601941243745386600494384765625
0.5642576785794215510350113618187606334686279296875
0.638483826808072141290040235617198050022125244140625
0.58326739367777491462874195349286310374736785888671875
0.5952405227634878226439241188927553594112396240234375
0.6284975544190494201046703892643563449382781982421875
0.56300940876374439003626548583270050585269927978515625
0.56092284020858518278629389897105284035205841064453125
0.61307437375209705709977470178273506462574005126953125
0.66127922798556582062445841074804775416851043701171875
0.5957859083542829115032191111822612583637237548828125
0.570439527885280739383233594708144664764404296875
0.65574336816226830304543682359508238732814788818359375
0.59883960387455570373305135944974608719348907470703125
0.603606947829429696383840564521960914134979248046875
0.582909474619297096609216168872080743312835693359375
