0.99087011814117442742855246251565404236316680908203125
0.999337375164031982421875
0.997729003429412841796875
0.98767745494842518194644753748434595763683319091796875
0.99311298131942760125667746251565404236316680908203125
0.99665546417236317022769753748434595763683319091796875
0.99988090991973876953125
0.9977195262908935546875
0.99919259548187255859375
0.99852949380874644891292746251565404236316680908203125
0.99822366237640380859375
0.99156296253204356805355246251565404236316680908203125
0.999437987804412841796875
0.996704995632171630859375
0.996903598308563232421875
0.99720090627670276983707253748434595763683319091796875
0.99965542554855357781917746251565404236316680908203125
0.99791246652603160516292746251565404236316680908203125
0.998071134090423583984375
0.998591899871826171875
0.997473418712615966796875
0.99678426980972278936832253748434595763683319091796875
0.99592101573944080694644753748434595763683319091796875
0.999379098415374755859375
0.99503368139266956671207253748434595763683319091796875
0.99936223030090320929019753748434595763683319091796875
0.958162844181060791015625
0.99889636039733875616519753748434595763683319091796875
0.99934488534927357061832253748434595763683319091796875
0.989537894725799560546875
0.9989764690399169921875
0.98661100864410400390625
0.99549722671508800164730246251565404236316680908203125
0.986495792865753173828125
0.98915112018585205078125
0.99672031402587879522769753748434595763683319091796875
0.99618566036224365234375
0.99914371967315684930355246251565404236316680908203125
0.9951627254486083984375
0.99730634689331043585269753748434595763683319091796875
0.99431455135345458984375
0.99447453022003162725894753748434595763683319091796875
0.99693286418914794921875
0.99898147583007801397769753748434595763683319091796875
0.984840452671051025390625
0.99965387582778919561832253748434595763683319091796875
0.99352216720581043585269753748434595763683319091796875
0.99599826335906982421875
0.99767363071441639288394753748434595763683319091796875
0.971164226531982421875
0.99611699581146240234375
0.98992514610290516241519753748434595763683319091796875
0.996921598911285400390625
0.996590197086334228515625
0.99663895368576038702457253748434595763683319091796875
0.98681527376174915655582253748434595763683319091796875
0.997831284999847412109375
0.99882167577743519171207253748434595763683319091796875
0.998309552669525146484375
0.996906697750091552734375
0.99787056446075439453125
0.99661481380462635382144753748434595763683319091796875
0.99917632341384876593082253748434595763683319091796875
0.99350529909133922235042746251565404236316680908203125
0.995930016040802001953125
0.994077205657958984375
0.999401271343231201171875
0.999829471111297607421875
0.999206006526947021484375
0.99999928474426280633480246251565404236316680908203125
0.990755140781402587890625
0.99899256229400634765625
0.999412059783935546875
0.999642908573150634765625
0.99974650144577037469417746251565404236316680908203125
0.99918538331985484735042746251565404236316680908203125
0.99807941913604736328125
0.996581494808197021484375
0.99663352966308604852230246251565404236316680908203125
0.99947172403335560186832253748434595763683319091796875
0.99941360950469959600894753748434595763683319091796875
0.99423235654830921514957253748434595763683319091796875
0.998084604740142822265625
0.996700823307037353515625
0.99825149774551402703792746251565404236316680908203125
0.99862170219421397820980246251565404236316680908203125
0.99511790275573719366519753748434595763683319091796875
0.99437385797500599249332253748434595763683319091796875
0.984042823314666748046875
0.99673569202423095703125
0.98100435733795154913394753748434595763683319091796875
0.99961072206497203485042746251565404236316680908203125
0.9975261688232421875
0.99928855895996082647769753748434595763683319091796875
0.9932978153228759765625
0.998447835445404052734375
0.999181270599365234375
0.98652154207229603155582253748434595763683319091796875
0.99454444646835316046207253748434595763683319091796875
0.995375454425811767578125
0.99016940593719482421875
0.998386859893798828125
0.99713337421417236328125
0.97860020399093639031917746251565404236316680908203125
0.9983046054840087890625
0.998444616794586181640625
0.99647867679595958367855246251565404236316680908203125
0.997898161411285400390625
0.99976867437362682000667746251565404236316680908203125
0.99657332897186279296875
0.9862873554229736328125
0.99944752454757679327457253748434595763683319091796875
0.997882306575775146484375
0.99036777019500721319644753748434595763683319091796875
0.99885976314544677734375
0.999502599239349365234375
0.98101109266281116827457253748434595763683319091796875
0.995853006839752197265625
0.9997150897979736328125
0.99490720033645640985042746251565404236316680908203125
0.98041135072708118780582253748434595763683319091796875
0.99926835298538196905582253748434595763683319091796875
0.997578918933868408203125
0.99876916408538818359375
0.9989454746246337890625
0.99982780218124400750667746251565404236316680908203125
0.997180759906768798828125
0.99972802400589000360042746251565404236316680908203125
0.996195852756500244140625
0.993304073810577392578125
0.99701595306396484375
0.9728248119354248046875
0.996435225009918212890625
0.99818718433380115850894753748434595763683319091796875
0.998606264591217041015625
0.99843215942382801397769753748434595763683319091796875
0.99936223030090320929019753748434595763683319091796875
0.970006644725799560546875
0.99973917007446277960269753748434595763683319091796875
0.99934864044189442022769753748434595763683319091796875
0.994158565998077392578125
0.99110317230224598272769753748434595763683319091796875
0.99730265140533436163394753748434595763683319091796875
0.97905397415161121710269753748434595763683319091796875
0.986409604549407958984375
0.99455541372299205438167746251565404236316680908203125
0.99233806133270263671875
0.99958127737045276983707253748434595763683319091796875
0.99859201908111561163394753748434595763683319091796875
0.988019287586212158203125
0.99355322122573841436832253748434595763683319091796875
