0.0356106273829936981201171875
0.015840590000152587890625
0.024998066574335099654380343281445675529539585113525390625
0.021012365818023681640625
0.025554597377777099609375
0.058089962601661680741127469218554324470460414886474609375
0.006766378879547119140625
0.012575089931488037109375
0.0159102410078048699115793596092771622352302074432373046875
0.017043054103851318359375
0.018304884433746337890625
0.013608038425445556640625
0.014696061611175537109375
0.027194889634847639603432156718554324470460414886474609375
0.01920880377292633056640625
0.017043054103851318359375
0.012575089931488037109375
0.025554597377777099609375
0.030708372592926025390625
0.0354540683329105377197265625
0.038546214252710341019447781718554324470460414886474609375
0.019627511501312255859375
0.032568871974945068359375
0.025554597377777099609375
0.018304884433746337890625
0.038598120212554931640625
0.013608038425445556640625
0.0309257924556732184673268903907228377647697925567626953125
0.0224779658019542694091796875
0.0143866546452045447612722028907228377647697925567626953125
0.0248946055769920342182199846092771622352302074432373046875
0.024737221747636796431724093281445675529539585113525390625
0.015840590000152587890625
0.019627511501312255859375
0.018304884433746337890625
0.027202665805816650390625
0.012575089931488037109375
0.018304884433746337890625
0.008965432643890380859375
0.0439551584422588348388671875
0.0189876437187194817279856096092771622352302074432373046875
0.021012365818023681640625
0.036512315273284912109375
0.020670925825834275679770968281445675529539585113525390625
0.04491015598177909573518462593710864894092082977294921875
0.015840590000152587890625
0.023974478244781494140625
0.010668694972991943359375
0.03419799283146858492887787406289135105907917022705078125
0.0461139678955078125
0.022460877895355224609375
0.045329034328460693359375
0.018304884433746337890625
0.021012365818023681640625
0.012575089931488037109375
0.015840590000152587890625
0.015840590000152587890625
0.032817094027996061844643094218554324470460414886474609375
0.014696061611175537109375
0.013608038425445556640625
0.047820627689361572265625
0.021743913739919663863364718281445675529539585113525390625
0.0300240598618984229351003278907228377647697925567626953125
0.018304884433746337890625
0.019627511501312255859375
0.015840590000152587890625
0.011595785617828369140625
0.0290668949484825141216237653907228377647697925567626953125
0.013608038425445556640625
0.018198398500680924849692843281445675529539585113525390625
0.025554597377777099609375
0.032568871974945068359375
0.021012365818023681640625
0.020060978829860687255859375
0.0582817606627941131591796875
0.0251632079482078559184987653907228377647697925567626953125
0.03371858894824981967008881156289135105907917022705078125
0.023974478244781494140625
0.013608038425445556640625
0.019627511501312255859375
0.0275550700724124901508371721092771622352302074432373046875
0.021012365818023681640625
0.01514201760292053187961780480463858111761510372161865234375
0.03880398645997047701872162406289135105907917022705078125
0.032568871974945068359375
0.013608038425445556640625
0.021012365818023681640625
0.018304884433746337890625
0.023974478244781494140625
0.04457255527377128323518462593710864894092082977294921875
0.0284719198942184441303293596092771622352302074432373046875
0.023974478244781494140625
0.022221358120441438155356905781445675529539585113525390625
0.019627511501312255859375
0.015840590000152587890625
0.008186399936676025390625
0.03520341664552688321077056343710864894092082977294921875
0.021012365818023681640625
0.031944011896848679976645968281445675529539585113525390625
0.052800238132476806640625
0.027426754683256150679770968281445675529539585113525390625
0.017043054103851318359375
0.027911223471164703369140625
0.03238519579172134676969818656289135105907917022705078125
0.023974478244781494140625
0.011595785617828369140625
0.023974478244781494140625
0.021012365818023681640625
0.038182871788740156693275906718554324470460414886474609375
0.012575089931488037109375
0.0319283008575439453125
0.023974478244781494140625
0.021183772385120390457924344218554324470460414886474609375
0.040761888027191162109375
0.0169947043061256415630300153907228377647697925567626953125
0.014696061611175537109375
0.0196449115872383110736887346092771622352302074432373046875
0.007453858852386474609375
0.013608038425445556640625
0.030708372592926025390625
0.032568871974945068359375
0.018304884433746337890625
0.04052807465195655545198150093710864894092082977294921875
0.017043054103851318359375
0.017043054103851318359375
0.027202665805816650390625
0.025554597377777099609375
0.018304884433746337890625
0.027202665805816650390625
0.0166582308709621422504465471092771622352302074432373046875
0.02664148807525634765625
0.043508969247341156005859375
0.036512315273284912109375
0.03553468659520149508512787406289135105907917022705078125
0.022460877895355224609375
0.025554597377777099609375
0.014696061611175537109375
0.0159975171089172356342356096092771622352302074432373046875
0.014696061611175537109375
0.032568871974945068359375
0.023974478244781494140625
0.014696061611175537109375
0.013608038425445556640625
0.031433204561471937699135281718554324470460414886474609375
0.025554597377777099609375
0.030154278129339219527427218281445675529539585113525390625
0.018304884433746337890625
0.015840590000152587890625
0.04665456265211105624235443656289135105907917022705078125
0.034503042697906494140625
0.0253623209893703467632253278907228377647697925567626953125
