0.0921721151483805012372130249787005595862865447998046875
0.10067217096073154125601689656832604669034481048583984375
0.064045196329225839715348911340697668492794036865234375
0.0993521137867516002106782480041147209703922271728515625
0.10520210731930224046237754009780474007129669189453125
0.0965622501975339775359685745570459403097629547119140625
0.0983740765142393780440244199780863709747791290283203125
0.10356417887121614762602206383235170505940914154052734375
0.1012019188576361028442107681257766671478748321533203125
0.09555727352704258825699668022934929467737674713134765625
0.09574619860828222084325744845045846886932849884033203125
0.09772590615783351142287216362092294730246067047119140625
0.0959241634297000878017769309735740534961223602294921875
0.0819555424445460867222124079489731229841709136962890625
0.093263547801634871792231251674820668995380401611328125
0.09216801493694237734644048032350838184356689453125
0.1035076464529301187855736543497187085449695587158203125
0.09112939608856786277701900189640582539141178131103515625
0.09993573184269234632726153222392895258963108062744140625
0.10477022332513587221658468706664280034601688385009765625
0.08377808936167739639611085067372187040746212005615234375
0.09986985143234071438111953966654255054891109466552734375
0.090135493199936356223389566366677172482013702392578125
0.090323549876520747847763459503767080605030059814453125
0.10133044317919241705805433184650610201060771942138671875
0.08022209959591652950194884397205896675586700439453125
0.1010304534684987043391402039560489356517791748046875
0.10355777339593828789698903847238398157060146331787109375
0.10874294511242864336164615224333829246461391448974609375
0.0934579744167438331015063113227370195090770721435546875
0.0959206460774541802560833048119093291461467742919921875
0.0835920628881876848215171094125253148376941680908203125
0.0943442717757469184736152101322659291326999664306640625
0.09959534712108963905308200992294587194919586181640625
0.09750117937155576564034475950393243692815303802490234375
0.074831329232206922341674726339988410472869873046875
0.09684598862465121360543207629234530031681060791015625
0.09478587641841630662131734652575687505304813385009765625
0.09798761992057601621919360468382365070283412933349609375
0.09610738402017605930272026171223842538893222808837890625
0.07993501154016931231627296483566169627010822296142578125
0.10137802032927074880053197603047010488808155059814453125
0.08929120934892764704926548802177421748638153076171875
0.097399468091919849666027175771887414157390594482421875
0.08620172726658255346610104652427253313362598419189453125
0.08733371329716628495010155575073440559208393096923828125
0.09090963854287632817108288918461767025291919708251953125
0.08548471325124562536501571230473928153514862060546875
0.0933324267596397916246786508054356090724468231201171875
0.1021141922625172504535129291980410926043987274169921875
0.07503876087183432297411656008989666588604450225830078125
0.08629259210822794179396311164964572526514530181884765625
0.088603786903961978538291077711619436740875244140625
0.098836553107765900971770633987034671008586883544921875
0.08790254023585254705697167310063377954065799713134765625
0.10068477644566349582522235550641198642551898956298828125
0.0890705194020713075797601732119801454246044158935546875
0.09285284150861843055491107179477694444358348846435546875
0.08707908053017775207305106732746935449540615081787109375
0.09369037070743389816751545140505186282098293304443359375
0.10035243064434960780229033616706146858632564544677734375
0.0749534563000765763352006842978880740702152252197265625
0.104908621247086719652230613064602948725223541259765625
0.08847474843390867871306681990972720086574554443359375
0.09340800164340624933689838371719815768301486968994140625
0.10238490054600379863813941483385860919952392578125
0.09649561013413700261143191028168075717985630035400390625
0.09202877597129333064884804116445593535900115966796875
0.09895292591154204731029864205993362702429294586181640625
0.073162772053765368074351727045723237097263336181640625
0.1028919755957527770728887617224245332181453704833984375
0.10101731235887896620528891844514873810112476348876953125
0.098633370152186483625911250783246941864490509033203125
0.08568589998118651684944069302218849770724773406982421875
0.07686103760010175312000768599318689666688442230224609375
0.0983555060815338999535839548116200603544712066650390625
0.08812876610619539696767077430195058695971965789794921875
0.09632103140019455944642601252780877985060214996337890625
0.08776376579624077522989722410784452222287654876708984375
0.09914591390440448404053341846520197577774524688720703125
0.0975078095746748918504209768798318691551685333251953125
0.09756426535858005177903606863765162415802478790283203125
0.0729728805901624089091939140416798181831836700439453125
0.1054017332553100205760898688822635449469089508056640625
0.103074603801082520515564056040602736175060272216796875
0.09146992208675029656372856834423146210610866546630859375
0.09368940875431873427370277340742177329957485198974609375
0.0861874991043729554718311192118562757968902587890625
0.0842560852266595328163845124436193145811557769775390625
0.09969002398891672889202908436345751397311687469482421875
0.079159822788580080921150283757015131413936614990234375
0.09857243060308774895705852259197854436933994293212890625
0.0863138548910634406663433537687524221837520599365234375
0.09515211631061924746344260483965626917779445648193359375
0.09532194793774896590665690609966986812651157379150390625
0.09089604835867408361149699658199097029864788055419921875
0.10035435749808284400241831235689460299909114837646484375
0.09794867362243307729041674747350043617188930511474609375
0.0971637132069049502813840035742032341659069061279296875
0.087311329988956243308706461903057061135768890380859375
0.0955541124927634932806341794275795109570026397705078125
0.09636037256057421174215704695598105899989604949951171875
0.0974252441921288070414419735243427567183971405029296875
0.09595557270961126150599085349313099868595600128173828125
0.09372166452756701404691597190321772359311580657958984375
0.0925829081301661471758990273883682675659656524658203125
0.08948981314956570842777949792434810660779476165771484375
0.09785272624351255832397811218470451422035694122314453125
0.08679079553403744318185175643520778976380825042724609375
0.07257240333499552498164320013529504649341106414794921875
0.10672924087378199420328428459470160305500030517578125
0.0904672064595093694538974204988335259258747100830078125
0.0873493174021848506338727702313917689025402069091796875
0.089882212052156906789690538062131963670253753662109375
0.09758042990194930321745658829968306235969066619873046875
0.094321772176404861109944022246054373681545257568359375
0.1067934070243708177816444049312849529087543487548828125
0.0997574057438133099395827230182476341724395751953125
0.102101494606738507631149559529148973524570465087890625
0.09913786367070288874092653941261232830584049224853515625
0.1008429189263351510863486737434868700802326202392578125
0.09435374234575676088976337041458464227616786956787109375
0.09341056852022940060198408218639087863266468048095703125
0.09991677410273243353788785725555499084293842315673828125
0.0939565875038551323594759878687909804284572601318359375
0.09492735525661048778811590409532072953879833221435546875
0.0933574414778204630938063246503588743507862091064453125
0.08683174795881813678999350258891354314982891082763671875
0.10053241366168198800412625359967933036386966705322265625
0.08979272957424554169048036555977887474000453948974609375
0.091914029800772401035402481284108944237232208251953125
0.10234214513075749752868404129912960343062877655029296875
0.097206476283672793581303039900376461446285247802734375
0.10055777087923963020177353655526530928909778594970703125
0.08926445528742098234342705609378754161298274993896484375
0.0953894009213027416205221697964589111506938934326171875
0.09172921780245109346640930425564874894917011260986328125
0.08457616127051865995145618626338546164333820343017578125
0.08327994712500698393231601812658482231199741363525390625
0.09434782307202675688539983411828870885074138641357421875
0.097888451810474119696436900994740426540374755859375
0.1025163423173290067058616159556549973785877227783203125
0.10246746337299210416471595408438588492572307586669921875
0.09680610012574587808220627493938081897795200347900390625
0.1061474064635117564581179294691537506878376007080078125
0.1052910841603565683666232644100091420114040374755859375
0.1010293847442713943696190881382790394127368927001953125
0.09735234360517112939259476434017415158450603485107421875
0.059292792867600509210124215542236925102770328521728515625
0.101027973705840434792690984977525658905506134033203125
0.09973872484808976590642259907326661050319671630859375
