83.08176708221435546875
84.290653228759765625
83.6244800090789794921875
86.5998847484588623046875
86.201963901519775390625
82.9035089015960693359375
83.883899211883544921875
81.991813182830810546875
83.9969923496246337890625
84.5814483165740966796875
82.3906829357147216796875
85.1476986408233642578125
83.61491680145263671875
83.7342269420623779296875
84.369480133056640625
85.4056856632232666015625
82.7434632778167724609375
83.2345249652862548828125
82.6388642787933349609375
84.80027484893798828125
84.0835435390472412109375
81.270073413848876953125
81.2600562572479248046875
85.2204320430755615234375
83.190182209014892578125
83.7104842662811279296875
86.7503411769866943359375
88.2596895694732666015625
87.796976566314697265625
84.4042618274688720703125
85.161298274993896484375
85.574298381805419921875
82.6475737094879150390625
83.0635907649993896484375
83.164445400238037109375
85.761982440948486328125
84.761930942535400390625
85.7865393161773681640625
85.267547130584716796875
83.119925022125244140625
84.462734222412109375
84.550282001495361328125
82.9728412628173828125
85.1272485256195068359375
84.7382800579071044921875
83.191118717193603515625
83.104304790496826171875
82.3966715335845947265625
82.186421871185302734375
81.9290196895599365234375
85.2833163738250732421875
82.2261583805084228515625
81.4539716243743896484375
82.06001377105712890625
83.1983301639556884765625
84.043979644775390625
82.05011749267578125
82.131675243377685546875
82.4050328731536865234375
84.2326514720916748046875
83.342489719390869140625
83.7605960369110107421875
83.327194690704345703125
84.033893108367919921875
82.84664821624755859375
83.2154800891876220703125
82.4745006561279296875
84.8718516826629638671875
84.4249913692474365234375
83.2274072170257568359375
83.589799404144287109375
84.223248004913330078125
83.660583019256591796875
84.14254093170166015625
85.64786052703857421875
84.583049297332763671875
84.3128108978271484375
83.4949386119842529296875
83.5795993804931640625
83.1379525661468505859375
83.20428943634033203125
83.2670114040374755859375
83.0880565643310546875
85.031482219696044921875
6432.188807010650634765625
84.030301570892333984375
83.98021793365478515625
84.6422679424285888671875
82.6746618747711181640625
82.6998765468597412109375
84.4507701396942138671875
83.586163043975830078125
81.616894245147705078125
83.1050875186920166015625
83.4925692081451416015625
84.3117530345916748046875
84.9588296413421630859375
84.77524566650390625
85.76918125152587890625
86.1972370147705078125
83.26205539703369140625
83.63092517852783203125
82.056597232818603515625
82.023738861083984375
86.3404891490936279296875
85.3166816234588623046875
84.4107487201690673828125
82.7033922672271728515625
85.087657928466796875
83.58135986328125
83.553250789642333984375
83.373753070831298828125
85.3633801937103271484375
84.5560619831085205078125
82.6768169403076171875
83.5933206081390380859375
81.894358158111572265625
82.2034804821014404296875
84.2095844745635986328125
81.49439716339111328125
81.0024700164794921875
85.8539884090423583984375
86.07260894775390625
84.9394304752349853515625
84.0830385684967041015625
83.19105815887451171875
84.45273876190185546875
84.577813625335693359375
81.4414455890655517578125
81.3929150104522705078125
83.722136974334716796875
83.7936298847198486328125
82.5987701416015625
84.8223335742950439453125
84.876997470855712890625
84.2434284687042236328125
84.688024997711181640625
84.166061878204345703125
82.4469373226165771484375
84.8038794994354248046875
89.890561580657958984375
90.5552542209625244140625
84.279614925384521484375
85.3391625881195068359375
84.1234867572784423828125
84.8540160655975341796875
83.3197720050811767578125
85.2811281681060791015625
85.24907398223876953125
84.848105907440185546875
84.8732025623321533203125
