44.3249967098236083984375
44.487459659576416015625
44.432637691497802734375
43.9795529842376708984375
44.5587787628173828125
44.223794460296630859375
42.7553579807281494140625
43.459821224212646484375
44.3244540691375732421875
44.3354580402374267578125
44.385323047637939453125
44.035596370697021484375
44.1321327686309814453125
44.0691854953765869140625
44.25507259368896484375
44.35393524169921875
44.1638491153717041015625
44.26855373382567648832264239899814128875732421875
44.3952839374542236328125
44.8275325298309326171875
44.893169403076171875
44.836154937744140625
44.77892971038818359375
44.7942841053009033203125
44.8281533718109130859375
45.055583953857421875
44.89530086517333984375
44.06450939178466796875
44.1791756153106689453125
44.1864840984344482421875
44.670455455780029296875
45.1499176025390625
44.4066736698150634765625
44.5219018459320068359375
44.6036586761474609375
44.7211248874664306640625
44.6353247165679931640625
45.204761505126953125
45.0023534297943115234375
44.9589889049530029296875
43.993833065032958984375
43.8854224681854248046875
44.4577353000640869140625
43.961629390716552734375
44.098337650299072265625
44.2005479335784912109375
46.3248779773712158203125
46.282627105712890625
43.305672168731689453125
43.54258441925048828125
43.7782764434814453125
44.7538859844207763671875
44.8505189418792724609375
44.4195308685302734375
44.76194858551025390625
44.7483437061309814453125
45.755036830902099609375
45.8450820446014404296875
45.839694499969482421875
44.3478000164031982421875
44.1685111522674560546875
44.2842466831207275390625
45.4123337268829345703125
45.0501148700714111328125
44.4130256175994873046875
44.0430088043212890625
44.2134487628936767578125
43.46059703826904296875
43.742347240447998046875
43.570703029632568359375
44.402881622314453125
43.94331073760986328125
43.693416118621826171875
43.973707675933837890625
43.982658863067626953125
43.9773519039154052734375
44.5684001445770263671875
45.89954853057861328125
44.9843027591705322265625
44.8041188716888427734375
43.796271800994873046875
43.8157999515533447265625
43.8012073040008544921875
43.420851230621337890625
43.17615032196044921875
43.30124187469482421875
44.1205489635467529296875
43.8534657955169677734375
45.443535327911376953125
45.03881168365478515625
45.3940351009368896484375
43.9590833187103271484375
43.9241411685943603515625
44.00913524627685546875
43.876140594482421875
43.1013238430023193359375
43.1391746997833251953125
43.17711639404296875
42.1480529308319091796875
42.702582836151123046875
42.28875255584716796875
43.474957942962646484375
44.8368470668792724609375
45.123260498046875
45.03622913360595703125
45.20900630950927734375
45.4364969730377197265625
45.292571544647216796875
44.6268751621246337890625
44.8751475811004638671875
44.515678882598876953125
44.36586284637451171875
43.8478591442108154296875
43.971700191497802734375
44.0901010036468505859375
44.865808010101318359375
44.0329868793487548828125
43.9659745693206787109375
43.950158596038818359375
43.70068454742432351167735760100185871124267578125
44.1729013919830322265625
44.048528194427490234375
43.7171437740325927734375
44.9823150634765625
44.4912807941436767578125
44.362227916717529296875
44.593287944793701171875
44.70183467864990234375
44.684282779693603515625
43.5466001033782958984375
45.9086973667144775390625
45.96639537811279296875
46.009376049041748046875
44.564463138580322265625
44.59440517425537109375
44.7984473705291748046875
45.6876022815704345703125
43.893903255462646484375
43.9588348865509033203125
43.6687614917755126953125
44.4802844524383544921875
44.69752025604248046875
44.40186786651611328125
44.353345394134521484375
44.3701889514923095703125
43.7070724964141845703125
43.6686160564422607421875
43.668710231781005859375
43.9326164722442626953125
43.670883655548095703125
45.4463870525360107421875
