-0.8262615163624287273336221915087662637233734130859375
-0.8790291596949100227931239714962430298328399658203125
-0.88732655405998228648201120449812151491641998291015625
-0.8079378724098205122317040149937383830547332763671875
-1.0557190123200417275484142010100185871124267578125
-0.78819469392299656984590683350688777863979339599609375
-0.7677134793996811534810831290087662637233734130859375
-1.117906627655029350165705182007513940334320068359375
-0.91537761390209204659385022750939242541790008544921875
-1.178686712384223955751849644002504646778106689453125
-0.70648813337087634778299616300500929355621337890625
-0.95725333541631696387952388249686919152736663818359375
-1.0870741885900498946426750990212894976139068603515625
-1.2770274367928504677394130339962430298328399658203125
-0.9093599456548691062351963410037569701671600341796875
-0.8884175734221935183398954904987476766109466552734375
-1.01173584818840023302755071199499070644378662109375
-1.021544733643531710498564279987476766109466552734375
-0.81773500114679331662870254149311222136020660400390625
-0.74949660301208498314196049250313080847263336181640625
-0.94905236080288890576639460050500929355621337890625
-0.9616460466384888494673077730112709105014801025390625
-0.82635170906782151600822317050187848508358001708984375
-0.65203915536403656005859375
-0.79163302212953567948972022350062616169452667236328125
-1.0820403563976288552339610760100185871124267578125
-0.91291796326637264513692571199499070644378662109375
-0.8812498019635677248828642404987476766109466552734375
-0.87016457423567772355710303600062616169452667236328125
-0.8187939822673797607421875
-1.091408947110175997607939279987476766109466552734375
-0.84995423197746278187736379550187848508358001708984375
-0.89881230115890498044706191649311222136020660400390625
-1.0077022512257098885157802214962430298328399658203125
-1.0471757909655570184526141019887290894985198974609375
-1.0225885805487633373189737540087662637233734130859375
-0.87745356470346447252950383699499070644378662109375
-1.2880772390961647833051983980112709105014801025390625
-1.0765559196472167524660790149937383830547332763671875
-1.0127851346135139376514189279987476766109466552734375
-0.85138417318463333050004848701064474880695343017578125
-0.921157277673482877133892543497495353221893310546875
-1.0329332968592643826610810720012523233890533447265625
-0.9715879204869271035249767010100185871124267578125
-0.916249626725912147406916119507513940334320068359375
-0.6508599755167960854151942839962430298328399658203125
-0.8919292150437831967479951345012523233890533447265625
-0.9309720724821091142331397350062616169452667236328125
-0.8878004455566406161182158029987476766109466552734375
-1.0156051835417747586376435720012523233890533447265625
-0.80914972692728037717557754149311222136020660400390625
-0.91431013718247411414807856999686919152736663818359375
-0.94259339511394502064689504550187848508358001708984375
-0.74013642579317096004132281450438313186168670654296875
-1.317135415375232820878181883017532527446746826171875
-0.888693508207798021913959019002504646778106689453125
-0.7407621100544929948483741100062616169452667236328125
-0.98833244979381562611564504550187848508358001708984375
-0.93346133843064305057879437299561686813831329345703125
-0.9038851808011532096287510285037569701671600341796875
-0.8625068438053131725240518790087662637233734130859375
-1.0164759346842766607466046480112709105014801025390625
-0.91821938276290893110598290149937383830547332763671875
-0.87473601952195167985593116100062616169452667236328125
-1.0921103808283805225443074959912337362766265869140625
-1.0943604156374930891360008899937383830547332763671875
-0.76153536230325702405252741300500929355621337890625
-1.0196369376778602333644130339962430298328399658203125
-0.87100900486111643150621830500313080847263336181640625
-0.901602179259061831118060581502504646778106689453125
-1.044247692823410122997529470012523233890533447265625
-0.95572923198342329964560804000939242541790008544921875
-0.9834815499186515541651942839962430298328399658203125
-0.93816396862268447431887352649937383830547332763671875
-0.89073017194867143420111688101314939558506011962890625
-0.9518368622660637878851730420137755572795867919921875
-0.852293731123209052924494244507513940334320068359375
-0.785349763929843902587890625
-0.9073287791013717740185029470012523233890533447265625
-0.8620887634158134193995692839962430298328399658203125
-0.92477042689919475293436335050500929355621337890625
-0.88704956293106074216581191649311222136020660400390625
-0.9096107396483421592137119660037569701671600341796875
-0.71881899714469910112057959850062616169452667236328125
-0.96813663780689240834220754550187848508358001708984375
-0.88792488753795628664278183350688777863979339599609375
-1.090924759805202537421564557007513940334320068359375
-0.72117033779621120270775236349436454474925994873046875
-1.0364179185032844632274873220012523233890533447265625
-0.96014808773994442248067571199499070644378662109375
-0.88692146390676496192639888249686919152736663818359375
-0.96838716059923168888445843549561686813831329345703125
-1.1460572287440300431882178600062616169452667236328125
-1.1390472382307053056393897350062616169452667236328125
-0.87459019854664798998555852449499070644378662109375
-0.80737250149250028297132075749686919152736663818359375
-1.25325507193803797889586348901502788066864013671875
-0.9025471296906470985987880339962430298328399658203125
-1.1173708432912825561089675829862244427204132080078125
-0.713365831822156959418634869507513940334320068359375
-0.79653049409389498070055424250313080847263336181640625
-0.711473397910594940185546875
-0.98100115597248083165737853050814010202884674072265625
-0.84652232527732851341539799250313080847263336181640625
-1.2228327307105064658543369660037569701671600341796875
-0.79194986850023274538301620850688777863979339599609375
-1.15204568475484858680601973901502788066864013671875
-0.789968339204788261298517682007513940334320068359375
-1.03330236017704013562479303800500929355621337890625
-0.91608339816331862959231102649937383830547332763671875
-0.86688654989004143569530924651189707219600677490234375
-0.99820589303970341799043808350688777863979339599609375
-0.899870607554912549375103480997495353221893310546875
-1.2715084481239318225931356209912337362766265869140625
-1.1734852039813994384331863329862244427204132080078125
-0.82641718804836272749270165149937383830547332763671875
-0.7511362993717194402876202730112709105014801025390625
-1.20852162778377536511698053800500929355621337890625
-0.77367628842592239823972022350062616169452667236328125
-0.9629263497889042344723975475062616169452667236328125
-0.74888863265514371558850825749686919152736663818359375
-1.1846992671489715576171875
-0.84754580155014991316164696399937383830547332763671875
-0.8863090835511684417724609375
-0.986111093759536760927630894002504646778106689453125
-1.005041454434394854189349644002504646778106689453125
-0.871991109549999254824115269002504646778106689453125
-1.032316369414329582099298932007513940334320068359375
-1.31957964122295390296812911401502788066864013671875
-1.027671652436256355400701067992486059665679931640625
-0.89873552218079577613707442651502788066864013671875
-1.0453050228953362221773204510100185871124267578125
-0.71164657413959508946987853050814010202884674072265625
-1.078847531080246113788234652020037174224853515625
-1.047649747133255093700654470012523233890533447265625
-1.010840881168842297910259730997495353221893310546875
-1.012105617225170117734478480997495353221893310546875
-1.2116242405772210677383782240212894976139068603515625
-0.92825153872370724794649277100688777863979339599609375
-0.96306336820125582054430424250313080847263336181640625
-0.93180880889296535674048982400563545525074005126953125
-1.1132996743917467075135618870262987911701202392578125
-1.0143968343734741655026709850062616169452667236328125
-1.1902771729230881003758213410037569701671600341796875
-0.8557443001866340548389189279987476766109466552734375
-0.79863917559385300126706397350062616169452667236328125
-0.77097580447793012670132384300814010202884674072265625
-1.02651925861835469078187088598497211933135986328125
-1.110861070454120635986328125
-0.80693903923034671077374468950438313186168670654296875
-0.98419817805290221723879540149937383830547332763671875
