0.99237048625946044921875
0.994229257106781005859375
0.996972262859344482421875
0.972462594509124755859375
0.9985790252685546875
0.99254524707794189453125
0.99199903011322021484375
0.99313724040985107421875
0.99230134487152099609375
0.9954624176025390625
0.997411549091339111328125
0.99045562744140625
0.98645496368408203125
0.990705072879791259765625
0.98989641666412353515625
0.99399316310882568359375
0.98130738735198974609375
0.998687744140625
0.972383797168731689453125
0.979673206806182861328125
0.98575794696807861328125
0.9912865161895751953125
0.9667308330535888671875
0.950302898883819580078125
0.9902026653289794921875
0.99444258213043212890625
0.9937479496002197265625
0.98931992053985595703125
0.993885695934295654296875
0.9876339435577392578125
0.980385005474090576171875
0.992620885372161865234375
0.97222101688385009765625
0.95384871959686279296875
0.996601104736328125
0.99545729160308837890625
0.995413720607757568359375
0.998092710971832275390625
0.980579674243927001953125
0.986786186695098876953125
0.98238027095794677734375
0.992220342159271240234375
0.971441805362701416015625
0.989557921886444091796875
0.997150480747222900390625
0.99941599369049072265625
0.978381693363189697265625
0.992931306362152099609375
0.97951877117156982421875
0.985808432102203369140625
0.996267020702362060546875
0.984680116176605224609375
0.996894538402557373046875
0.9953861236572265625
0.9806330204010009765625
0.998001575469970703125
0.99297869205474853515625
0.978018343448638916015625
0.983833491802215576171875
0.9957120418548583984375
0.997626483440399169921875
0.99239718914031982421875
0.998009860515594482421875
0.967166006565093994140625
0.96457374095916748046875
0.99866390228271484375
0.9867460727691650390625
0.975304186344146728515625
0.996972739696502685546875
0.989688932895660400390625
0.985955297946929931640625
0.991730630397796630859375
0.9970080852508544921875
0.992246329784393310546875
0.99674320220947265625
0.984058856964111328125
0.99127113819122314453125
0.971827924251556396484375
0.99002873897552490234375
0.9703752994537353515625
0.974359691143035888671875
0.996968209743499755859375
0.9865658283233642578125
0.996831417083740234375
0.992820322513580322265625
0.986896932125091552734375
0.994874417781829833984375
0.987471401691436767578125
0.99754750728607177734375
0.996522963047027587890625
0.971204817295074462890625
0.9854793548583984375
0.9768559932708740234375
0.996474564075469970703125
0.98688209056854248046875
0.979633510112762451171875
0.992072641849517822265625
0.998749792575836181640625
0.997183322906494140625
0.99183559417724609375
0.990394651889801025390625
0.9976446628570556640625
0.973872125148773193359375
0.9889652729034423828125
0.99342858791351318359375
0.99436056613922119140625
0.98490107059478759765625
0.986522734165191650390625
0.977980911731719970703125
0.9922530651092529296875
0.992037594318389892578125
0.99519479274749755859375
0.99744808673858642578125
0.97956562042236328125
0.999473631381988525390625
0.99337446689605712890625
0.994616448879241943359375
0.981518447399139404296875
0.992173135280609130859375
0.989244937896728515625
0.9791190624237060546875
0.997758448123931884765625
0.985929310321807861328125
0.99321997165679931640625
0.989876687526702880859375
0.9681522846221923828125
0.98447859287261962890625
0.997600853443145751953125
0.983174383640289306640625
0.981022179126739501953125
0.980895698070526123046875
0.98224961757659912109375
0.99759805202484130859375
0.99187314510345458984375
0.989650309085845947265625
0.9964778423309326171875
0.978171288967132568359375
0.977339565753936767578125
0.998004615306854248046875
0.988674342632293701171875
0.981592714786529541015625
0.993921220302581787109375
0.99088764190673828125
0.991216719150543212890625
0.999222278594970703125
0.998802840709686279296875
0.98774421215057373046875
0.98549997806549072265625
0.9913890361785888671875
0.979414999485015869140625
0.9636247158050537109375
