8384
4480
4480
8384
8384
4480
8384
8384
8384
8384
8384
4480
4480
8384
8384
8384
8384
4544
4480
8384
8384
4480
10370
4544
8384
8384
4544
4480
8384
8384
8384
8384
8384
8384
4544
4544
4544
8384
4544
8384
4544
4544
8384
8258
4544
8384
8384
8384
10370
8384
4544
8384
8384
8384
8384
8384
4544
4544
4418
4544
10370
4480
8384
8384
8384
4544
4480
8384
8384
4544
4544
4544
8384
8384
8258
8384
8384
8384
4418
4544
8384
4544
8384
8384
4544
8384
8384
8258
8384
8384
8384
8384
8384
8384
10370
8384
8384
8258
8384
8384
8384
8384
10370
4418
8384
8384
4544
4544
4480
4544
8384
4544
8384
8384
10370
4544
4544
10370
10370
4418
4418
8384
8384
4544
10370
8384
8258
4544
8384
8384
10370
8384
8384
4544
8384
8258
4544
8384
4544
4544
8384
8384
4544
4480
8384
10370
8384
10370
8384
8384
8384
