0.10849688380956649946806891193773481063544750213623046875
0.1064685025811195340228465511245303787291049957275390625
0.1334530034661292885456163048729649744927883148193359375
0.0870937198400497381012286268742172978818416595458984375
0.10737678736448287575289128881195210851728916168212890625
0.103213985860347745582288325749686919152736663818359375
0.1338551580905914251129473768742172978818416595458984375
0.1243483425676822629046824886245303787291049957275390625
0.10813754022121428721714408993648248724639415740966796875
0.1259524840116500732367654791232780553400516510009765625
0.11838217884302137949958932949812151491641998291015625
0.10223187394440173825227446968710864894092082977294921875
0.12714680843055248260498046875
0.10134414851665496382082665149937383830547332763671875
0.09004351809620857183258380018742172978818416595458984375
0.162245252579450605079358638249686919152736663818359375
0.08347812935709952864016258899937383830547332763671875
0.0755952632427215609478565738754696212708950042724609375
0.126212658882141115501696049250313080847263336181640625
0.11594033449888228870516826418679556809365749359130859375
0.10754309887066482165351999356062151491641998291015625
0.08393163830041884543309294031132594682276248931884765625
0.1038721604086458583093843799360911361873149871826171875
0.1411961826682090748175113503748434595763683319091796875
0.10374099075794220026214276231257827021181583404541015625
0.117793145179748537376696049250313080847263336181640625
0.09678429305553436223785723768742172978818416595458984375
0.09133252698928116808385624381116940639913082122802734375
0.08495561197400093578213642331320443190634250640869140625
0.11331118077039718794463141193773481063544750213623046875
0.118020089417695983602385467747808434069156646728515625
0.11364594556391238722170555774937383830547332763671875
0.10001634880900382718049712593710864894092082977294921875
0.135829634666442877755088147750939242541790008544921875
0.08516128569841384388094951418679556809365749359130859375
0.10514769434928893099279179068616940639913082122802734375
0.10415203582495451140044195881273481063544750213623046875
0.11754234135150909423828125
0.1366552609205245738532852328717126511037349700927734375
0.09280587077140807494846086456163902767002582550048828125
0.141683457493782027913908905247808434069156646728515625
0.105019238032400596960513894373434595763683319091796875
0.11485518068075180331266693656289135105907917022705078125
0.1241907519102096457697115283735911361873149871826171875
0.1049908149242400889900039828717126511037349700927734375
0.1483602999150752943524622651239042170345783233642578125
0.11404011115431784972873430206163902767002582550048828125
0.127624882459640487386565155247808434069156646728515625
0.09743913203477859441559161268742172978818416595458984375
0.1276826494932174760332799223760957829654216766357421875
0.1469189503788947970264189279987476766109466552734375
0.0877060309052467290680255018742172978818416595458984375
0.12203243326395750434354425806304789148271083831787109375
0.11822176342830061079869352624882594682276248931884765625
0.1215623596310615450732939279987476766109466552734375
0.1472085379064083099365234375
0.1276891690492630015985042746251565404236316680908203125
0.082911309525370568973556828495929948985576629638671875
0.08274428218603134543851496118804789148271083831787109375
0.13579413563013076338137352649937383830547332763671875
0.10195960551500320157014556343710864894092082977294921875
0.10456534281373024153349859943773481063544750213623046875
0.10203996576368808135715227081163902767002582550048828125
0.129674803018569928525494105997495353221893310546875
0.12099354058504104003635148956163902767002582550048828125
0.12341840296983717928380741568616940639913082122802734375
0.10011229753494262084689836456163902767002582550048828125
0.1383842773735523279388104356257827021181583404541015625
0.07457468252629041727264080918757827021181583404541015625
0.1445533723384141711054695633720257319509983062744140625
0.1314699671044945727960140402501565404236316680908203125
0.13982781082391737559333932949812151491641998291015625
0.0901358115673065174444644753748434595763683319091796875
0.117004987336695176480816371622495353221893310546875
0.143364830017089828206877655247808434069156646728515625
0.136639031767845142706363503748434595763683319091796875
0.11071931868791580477751068656289135105907917022705078125
0.12760069862008094343508446399937383830547332763671875
0.0943152392655610960492396088739042170345783233642578125
0.12372294396162032692476628881195210851728916168212890625
0.12445480177178978864471758924992172978818416595458984375
0.09804132848978042158449852649937383830547332763671875
0.12103891059756276271652808418366475962102413177490234375
0.124610486030578615501696049250313080847263336181640625
0.142806082665920264229697522750939242541790008544921875
0.10337397783994674294039128881195210851728916168212890625
0.08438886165618895984774638918679556809365749359130859375
0.12438540250062941894260148956163902767002582550048828125
0.1325013130903243963043536268742172978818416595458984375
0.089842616170644762352281986750313080847263336181640625
0.1814800786972045887335269753748434595763683319091796875
0.1445179575681686257038194298729649744927883148193359375
0.1096421048045158330719317518742172978818416595458984375
0.09327605694532394020601628881195210851728916168212890625
0.10980955565348267388703362712476518936455249786376953125
0.09704350918531416680945511643585632555186748504638671875
0.11339499607682228254912359943773481063544750213623046875
0.0946321028470993030889957253748434595763683319091796875
0.10125201068818569238860760606257827021181583404541015625
0.088081747591495507254677477249060757458209991455078125
0.13513388335704801246350825749686919152736663818359375
0.112222902476787567138671875
0.10222138434648513072300346493648248724639415740966796875
0.141313989013433449759560289749060757458209991455078125
0.12421153545379638727386151231257827021181583404541015625
0.09929212898015975230503471493648248724639415740966796875
0.10361326022073626129671453099945210851728916168212890625
0.0740374737977981534076121761245303787291049957275390625
0.10395276218652725608304621118804789148271083831787109375
0.1377870327234268221783253238754696212708950042724609375
0.129871504902839662864977299250313080847263336181640625
0.135794222354888916015625
0.12441612571477890514248798581320443190634250640869140625
0.08278806507587432861328125
0.1301120459288358788274564403764088638126850128173828125
0.11776189446449279729645098768742172978818416595458984375
0.1145897710323333651416533029987476766109466552734375
0.100556294843554494544690669499686919152736663818359375
0.1389338582754135187347088731257827021181583404541015625
0.114751304686069477423160378748434595763683319091796875
0.09343603665009141134856207600023481063544750213623046875
0.132756153084337691350214072372182272374629974365234375
0.1016180266439914436915614714962430298328399658203125
0.099395483136177020799806314244051463901996612548828125
0.1367688182741403635223065293757827021181583404541015625
0.09430408865213392444193374331007362343370914459228515625
0.115248345956206310614078347498434595763683319091796875
0.1296828481554984924262186041232780553400516510009765625
0.1312345349416136619513650884982780553400516510009765625
0.1074990522861480612970552783735911361873149871826171875
0.1209672278165817294048878238754696212708950042724609375
0.11455299422144889220920305206163902767002582550048828125
0.09222490549087523914462138918679556809365749359130859375
0.0956281641125678871784288048729649744927883148193359375
0.0865950518473982688849588384982780553400516510009765625
0.1446152646839618804985860833767219446599483489990234375
0.1321623956412076861255400217487476766109466552734375
0.152310844361782049549702833246556110680103302001953125
0.1043039686977863256256426893742172978818416595458984375
0.0971974247694015469622996761245303787291049957275390625
0.0978027559816837255279864393742172978818416595458984375
0.09148306503891943941564335318616940639913082122802734375
0.117950088679790454637696939244051463901996612548828125
0.111880616769194585202740199747495353221893310546875
0.0935707326605915989947703792495303787291049957275390625
0.127898924946784953160516806747182272374629974365234375
0.06645009167492389734466229356257827021181583404541015625
0.09498322337865829079195378881195210851728916168212890625
0.136209703981876373291015625
0.1019505091011524144928301893742172978818416595458984375
0.1214799030870199192388980691248434595763683319091796875
