84.115917205810546875
84.187702178955078125
84.258159160614013671875
84.6265966892242431640625
86.9227581024169921875
84.0410039424896240234375
83.5927464962005615234375
83.07277011871337890625
84.6695148944854736328125
85.251680850982666015625
82.6519229412078857421875
83.19989490509033203125
83.8774430751800537109375
84.997345447540283203125
84.38717555999755859375
85.583303928375244140625
83.5907905101776123046875
83.874341487884521484375
83.464826107025146484375
82.90668964385986328125
84.2422640323638916015625
81.943510532379150390625
82.2545158863067626953125
85.59565448760986328125
84.2599308490753173828125
84.32259273529052734375
86.4040215015411376953125
86.96894931793212890625
87.8050973415374755859375
85.1496965885162353515625
85.2557485103607177734375
86.3350508213043212890625
83.0648539066314697265625
83.989322185516357421875
83.83553409576416015625
83.6274363994598388671875
85.55494594573974609375
86.46246814727783203125
86.617352008819580078125
84.476366519927978515625
85.28018283843994140625
85.46853542327880859375
84.024242401123046875
83.6184787750244140625
85.23819828033447265625
83.541710376739501953125
84.566196441650390625
83.36611843109130859375
83.869760990142822265625
82.6296465396881103515625
85.7593286037445068359375
86.041822910308837890625
82.182518482208251953125
83.559732913970947265625
83.011113643646240234375
84.776348590850830078125
83.1293833255767822265625
83.25498294830322265625
82.8363246917724609375
83.248465061187744140625
84.41554164886474609375
84.002862453460693359375
84.669795989990234375
84.6180188655853271484375
83.212947368621826171875
83.6257135868072509765625
82.6844732761383056640625
82.6248929500579833984375
84.8161962032318115234375
84.2306191921234130859375
83.9962460994720458984375
84.915421962738037109375
84.6373832225799560546875
84.7135026454925537109375
86.2045886516571044921875
86.25264644622802734375
85.027931690216064453125
84.2314789295196533203125
84.1524732112884521484375
83.94855213165283203125
84.3236606121063232421875
84.001140594482421875
83.3791544437408447265625
83.690570831298828125
83.8907527923583984375
84.839552402496337890625
84.849159717559814453125
84.8130490779876708984375
83.7621173858642578125
83.799811840057373046875
84.8256838321685791015625
84.4943959712982177734375
82.0316083431243896484375
83.9853916168212890625
84.02289485931396484375
84.643306732177734375
85.259887218475341796875
85.3931820392608642578125
85.474439144134521484375
86.6100063323974609375
83.5557498931884765625
84.216449260711669921875
82.58150577545166015625
83.4658391475677490234375
87.2928879261016845703125
87.28249073028564453125
86.6378910541534423828125
84.2036621570587158203125
84.221733570098876953125
84.1922209262847900390625
84.8352482318878173828125
83.7208850383758544921875
84.069972991943359375
84.78084659576416015625
83.75370502471923828125
83.450434207916259765625
83.0818645954132080078125
82.9865939617156982421875
84.6305291652679443359375
85.3995649814605712890625
83.6581890583038330078125
86.3370659351348876953125
86.5528957843780517578125
85.251186370849609375
85.9782660007476806640625
83.6727783679962158203125
84.431795597076416015625
85.536183834075927734375
81.6158058643341064453125
82.16389751434326171875
84.2884495258331298828125
84.0524845123291015625
83.3680007457733154296875
83.504642963409423828125
84.4722964763641357421875
84.7049863338470458984375
84.92999267578125
84.1541054248809814453125
82.4755153656005859375
85.9209616184234619140625
85.81043148040771484375
88.72798252105712890625
84.66710758209228515625
84.6933062076568603515625
84.6652057170867919921875
85.175896167755126953125
84.1323878765106201171875
83.8780801296234130859375
84.556208133697509765625
85.5085017681121826171875
85.648837566375732421875
