9.2464542388916015625
7.313619136810302734375
6.918480396270751953125
10.388317108154296875
6.508038043975830078125
10.17339420318603515625
6.7594432830810546875
9.4418134689331036923931605997495353221893310546875
7.53285932540893643505341970012523233890533447265625
9.0928630828857421875
9.0679264068603515625
6.74631977081298828125
6.687375545501708984375
7.33959293365478515625
7.220840930938720703125
9.0446052551269513486431605997495353221893310546875
6.928185939788818359375
7.04597377777099609375
8.6085109710693359375
6.5689678192138671875
11.2003622055053728701068394002504646778106689453125
5.0751361846923828125
9.004375457763671875
9.1559906005859375
10.84349822998046875
8.589694976806640625
6.38404750823974609375
8.98523616790771484375
7.478584766387939453125
7.129374027252197265625
7.065334796905517578125
8.923675537109375
8.1013393402099609375
8.439197540283203125
7.822995662689208984375
7.56813526153564453125
8.32864665985107421875
6.88448619842529296875
6.271555423736572265625
6.90898799896240234375
8.57644748687744140625
9.02965450286865234375
8.44260692596435546875
9.18353748321533203125
6.40659046173095703125
6.569837093353271484375
7.833798885345458984375
7.174328327178955078125
8.225955963134765625
8.31987857818603515625
8.852458953857421875
9.1365756988525408388568394002504646778106689453125
6.281930446624755859375
6.3748912811279296875
6.251626491546630859375
8.1610393524169921875
9.23771381378173828125
6.667161464691162109375
7.160926342010498046875
6.8244876861572265625
8.027851104736328125
7.000712871551513671875
7.359632968902587890625
5.810450077056884765625
8.3757495880126953125
8.79218387603759765625
13.47194385528564453125
7.15064525604248046875
6.03179454803466796875
7.520095348358154296875
8.163524627685546875
8.12752628326416015625
6.341452121734619140625
7.1802349090576171875
6.378111362457275390625
8.59098148345947265625
7.42324352264404296875
8.68116283416748046875
8.896251678466796875
18.6324939727783203125
6.959621429443359375
8.90133380889892578125
9.44624614715576171875
8.078929901123046875
10.3688831329345703125
7.85888195037841796875
8.23056507110595703125
7.73795318603515625
7.805843830108642578125
6.8845920562744140625
7.483109951019287109375
5.693131923675537109375
9.0395193099975603701068394002504646778106689453125
7.1609058380126953125
8.6187839508056640625
6.354312896728515625
8.6302337646484375
7.19853973388671875
8.23054981231689453125
6.5739612579345703125
7.92555999755859375
13.69641876220703125
8.5930309295654296875
6.260229587554931640625
7.05169200897216796875
9.42016315460205078125
7.342466831207275390625
7.21895313262939541942841970012523233890533447265625
6.71609783172607421875
7.989664554595947265625
6.1073780059814453125
9.17535495758056640625
6.895566463470458984375
6.68334484100341796875
9.12664508819580078125
7.41866397857666015625
9.1374063491821271298931605997495353221893310546875
7.32113933563232421875
9.4113521575927716611431605997495353221893310546875
6.684134960174560546875
7.345357418060302734375
6.65035533905029296875
10.77740478515625
8.04088497161865234375
7.472469806671142578125
8.317737579345703125
6.263390064239501953125
6.93212413787841796875
9.0377349853515625
7.719295501708984375
6.717276096343994140625
8.87078857421875
11.09942531585693359375
7.99338626861572265625
8.17182254791259765625
8.02010822296142578125
7.63966846466064453125
7.560791492462158203125
8.88736057281494140625
5.723224639892578125
8.9910736083984375
7.28500270843505859375
10.83974456787109375
7.1818675994873046875
8.20739459991455078125
11.12077426910400390625
8.51855373382568359375
10.3486652374267578125
6.788304805755615234375
7.98874378204345703125
10.10401821136474609375
