174694455434811.375
172049243245821.875
179349615808692.4375
176701440368454.6875
179697183846625.9375
163602288560604.3125
167056895947626.5625
178975760709047.25
174739500113388.125
176098056626872.6875
184100547237182.5
182519344353431.6875
172077377666576.375
175678765580213.375
174484517415505.875
183533615566302.1875
173855755792518.1875
174096578098872.8125
177114859777667.1875
173337678018029.125
174209452610293.8125
171758769188345
174560343132129.8125
175243463995708.8125
178244406348860.0625
174922281940161.75
176789714126113.375
169792813666369.375
173246342494801.4375
174224936341665.0625
175688256136553.625
181969055835981.25
170309954265809.3125
176232913897469.75
176099973002457.875
177366562473958.8125
180501708933880.5
174276813360109.5
174294342066556.375
170746719184074.5
180656603901014.5
167925093356126.0625
170171347216035.0625
175449666755169.5
177770377584222.125
178908648499487.375
173254416679496.6875
175879814377100.375
172402407765858.5
171220266619058
176594884194878.5625
170904056244491.1875
173617770254900.9375
179479333938952.3125
181936571072008.4375
172269651282444.875
177623886134488.5
173440193997710.25
181200923356669.375
182978841165516.125
167550284223490.375
171744809685127.8125
177471927893582.375
171100982468404.0625
180225352646810.75
166715404391695.25
183787895097432.875
175105024634924.75
173276821265231.9375
173188529526536.875
177602178156412.125
170017200643145.0625
176175263214026.375
180641076798924.125
176112158934772.0625
170857974466590.3125
169580943106958.125
170904627305325.75
169869552045931.1875
181720070354277.5625
176223241671878.0625
179404400367148.25
174976506990719
166317632350510
178531151314012.6875
180534765266240.75
178035462894314.0625
166846668129059.875
172643211757674.3125
177007853377165.75
165240301718554.625
177565483281760.6875
171044210210926.5625
179111027520823.625
181585624135522.875
170779171009601
166077493550676.0625
175444546417674.5625
173852929555367.0625
171912101684581.25
171752918981314.5625
182008909831088.8125
166302225262323.625
178668294029899.4375
180054082537016.125
179994839814803.625
172461104344781.4375
174292812281336.125
176976253756909.25
175728463695293.3125
182186233089828.4375
175611278607338.0625
172413642725541.25
174831091472068.75
179238497276886.1875
173526951152631.9375
177881074794326.25
180512419929646.8125
177637621599213.875
175124322646012.9375
178134773400312.9375
177300024599530.375
173134916401851.5625
176187998407982.9375
176616947562643.25
170931949723506.875
174656730165955.375
170624145660671.25
170458908377073.3125
170880512380776.4375
174543755485939.625
174406793423676.5
175765195736873.125
178130088048956.1875
179350218753794.3125
174030283319225.4375
173294670943087
173105501569351.3125
184509045815630.3125
173718406308642.9375
171402163135539.8125
180027713101500.875
166916397843237.875
173354422936841.9375
180465032590886.875
178157148577289.9375
174311343485463.5
175713957088338.6875
173197261933849.6875
181427541334478.4375
169238242317480.4375
