83486956
77931281
81532414
84363924
84231625
85834255
77619398
84730721
91036037
106730754
85686994
99541937
87468963
98001089
105435586
81341327
76585907
84543458
76477993
97916330
88206343
89884028
93733559
97819667
79646079
95733852
91872955
90959511
107233202
104439952
89247192
110614007
85235300
83779132
85432012
93724732
76328667
74345462
81546182
82657550
93166675
85434931
97423802
86841657
76347350
78791657
87529965
87941845
79116509
82886146
96886794
82589662
99269348
76212603
97552165
81920816
84258087
86231186
84211649
80558263
84961659
100692222
97686097
79071674
82768793
83659903
74173702
84388036
97781850
92816333
98191242
76324736
77220093
86814299
88159454
78950187
76415634
104514114
81698336
84368072
91558894
85535547
79392046
109317801
82471962
83525066
92760753
84091023
82784134
85172347
76680531
89890214
95010604
81377329
82762638
83138747
78351518
100160773
80403590
82735090
79875511
88842548
81677772
82635503
74560461
95480166
87634749
79084692
92992225
79898514
92915086
87840391
88133899
77041269
87284149
73397688
78705914
94699376
92929658
85677774
85086601
85772991
76568404
101057972
80045268
90997570
89396037
94949314
75608649
93121569
87477074
89814090
77008518
105657490
99331735
85209680
88041480
82205897
67632475
80998803
91692245
90041382
103921983
89348696
88989803
93914296
84706357
80908591
78516063
88986040
89850856
