84.0472595691680908203125
85.1666271686553955078125
84.1360666751861572265625
85.7554070949554443359375
87.6897735595703125
83.737573146820068359375
83.2303249835968017578125
82.5362665653228759765625
84.5416877269744873046875
83.5196168422698974609375
82.8288352489471435546875
84.8580739498138427734375
85.1605460643768310546875
84.344095706939697265625
85.001499652862548828125
85.5310366153717041015625
83.6281588077545166015625
84.0010845661163330078125
83.503668308258056640625
84.35921573638916015625
83.9424264430999755859375
81.8936183452606201171875
84.3120477199554443359375
86.1444149017333984375
83.9368190765380859375
84.2435810565948486328125
87.122894287109375
88.0826556682586669921875
88.0832178592681884765625
84.62580204010009765625
84.5827662944793701171875
87.0273151397705078125
83.5515992641448974609375
83.649475574493408203125
84.2568671703338623046875
85.3009235858917236328125
85.801341533660888671875
86.96236419677734375
82.6272361278533935546875
83.96503162384033203125
85.16767978668212890625
84.0409548282623291015625
83.6624667644500732421875
85.0530579090118408203125
85.3474140167236328125
83.50412273406982421875
88.7556393146514892578125
83.229339122772216796875
82.4058816432952880859375
82.5822980403900146484375
85.98231601715087890625
81.9349772930145263671875
82.0429508686065673828125
83.2764914035797119140625
81.850322723388671875
84.5511176586151123046875
82.570724010467529296875
82.9557607173919677734375
82.4248027801513671875
84.2937519550323486328125
84.436084270477294921875
83.832384586334228515625
84.7342307567596435546875
84.732524394989013671875
82.85525417327880859375
83.47787952423095703125
82.996784210205078125
85.0976073741912841796875
84.6712577342987060546875
84.2095239162445068359375
86.5227239131927490234375
86.381285190582275390625
85.0102596282958984375
87.15911102294921875
84.918074131011962890625
84.9351451396942138671875
84.596198558807373046875
84.507086277008056640625
84.0190474987030029296875
83.9577200412750244140625
83.8020360469818115234375
84.01613330841064453125
83.3729832172393798828125
85.0799465179443359375
664.3581826686859130859375
84.765097141265869140625
84.4592044353485107421875
83.1239955425262451171875
83.8204739093780517578125
83.7168090343475341796875
84.460842132568359375
82.20482540130615234375
81.2977898120880126953125
83.7223300933837890625
84.5959298610687255859375
84.56969928741455078125
85.5440089702606201171875
85.41846466064453125
86.2388322353363037109375
86.7179343700408935546875
84.308340549468994140625
84.5073144435882568359375
82.5511100292205810546875
82.827899456024169921875
86.5682485103607177734375
85.6480357646942138671875
84.5978710651397705078125
81.3694283962249755859375
84.651479244232177734375
83.74626445770263671875
84.0795009136199951171875
83.884485721588134765625
85.5907180309295654296875
86.3867626190185546875
83.6547756195068359375
83.8500149250030517578125
82.4799029827117919921875
82.96930599212646484375
84.0154016017913818359375
82.16164684295654296875
82.4650189876556396484375
86.61487865447998046875
84.7067165374755859375
85.1413516998291015625
85.6065328121185302734375
84.25466823577880859375
84.8359143733978271484375
85.0659573078155517578125
81.9248869419097900390625
86.9733066558837890625
84.3906099796295166015625
84.68796539306640625
83.903675079345703125
84.687694549560546875
85.0590274333953857421875
84.7997810840606689453125
85.0045659542083740234375
82.93446254730224609375
82.938321590423583984375
86.0664131641387939453125
87.35384654998779296875
90.986454010009765625
84.9053833484649658203125
85.4036490917205810546875
84.89331150054931640625
84.43731021881103515625
83.8099534511566162109375
85.0435268878936767578125
84.6373574733734130859375
85.4098660945892333984375
84.2142636775970458984375
