0.342726519887871450276151108482736162841320037841796875
0.30674271477808956465338496855110861361026763916015625
0.266064209611613422534759365589707158505916595458984375
0.30182820790283571010803598255733959376811981201171875
0.2969767715965454524251754264696501195430755615234375
0.339869812457401165861625713660032488405704498291015625
0.336909582635537441230866306796087883412837982177734375
0.2717348584344865258799472940154373645782470703125
0.2827535333711923559718570686527527868747711181640625
0.276853037814825675422270023773307912051677703857421875
0.370929370324872997866094692653859965503215789794921875
0.250612360237699560716606583810062147676944732666015625
0.3435946688958579908756973964045755565166473388671875
0.351385086352887954230794775867252610623836517333984375
0.292648897738739199869684171062544919550418853759765625
0.2870452115718007402023204122087918221950531005859375
0.3106170585679703943782214992097578942775726318359375
0.2416636382429719898112807641155086457729339599609375
0.285255460438068764172925284583470784127712249755859375
0.3644225796453437471456027196836657822132110595703125
0.3259714846815413569203201404889114201068878173828125
0.264549048167186107161086283667827956378459930419921875
0.25375533919251413994544464003411121666431427001953125
0.341671456916216254029450283269397914409637451171875
0.3171604660562206134954976732842624187469482421875
0.343769258145503631141082223621197044849395751953125
0.366314205954970495415778941605822183191776275634765625
0.327010336134572254795926937731564976274967193603515625
0.30971543724183636658864315904793329536914825439453125
0.366858534290999183102854885873966850340366363525390625
0.3108061644428661285388670876272954046726226806640625
0.303168987504399523036369146211654879152774810791015625
0.300757289535532656987726340958033688366413116455078125
0.314044294817387215079662610150990076363086700439453125
0.304853880497535645321960373621550388634204864501953125
0.360100490686211249791170985190547071397304534912109375
0.3077384656469626111885418140445835888385772705078125
0.281300271585263217399841551014105789363384246826171875
0.372345084027245143420969952785526402294635772705078125
0.278282796828907164066180257577798329293727874755859375
0.3177723246033037352020755861303769052028656005859375
0.35897126594684303224624954964383505284786224365234375
0.293597530097748860011819260762422345578670501708984375
0.384315294015442621144984514103271067142486572265625
0.32242577177705589175360501030809246003627777099609375
0.365298604438188068144199860398657619953155517578125
0.330216254035562872815035007079131901264190673828125
0.35016704305390022877730871186940930783748626708984375
0.325619906524371727218891692245961166918277740478515625
0.3622011298634817411112862828304059803485870361328125
0.300258659226625923555076269622077234089374542236328125
0.19285712640729102407277650854666717350482940673828125
0.306179518175794529444289082675823010504245758056640625
0.312769062543253595354286744623095728456974029541015625
0.370206412802894291314004249215940944850444793701171875
0.259032227820327032308256320902728475630283355712890625
0.319486946049058972985079662976204417645931243896484375
0.26533337177583093957622395464568398892879486083984375
0.325920963560509757694916288528474979102611541748046875
0.269628558993301903345951586743467487394809722900390625
0.301991731203320956655744566887733526527881622314453125
0.31723802446769067131526753655634820461273193359375
0.323919794437181940427450399511144496500492095947265625
0.337422406715517320119346322826459072530269622802734375
0.317984294617182416953227175326901488006114959716796875
0.27045403441994009252624664441100321710109710693359375
0.2957552586972382879793030951987020671367645263671875
0.293927748847940317755700334600987844169139862060546875
0.3619235173223438462031253948225639760494232177734375
0.344123067428895146324663301129476167261600494384765625
0.297564649487837951102875422293436713516712188720703125
0.356327777143603363629864588801865465939044952392578125
0.328456864238295398461531249267864041030406951904296875
0.32975499843256184107076478539966046810150146484375
0.297064521423603900007748279676889069378376007080078125
0.38708793127116203347526379729970358312129974365234375
0.348591168755380487187522930980776436626911163330078125
0.327037474250968018818497284883051179349422454833984375
0.316242650746309639231412802473641932010650634765625
0.3147601452063188975927232604590244591236114501953125
0.283591471659578875375018469640053808689117431640625
0.381686547402919351679173587399418465793132781982421875
0.337983510753211591204347996608703397214412689208984375
0.28436967756920072947224298332002945244312286376953125
0.285936214707729507988887007741141133010387420654296875
0.2950676875955500211290427614585496485233306884765625
0.30413565924857544064963121854816563427448272705078125
0.317615930860542350355757434954284690320491790771484375
0.290176916742700463647253172894124872982501983642578125
0.286497550682121460141615898464806377887725830078125
0.356262829407072156850944111283752135932445526123046875
0.353631763274067589808424827424460090696811676025390625
0.2491864431063680329625498188761412166059017181396484375
0.2982833921280299005474034856888465583324432373046875
0.303665155573277278922006416905787773430347442626953125
0.3475822899359395368179548313491977751255035400390625
0.270575111439718407613241879516863264143466949462890625
0.25725259646071563235381063350359909236431121826171875
0.3482061178148414537503185783862136304378509521484375
0.38396282831838135507496190257370471954345703125
0.30865531295963888336331137907109223306179046630859375
0.256332767087564639130192745142267085611820220947265625
0.350932968872411599203786636280710808932781219482421875
0.337387129951508379921421010294579900801181793212890625
0.263123875341874813305054203738109208643436431884765625
0.3708609295478406675528049163403920829296112060546875
0.172706397028913105629044366651214659214019775390625
0.324555686056545000806039524832158349454402923583984375
0.312531184352143498461629178564180620014667510986328125
0.355508366354636951012224699297803454101085662841796875
0.323904894798939191336017984212958253920078277587890625
0.3224459914992710007908272018539719283580780029296875
0.31020312958355500398965887143276631832122802734375
0.295669250000495598129646168672479689121246337890625
0.283655543880818206137206516359583474695682525634765625
0.260075959655342858756199575509526766836643218994140625
0.305251791943000949647313291279715485870838165283203125
0.309245167022494660269416044684476219117641448974609375
0.30269743489193867702624629600904881954193115234375
0.30396230199384588477329316447139717638492584228515625
0.31885474510285438665135870905942283570766448974609375
0.294100427018870236306469223563908599317073822021484375
0.264138466810333205625482833056594245135784149169921875
0.3163071725859503136035755233024246990680694580078125
0.27769532172952893223083492557634599506855010986328125
0.29409295234095644833161031783674843609333038330078125
0.337805600340445766338604016709723509848117828369140625
0.32785024096060866316548754184623248875141143798828125
0.355250731536467856397365494558471255004405975341796875
0.333283263886040626022833066599559970200061798095703125
0.259636715932601791489986453598248772323131561279296875
0.3681923774667026361129273936967365443706512451171875
0.332311671299313104999129109273781068623065948486328125
0.335586145122356571679489434245624579489231109619140625
0.3083115628878021485803628820576705038547515869140625
0.38546040580696738775401399834663607180118560791015625
0.32917607381532032473359095092746429145336151123046875
0.314911067654231657808594491143594495952129364013671875
0.166027402256176903616591289392090402543544769287109375
0.340163536395298449210855551427812315523624420166015625
0.197014547935217276819486187378061003983020782470703125
0.2946417242322585394731504493393003940582275390625
0.370219780908219997517250021701329387724399566650390625
0.332947369274604720867927198924007825553417205810546875
0.311761570852606084702784983164747245609760284423828125
0.289481533221387421495052194586605764925479888916015625
0.346172152779798569799396545931813307106494903564453125
0.31895804417955375686943852997501380741596221923828125
0.35256870319437749738966658696881495416164398193359375
0.2637422107603806242792643388384021818637847900390625
0.30166351834071758464261847620946355164051055908203125
