103389288
114565201
118486418
110097304
99169974
114309153
115002826
110969698
108427210
82036819
114421937
108648715
99504632
96230621
121797630
128954184
115793658
105767543
108194258
87863638
122820508
130891403
139281078
117978711
109389957
110487131
118046402
79390584
103581165
101690261
125246637
75278064
111046868
116292690
118879865
102914131
118952051
124541629
106811779
116235780
104749203
136324214
99824062
110466539
111833968
124351256
116654667
114715883
104551639
70009787
123955238
122193717
111463783
110116655
81249188
104903352
123546053
122229249
116464413
123740906
114704477
109930334
140811690
103511661
112143752
127674161
113469179
121310477
80273681
129241013
123646035
120647503
103659591
111991087
129332352
99541350
110102366
107566883
103845692
121602320
122940310
116707494
120900412
138729716
126536102
114755847
115165754
110854233
124840987
89405419
102426023
95802100
132442849
124201402
102839960
120029532
123478386
86558494
124088869
121671755
99139734
92157929
118082196
123179193
119786482
90661661
105486306
123568227
138239451
112534841
120245215
118054983
106908588
131252641
135817644
114184109
113696515
142117809
117723081
126243126
120588797
93882715
118586480
121565740
111100918
117201277
110687036
105669630
130799918
83020945
124902324
110866517
100599456
88105046
127454636
110283308
111248505
93742058
109355394
115079486
137457666
103208997
89669966
104077834
78131307
115459251
121044636
117067537
119819852
119058006
124695852
