0.392494600401233351139040905763977207243442535400390625
0.38139354667090030748255458092899061739444732666015625
0.2449553584397963501562145438583684153854846954345703125
0.380527190976471085814836214922252111136913299560546875
0.2463325843046687835258268250981927849352359771728515625
0.40176727911892096134494067882769741117954254150390625
0.417181388189804158717066684403107501566410064697265625
0.3160583304612154531554324421449564397335052490234375
0.2465222151834652042357021173302200622856616973876953125
0.3227629210921387770127921612584032118320465087890625
0.371689847152653685125045512904762290418148040771484375
0.319682168992864779166751532102352939546108245849609375
0.422388736599268843630028413826948963105678558349609375
0.381621814538495252033811766523285768926143646240234375
0.328678129137632557554837831048644147813320159912109375
0.31863949070646790939775883089168928563594818115234375
0.427756949347469273003952139333705417811870574951171875
0.283392891583634065622021580566070042550563812255859375
0.325676606766034215656446804132428951561450958251953125
0.3976336210264086457044641065294854342937469482421875
0.473378020830087564707611136327614076435565948486328125
0.3148155282823186240648283273912966251373291015625
0.38104193162152288909538810912636108696460723876953125
0.40734560195436808616165080820792354643344879150390625
0.3804368313084618424824157045804895460605621337890625
0.45849103403923197053160265568294562399387359619140625
0.48179204259153374234614375382079742848873138427734375
0.388482393703108608296048487318330444395542144775390625
0.34944252020848931561403105661156587302684783935546875
0.396022156685260473540921566382166929543018341064453125
0.383553200434761543125006255650077946484088897705078125
0.3883733617042228747351373385754413902759552001953125
0.26447554570129916395870850465144030749797821044921875
0.322275642461948397254900555708445608615875244140625
0.390928611904262368614837441782583482563495635986328125
0.427867956066183274810299508317257277667522430419921875
0.330587061062372400410680484128533862531185150146484375
0.24989770191848414970792191525106318295001983642578125
0.40856717808877618391960595545242540538311004638671875
0.30713804951326795222854570965864695608615875244140625
0.351590804386468835929235865478403866291046142578125
0.392126370307579463769798167049884796142578125
0.268506732614192278330023100352264009416103363037109375
0.37790862173156691827813347117626108229160308837890625
0.3725871986571276384125894765020348131656646728515625
0.46369738401502191837977306931861676275730133056640625
0.440903208623504905272483256339910440146923065185546875
0.377287149601648386099128629211918450891971588134765625
0.45738877198357064113309888853109441697597503662109375
0.430873091002493324719324618854443542659282684326171875
0.351747258940859064413331225296133197844028472900390625
0.170534685128359508876627614881726913154125213623046875
0.454979070852485012466104308259673416614532470703125
0.29528636368078753360322252774494700133800506591796875
0.436308164959332167587291451127384789288043975830078125
0.34667405988500210600733453247812576591968536376953125
0.36274259166246347607653888189815916121006011962890625
0.318584842259784284390633501971024088561534881591796875
0.3912461722483495663027497357688844203948974609375
0.428965878184045745769026325433515012264251708984375
0.34818268686140907419712675618939101696014404296875
0.365667821979873630677815299350186251103878021240234375
0.348904077518580713057616549122030846774578094482421875
0.469324184888809947668875111048691906034946441650390625
0.37493456540531433507368319624220021069049835205078125
0.392865928793351637526853892268263734877109527587890625
0.371298443685571910588549826570670120418071746826171875
0.4133218539287402126802817292627878487110137939453125
0.4369511077749195226971323791076429188251495361328125
0.37260122509357473941093985558836720883846282958984375
0.306813650963967343709981605570646934211254119873046875
0.4464631281964539510909162345342338085174560546875
0.402069346495201151991949473085696808993816375732421875
0.35233966811725314638437112080282531678676605224609375
0.397032982280856427959037091568461619317531585693359375
0.5154535090121179496946979270433075726032257080078125
0.406325388804869735981384337719646282494068145751953125
0.398675942710916830780121244970359839498996734619140625
0.3361425608100290229884876680443994700908660888671875
0.40089565899900059253724293739651329815387725830078125
0.30888930114748458510831596868229098618030548095703125
0.488134258579970670144376754251425154507160186767578125
0.43474010765337023354248913165065459907054901123046875
0.33971632800751005998307618938270024955272674560546875
0.314795952071137585814852855037315748631954193115234375
0.3472770883011795373107588602579198777675628662109375
0.358947187819880664250149493454955518245697021484375
0.355580700798572679754983028033166192471981048583984375
0.38110427650252198805702619210933335125446319580078125
0.3678607378956246787282680088537745177745819091796875
0.436915896644239187818214986691600643098354339599609375
0.375788063333282906786081412064959295094013214111328125
0.26228868475910871449485739503870718181133270263671875
0.32596092921402297637456513257347978651523590087890625
0.419989520147091954793694412728655152022838592529296875
0.44298296168274031714418015326373279094696044921875
0.2674811091502167226252595355617813766002655029296875
0.252547276349770644099379524050164036452770233154296875
0.347883580892208055246328513021580874919891357421875
0.438076795505474070324680724297650158405303955078125
0.3758959491945457198625035744043998420238494873046875
0.327303574199133973099407057816279120743274688720703125
0.378072904097035367154688856317079626023769378662109375
0.40415308727228482776894225025898776948451995849609375
0.3339010603335872406915996180032379925251007080078125
0.432639598360587906977769989680382423102855682373046875
0.134737565303090944812680618269951082766056060791015625
0.387589273958782509765796930878423154354095458984375
0.358019013326780655148695586831308901309967041015625
0.388869861259334259617759244065382517874240875244140625
0.365848566856466772545530830029747448861598968505859375
0.429570872774222622947348781963228248059749603271484375
0.356387923968762898585538323459331877529621124267578125
0.349261930496067740659071887421305291354656219482421875
0.30627190276943438984602607888518832623958587646484375
0.261064405557274004099355124708381481468677520751953125
0.394207858978757930135117248937604017555713653564453125
0.409628026591299210235064265361870639026165008544921875
0.415806998092676460831995655098580755293369293212890625
0.443459824008618053170494022197090089321136474609375
0.418958060510686014499270868327585048973560333251953125
0.3723185302095561866053685662336647510528564453125
0.304985434656936893471623761797673068940639495849609375
0.383615158876414896749196259406744502484798431396484375
0.372070697069918576715963354217819869518280029296875
0.3199699692460600264354297905811108648777008056640625
0.367450416719958317113281509591615758836269378662109375
0.394098467003558494692327940356335602700710296630859375
0.375329644916832572132392442654236219823360443115234375
0.41942570487818608970798095469945110380649566650390625
0.357200974622624400911519160217721946537494659423828125
0.429517321641123606124068601275212131440639495849609375
0.383483551406122835647494184740935452282428741455078125
0.3769201768356784665314762605703435838222503662109375
0.363182586016833786057844690731144510209560394287109375
0.44236477402502594191702200987492688000202178955078125
0.311880244342798318424314629737637005746364593505859375
0.37374234214201418335932203262927941977977752685546875
0.1717651871919947670352968316365149803459644317626953125
0.404142728022140129695571886259131133556365966796875
0.253147630375648358125317827216349542140960693359375
0.351617564535985194229539274601847864687442779541015625
0.4507414879398081719585889004520140588283538818359375
0.333194245529693844343199771174113266170024871826171875
0.359740391402247283725301940648932941257953643798828125
0.421561540653471233941473883533035404980182647705078125
0.42288047370927639434512457228265702724456787109375
0.4746349125620803466318875507568009197711944580078125
0.45553698012144916429377872191253118216991424560546875
0.272210706396728785438909881122526712715625762939453125
0.38811218703653682648990752568352036178112030029296875
