0.143313825130462590973223768742172978818416595458984375
0.192012488842010498046875
0.194673180580139104645098768742172978818416595458984375
0.1475636959075926901707731531132594682276248931884765625
0.16887748241424560546875
0.208309948444366399566973768742172978818416595458984375
0.147580683231353704254473768742172978818416595458984375
0.186042785644531194488848768742172978818416595458984375
0.1829253435134886862645231531132594682276248931884765625
0.1806940436363219937287993843710864894092082977294921875
0.1291413903236388882600493843710864894092082977294921875
0.1325302720069884976350493843710864894092082977294921875
0.19069468975067138671875
0.1482698917388916015625
0.182345271110534612457598768742172978818416595458984375
0.1390265226364134909520231531132594682276248931884765625
0.158193171024322509765625
0.1702821850776672085725493843710864894092082977294921875
0.140035450458526611328125
0.1616759896278381070100493843710864894092082977294921875
0.155013144016265813629473768742172978818416595458984375
0.159534275531768798828125
0.156325161457061712066973768742172978818416595458984375
0.141933143138885498046875
0.16747486591339111328125
0.15436589717864990234375
0.2085487246513365866551481531132594682276248931884765625
0.1842002868652342917332731531132594682276248931884765625
0.1573030948638916015625
0.21059525012969970703125
0.1544681787490843893895231531132594682276248931884765625
0.184877932071685791015625
0.1597149968147276999363981531132594682276248931884765625
0.159036636352539006988848768742172978818416595458984375
0.169027507305145208160723768742172978818416595458984375
0.151794552803039495270098768742172978818416595458984375
0.1898958086967467984162993843710864894092082977294921875
0.268158733844757080078125
0.177617847919464111328125
0.1586030721664427878270231531132594682276248931884765625
0.152079880237579290191973768742172978818416595458984375
0.1659686565399169921875
0.136684238910674993316973768742172978818416595458984375
0.171458423137664794921875
0.1620063781738280972444243843710864894092082977294921875
0.154093742370605413238848768742172978818416595458984375
0.1975814104080199917756743843710864894092082977294921875
0.1661822199821471890412993843710864894092082977294921875
0.1657493710517883023225493843710864894092082977294921875
0.1632273197174071988069243843710864894092082977294921875
0.1581553220748901089631743843710864894092082977294921875
0.13510906696319580078125
0.1544228792190550925145231531132594682276248931884765625
0.1622175574302673062287993843710864894092082977294921875
0.148524463176727294921875
0.1401901841163634976350493843710864894092082977294921875
0.170331299304962102691973768742172978818416595458984375
0.17029702663421630859375
0.1660747528076171875
0.1533921957015990933381743843710864894092082977294921875
0.151133716106414794921875
0.1855520009994506003270231531132594682276248931884765625
0.168099164962768499176348768742172978818416595458984375
0.148448169231414794921875
0.1842159032821654995881743843710864894092082977294921875
0.132874131202697698395098768742172978818416595458984375
0.1650221347808837890625
0.1670336723327635886082731531132594682276248931884765625
0.1921915411949156882176481531132594682276248931884765625
0.180550098419189397613848768742172978818416595458984375
0.2019517421722412109375
0.1616030931472778042756743843710864894092082977294921875
0.1552474498748779019319243843710864894092082977294921875
0.1634850502014159878694243843710864894092082977294921875
0.169598996639251708984375
0.1658326983451842984162993843710864894092082977294921875
0.1923454403877258023225493843710864894092082977294921875
0.1741373538970946988069243843710864894092082977294921875
0.1940498352050780972444243843710864894092082977294921875
0.135259211063385009765625
0.188357174396514892578125
0.187028288841247503082598768742172978818416595458984375
0.213122189044952392578125
0.152672767639160100738848768742172978818416595458984375
0.156781017780303899566973768742172978818416595458984375
0.154546320438385009765625
0.1855531334877013882600493843710864894092082977294921875
0.185765922069549505035723768742172978818416595458984375
0.1601564884185791015625
0.164525330066680908203125
0.1650290489196777066194243843710864894092082977294921875
0.151593387126922607421875
0.1859011650085448941194243843710864894092082977294921875
0.1727382540702818991551481531132594682276248931884765625
0.1558822989463805874787993843710864894092082977294921875
0.1624782085418700894319243843710864894092082977294921875
0.161503970623016301910723768742172978818416595458984375
0.1198577880859375
0.204545855522155706207598768742172978818416595458984375
0.163229942321777288238848768742172978818416595458984375
0.208260774612426702301348768742172978818416595458984375
0.142612636089324895660723768742172978818416595458984375
0.170911252498626708984375
0.1746323108673094870457731531132594682276248931884765625
0.181340754032135009765625
0.135888099670410100738848768742172978818416595458984375
0.1632494926452635886082731531132594682276248931884765625
0.1644214987754820944676481531132594682276248931884765625
0.164946615695953313629473768742172978818416595458984375
0.1712111830711363913426481531132594682276248931884765625
0.1537033915519714077912993843710864894092082977294921875
0.139540016651153508941973768742172978818416595458984375
0.1552932262420654019319243843710864894092082977294921875
0.213006019592285100738848768742172978818416595458984375
0.151308894157409612457598768742172978818416595458984375
0.19252955913543701171875
0.11372631788253780016351157655662973411381244659423828125
0.1873944401741026999363981531132594682276248931884765625
0.1438751220703125
0.160543024539947509765625
0.139475107192993108551348768742172978818416595458984375
0.18999373912811279296875
0.170912563800811712066973768742172978818416595458984375
0.1747941970825195034944243843710864894092082977294921875
0.1646076440811156949006743843710864894092082977294921875
0.175291597843170110504473768742172978818416595458984375
0.1655308008193968893895231531132594682276248931884765625
0.1727541089057922085725493843710864894092082977294921875
0.205665588378906194488848768742172978818416595458984375
0.1481326222419737936863981531132594682276248931884765625
0.1635654568672179898225493843710864894092082977294921875
0.148997962474822998046875
0.1660006642341612936863981531132594682276248931884765625
0.175212800502777099609375
0.165627241134643499176348768742172978818416595458984375
0.174641549587249700348223768742172978818416595458984375
0.1478105783462524136506743843710864894092082977294921875
0.146184623241424505035723768742172978818416595458984375
0.201196670532226506988848768742172978818416595458984375
0.1870418190956114889988981531132594682276248931884765625
0.1774475574493407925569243843710864894092082977294921875
0.1681938171386717917332731531132594682276248931884765625
0.1505475044250488003694243843710864894092082977294921875
0.163630187511444091796875
0.17180836200714111328125
0.1800645589828490933381743843710864894092082977294921875
0.169742286205291692535723768742172978818416595458984375
0.15239512920379638671875
0.1776588559150694968113981531132594682276248931884765625
0.1856271028518675925145231531132594682276248931884765625
0.16338503360748291015625
