1.5870077610015869140625
1.569004058837890625
1.5904800891876220703125
1.667709827423095703125
1.6506736278533935546875
1.6787800788879396751696049250313080847263336181640625
1.6608445644378662109375
1.6710054874420166015625
1.5695159435272216796875
1.5749485492706301048571049250313080847263336181640625
1.6923909187316896751696049250313080847263336181640625
1.6883943080902099609375
1.7099196910858154296875
1.6729986667633056640625
1.7028505802154541015625
1.6734349727630615234375
1.5993583202362060546875
1.6112558841705322265625
1.6620423793792724609375
1.6281158924102783203125
1.6494274139404296875
1.641993999481201171875
1.6517512798309326171875
1.6417655944824220970446049250313080847263336181640625
1.5573577880859375
1.5593130588531494140625
1.666293621063232421875
1.6558110713958740234375
1.6406838893890380859375
1.648589611053466796875
1.663118839263916015625
1.637273311614990234375
1.5868828296661376953125
1.604015827178955078125
1.6740653514862060546875
1.7088291645050048828125
1.674438953399658203125
1.6670582294464111328125
1.66030406951904296875
1.65663909912109375
1.5817277431488037109375
1.5849361419677734375
1.6677219867706301048571049250313080847263336181640625
1.668529510498046875
1.6584670543670654296875
1.6617522239685060814196049250313080847263336181640625
1.6593787670135498046875
1.656856060028076171875
1.6216046810150146484375
1.5704538822174072265625
1.7193548679351808861071049250313080847263336181640625
1.728110790252685546875
1.717741489410400390625
1.7219939231872560814196049250313080847263336181640625
1.71985912322998046875
1.708385944366455078125
1.616987705230712890625
1.5992877483367919921875
1.6224787235260009765625
1.62633609771728515625
1.6348693370819091796875
1.6237003803253173828125
1.6249332427978515625
1.6310236454010009765625
1.6470584869384765625
1.6490962505340576171875
1.6791365146636962890625
1.6782290935516355201428950749686919152736663818359375
1.6562359333038330078125
1.6850559711456301048571049250313080847263336181640625
1.6345450878143310546875
1.6549775600433349609375
1.5772554874420166015625
1.5678398609161376953125
1.6570949554443359375
1.6527149677276611328125
1.6615474224090576171875
1.6581413745880126953125
1.6457712650299072265625
1.64123821258544921875
1.5816071033477783203125
1.580521106719970703125
1.7018878459930419921875
1.7111306190490724876696049250313080847263336181640625
1.692359447479248046875
1.696632862091064453125
1.7013375759124755859375
1.6892969608306884765625
1.5616965293884275123303950749686919152736663818359375
1.5643947124481198951428950749686919152736663818359375
1.69127559661865234375
1.6797029972076416015625
1.68922138214111328125
1.6847004890441896751696049250313080847263336181640625
1.6832425594329833984375
1.601985454559326171875
1.6245467662811279296875
1.671031951904296875
1.690248966217041015625
1.6350457668304443359375
1.6394817829132080078125
1.64218425750732421875
1.562943935394287109375
1.539509296417236328125
1.66635799407958984375
1.6814517974853515625
1.662837982177734375
1.6651952266693115234375
1.6600186824798583984375
1.6103944778442385032946049250313080847263336181640625
1.6324994564056396484375
1.6940982341766355201428950749686919152736663818359375
1.71072864532470703125
1.6968238353729248046875
1.697414875030517578125
1.709290981292724609375
1.5829885005950927734375
1.5842869281768801048571049250313080847263336181640625
1.6986048221588136986071049250313080847263336181640625
1.7089715003967282935803950749686919152736663818359375
1.6903488636016845703125
1.7017323970794677734375
1.7120888233184814453125
1.6097977161407470703125
1.6077873706817626953125
1.6903097629547119140625
1.6545164585113523170178950749686919152736663818359375
1.6559360027313232421875
1.6609375476837158203125
1.6601140499114990234375
1.5810699462890625
1.58820343017578125
1.7083094120025636986071049250313080847263336181640625
1.7065875530242919921875
1.7115192413330078125
1.7199738025665283203125
1.7233703136444091796875
1.595046520233154296875
1.5978233814239501953125
1.6632747650146484375
1.6768898963928224876696049250313080847263336181640625
1.6720812320709228515625
1.6748487949371337890625
1.683805942535400390625
1.5617008209228515625
1.559258937835693359375
1.7216637134552001953125
1.675005435943603515625
1.697629451751708984375
1.7069475650787353515625
1.692520618438720703125
