126714142203457284
125647621141494254
142876951624556326
143474759889056090
121363549724192510
149283149283699866
137339400937157242
161556857318046918
115844174515236809
138178951480425142
112611778205271253
176637879394300207
202463853074269919
167396384497392193
121726679035475484
116438339150503907
126873177204032827
173183910918567298
162262934000821332
144790162546351634
156717925880832055
151618390965120485
152399267154073776
129920293104135655
123433881694429715
121463774384976309
114826011168364601
146302193584118054
151337162111442985
106200094951955611
170898466671831225
125651480661912983
116335663652327493
118671060993725221
135701209110919856
153800117012592277
136502467607129086
141725867451063292
130492520431722721
169207073070997452
151320801170387029
153742189846311322
134619093244279505
103166919491085054
141831067908541967
121973070518418860
126082852393958050
128274730743138938
126845383893301448
126563532162737133
162690884150921392
161171557468873098
143216207232035633
112819736112899594
151787820581787070
158563779476718300
127872087996452169
181227371813745959
135306728136663320
181067386163166051
154061951109257856
157012174379990312
127225595378819056
163376561521433430
145594888930444208
191855083221390389
123934566899585915
135525783796094875
144863012728611326
124378538273432965
163015593184944683
116443975176470346
131045038769937620
118014164160104521
135501041220954841
123319478689980735
115584064000194949
130670889646223295
123217889043818981
115877044744151586
187673553279541100
131917989550442432
138983715695597355
127698649006472993
153391220369776932
134255693367559970
197831206689673396
117786650341544739
187961047247454069
145168127940528128
135048708356008595
151384515292277856
139271842908852846
157326651104297022
147812076372593977
139051804611396665
198317810377454184
128367270722781057
156962859536798967
106391982767200982
142205658104147838
188436908156354919
139571086419283642
118031358991540983
131834028787442145
138897415832718545
149834086277480882
145558923178621806
161186806864966428
142486391528059242
133465289740193199
121345340572813126
165965798764357386
147739673161681179
127295550368676071
136312071715110630
127979384379778367
143040901884665241
136140007556540939
140040371875667942
130815073813335441
143495732377517037
149441444356902564
149997623052355587
140934658915815246
187510112313967297
139882596111353287
127103137552811803
146412464192450514
145920690314059995
157255208604557400
129198299285596009
129821764854551794
138492033505519330
145501042023518362
136195909464390752
134214803011356442
156824888636277614
138761295146295848
157376823091618759
195284821394731995
144432771108355269
127434753623115334
124442774700256002
142027800392178070
152544984752182680
131652397012775459
137112940746253604
129176532663600726
185382054998228572
182743892048404449
