0.31181455
0.40537813
0.39372227
0.3666363
0.46500358
0.2928254
0.3755515
0.23756664
0.43576267
0.25618082
0.83435947
0.44589385
0.41708624
0.8637978
0.32501653
0.6010802
0.4549188
0.37535322
0.2596589
0.46496466
0.4768887
0.5005983
0.28274864
0.6179236
0.32690483
0.5360886
0.21404023
0.24876103
0.2746208
0.57759416
0.49062774
0.36616564
0.28993654
0.31610602
0.18846929
0.53252
0.5935106
0.572135
0.24695426
0.19821511
0.29354855
0.3568746
0.43025178
0.14680396
0.25545016
0.47119883
0.17567258
0.29771
0.26531672
0.16376477
0.387611
0.2859667
0.53292507
0.2729972
0.66232425
0.30071563
0.37284034
0.28132352
0.5801174
0.33036172
0.390693
0.41359508
0.37618494
0.3038328
0.25106272
0.2352509
0.19391334
0.3918352
1.0344478
0.38846564
0.24580245
0.39037314
0.27188972
0.2038402
0.38161114
0.45229453
0.60423017
0.29952568
0.4844287
0.3755364
1.0302579
0.54930115
0.31328937
0.24945094
0.46486774
0.26203302
0.37666008
0.68285084
0.21762839
0.2795661
0.17988884
0.25570446
0.43212032
0.37492305
0.43368453
0.5181556
0.3630532
0.7584313
0.29317027
0.6799894
0.22255027
0.41554672
0.41733268
0.31734735
0.7793477
0.51541847
0.22064531
0.22314245
0.28909156
0.2691585
0.35866454
0.78513676
0.6389794
0.1889337
0.27211928
0.25024298
0.44194582
0.33956614
0.40269375
0.6153562
0.4692008
0.5715441
0.32122627
0.43290633
0.17584218
0.7635483
0.28108025
0.4029891
0.47225666
0.36090523
0.2773145
0.15252848
0.59245855
0.20560248
0.20730671
0.41905767
0.40147495
0.43988454
0.3618151
0.22060609
0.29478133
0.23584439
0.23534302
0.28177842
0.24035597
0.28990924
0.30600348
0.1585658
0.5152583
0.34629095
0.26698998
