-0.08921912722289561392674528406132594682276248931884765625
-0.11428850721567869463957123343789135105907917022705078125
-0.1086367670446634348113690293757827021181583404541015625
-0.0960458233952522222320880018742172978818416595458984375
-0.074984786100685596466064453125
-0.076126142404973506927490234375
-0.08397815041244029166112028406132594682276248931884765625
-0.106178410351276397705078125
-0.08326239213347434720002837593710864894092082977294921875
-0.1086919713765382711212481581242172978818416595458984375
-0.07787327691912650229344450281132594682276248931884765625
-0.091444379650056362152099609375
-0.0950551699846982900421465956242172978818416595458984375
-0.08847429044544696807861328125
-0.10328505970537661673436247156132594682276248931884765625
-0.142236727103590976373226340001565404236316680908203125
-0.10460779424756765088044829781210864894092082977294921875
-0.09555113147944212237394623343789135105907917022705078125
-0.09501712843775748928987212593710864894092082977294921875
-0.10519122146070003509521484375
-0.10647370032966137209928803031289135105907917022705078125
-0.09921788778156041821443267281210864894092082977294921875
-0.0983345774933695737640704237492172978818416595458984375
-0.1123154569417238179962481581242172978818416595458984375
-0.06834946032613516131437592093789135105907917022705078125
-0.1118851924315094892303790174992172978818416595458984375
-0.14187077656388280555432856999686919152736663818359375
-0.112841126509010791778564453125
-0.0901354175060987417023028456242172978818416595458984375
-0.10356081668287515917814545218789135105907917022705078125
-0.09741494543850422183073334281289135105907917022705078125
-0.10410569161176681796110443656289135105907917022705078125
-0.092208839021623134613037109375
-0.0912557175382971708099688612492172978818416595458984375
-0.11051045842468738833463959281289135105907917022705078125
-0.088969789445400238037109375
-0.0838249824941158239166583143742172978818416595458984375
-0.11385984793305396756135650093710864894092082977294921875
-0.0903855798766017015655194200007827021181583404541015625
-0.097722181119024753570556640625
-0.10301202349364757537841796875
-0.1431862000375986043732012831242172978818416595458984375
-0.08809209410101175030671782906210864894092082977294921875
-0.116851887665688991546630859375
-0.10805871076881885806120209281289135105907917022705078125
-0.11637581959366798123323150093710864894092082977294921875
-0.0873497495427727754790936387507827021181583404541015625
-0.09448877163231372833251953125
-0.0895814072340726796905840956242172978818416595458984375
-0.085915875621140003204345703125
-0.08766998890787362774812407906210864894092082977294921875
-0.09019583780318497778782926843632594682276248931884765625
-0.1064704820513725225250567518742172978818416595458984375
-0.097158799879252910614013671875
-0.08182239346206188201904296875
-0.07094669640064239779508881156289135105907917022705078125
-0.094977824948728084564208984375
-0.0904687117785215322296465956242172978818416595458984375
-0.10670998208224773129426665718710864894092082977294921875
-0.12337833195924759188688568656289135105907917022705078125
-0.10007663369178772250212006156289135105907917022705078125
-0.1127702375873923246185626112492172978818416595458984375
-0.11350982673466204764256559656132594682276248931884765625
-0.0993616530671715680878008924992172978818416595458984375
-0.11090531274676322659455962593710864894092082977294921875
-0.08186681680381298342741303031289135105907917022705078125
-0.08478514552116393765412993843710864894092082977294921875
-0.095192329026758670806884765625
-0.120829314179718483313052956873434595763683319091796875
-0.10344827771186827780613981531132594682276248931884765625
-0.10058862902224063873291015625
-0.101886770687997341156005859375
-0.10677728690207004269563384468710864894092082977294921875
-0.09580703806132077893220611031210864894092082977294921875
-0.0876912385225296076018963731257827021181583404541015625
-0.1046930044889450017731036268742172978818416595458984375
-0.10175026506185531893766693656289135105907917022705078125
-0.11054774690419434668431364343632594682276248931884765625
-0.0844265395775437299530352674992172978818416595458984375
-0.11410713121294975558317474906289135105907917022705078125
-0.10541709903627634326017670218789135105907917022705078125
-0.077492795884609222412109375
-0.10239665880799293795622162406289135105907917022705078125
-0.127000306546688090936214621251565404236316680908203125
-0.1057355660945177022735919081242172978818416595458984375
-0.102802583016455173492431640625
-0.0999772060662507955353106581242172978818416595458984375
-0.1145104948431253377716387831242172978818416595458984375
-0.1176248233765363748748455918757827021181583404541015625
-0.07944731060415506640470795218789135105907917022705078125
-0.09183406066149472912751861031210864894092082977294921875
-0.090219109319150447845458984375
-0.11638079229742288867033295218789135105907917022705078125
-0.1191649656742811147491778456242172978818416595458984375
-0.0994503410533070508758868299992172978818416595458984375
-0.09665778353810310086213775093710864894092082977294921875
-0.1053307909518480245392169081242172978818416595458984375
-0.09311852250248194018400482718789135105907917022705078125
-0.0902801038697362001617108262507827021181583404541015625
-0.096409986726939678192138671875
-0.09775333926081657132112212593710864894092082977294921875
-0.10329515673220157623291015625
-0.10403465963900089541471771781289135105907917022705078125
-0.12129501812160015106201171875
-0.1268672075122594666840569743726518936455249786376953125
-0.13586861453950405120849609375
-0.09588674902915954312287993843710864894092082977294921875
-0.109075911343097686767578125
-0.1009440053254365976531659043757827021181583404541015625
-0.1067929975688457489013671875
-0.09868631325662136077880859375
-0.10438587926328181387791715906132594682276248931884765625
-0.0982315527275204602997149549992172978818416595458984375
-0.08258936386555433550871185843789135105907917022705078125
-0.11217927746474742889404296875
-0.09747385960072278698884673531210864894092082977294921875
-0.1255170363932847921173419081242172978818416595458984375
-0.10910473186522721966706939156210864894092082977294921875
-0.10680383425205945691072173531210864894092082977294921875
-0.101517220027744770050048828125
-0.120618561469018448217838113123434595763683319091796875
-0.10336656011641025265657134468710864894092082977294921875
-0.09846343025565147677458099906289135105907917022705078125
-0.1104350857436657007415448106257827021181583404541015625
-0.104642160236835479736328125
-0.09568329788744449337922759468710864894092082977294921875
-0.0973986802622675840179766737492172978818416595458984375
-0.0986243082210421506683672987492172978818416595458984375
-0.07314413711428642550504974906289135105907917022705078125
-0.1196521880105137769501055799992172978818416595458984375
-0.10670066829770803729093842093789135105907917022705078125
-0.0780772889032959882538165174992172978818416595458984375
-0.0938458783552050535003985487492172978818416595458984375
-0.0897933430969715118408203125
-0.10880133714526891985929779593789135105907917022705078125
-0.08763203099370002469026275093710864894092082977294921875
-0.08563896436244249066316314156210864894092082977294921875
-0.11346671171486377716064453125
-0.09319373946636914929353423531210864894092082977294921875
-0.09702966567128896990812592093789135105907917022705078125
-0.101834787987172603607177734375
-0.09373857304453848959813200281132594682276248931884765625
-0.09796791896224020523842312968554324470460414886474609375
-0.08289664536714554110563568656289135105907917022705078125
-0.0939265046268701608855877793757827021181583404541015625
-0.113540704362094402313232421875
-0.10808715056627989092863373343789135105907917022705078125
-0.08521322607994079312287993843710864894092082977294921875
-0.09641588684171438494718842093789135105907917022705078125
-0.07869759779423475543058685843789135105907917022705078125
-0.09079550132155418673551849906289135105907917022705078125
