9.3058874607086181640625
9.4552280902862566591693394002504646778106689453125
9.3019764423370361328125
9.3843264579772966982318394002504646778106689453125
9.2523515224456804872943394002504646778106689453125
9.2749121189117431640625
9.261403560638427734375
9.3825514316558837890625
9.5368621349334716796875
9.5349342823028564453125
9.5541548728942888857318394002504646778106689453125
9.5023167133331298828125
9.3245084285736083984375
9.3775370121002197265625
9.4234569072723406435443394002504646778106689453125
9.4030737876892072080181605997495353221893310546875
9.3095777034759521484375
9.33265590667724609375
9.2838933467865007997943394002504646778106689453125
9.3210647106170636533306605997495353221893310546875
9.3122916221618634580181605997495353221893310546875
9.3788709640502911923931605997495353221893310546875
9.6326751708984375
9.562787532806396484375
9.2292919158935564638568394002504646778106689453125
9.3271636962890625
9.2767009735107421875
9.2922005653381365419818394002504646778106689453125
9.27394580841064453125
9.2978041172027605654193394002504646778106689453125
9.2904932498931884765625
9.423608303070068359375
9.442400455474853515625
9.4967129230499285341693394002504646778106689453125
9.4615838527679443359375
9.4767081737518328310443394002504646778106689453125
9.357483386993408203125
9.5803420543670636533306605997495353221893310546875
9.5207221508026123046875
9.5653614997863751767681605997495353221893310546875
9.3425519466400164247943394002504646778106689453125
9.3613529205322283388568394002504646778106689453125
9.4778120517730712890625
9.33305835723876953125
9.327739238739013671875
9.2579996585845965029193394002504646778106689453125
9.6071569919586181640625
9.60168170928955078125
9.2401401996612566591693394002504646778106689453125
9.2066471576690673828125
9.176533222198486328125
9.2406303882598876953125
9.38229084014892578125
9.471576213836669921875
9.3663933277130126953125
9.35887241363525390625
9.186050891876220703125
9.176961421966552734375
9.291086673736572265625
9.1407642364501953125
9.2331593036651593564556605997495353221893310546875
9.302404880523681640625
9.2279503345489501953125
9.266992092132568359375
9.6668584346771240234375
9.592684268951416015625
9.5905694961547833798931605997495353221893310546875
9.6044600009918195127056605997495353221893310546875
9.2557246685028076171875
9.1973259449005126953125
9.345272064208984375
9.2754623889923095703125
9.3212449550628662109375
9.3153803348541259765625
9.362629413604736328125
9.4126861095428484560443394002504646778106689453125
9.3175928592681884765625
9.2693493366241455078125
9.3662364482879638671875
9.3897612094879168154193394002504646778106689453125
9.2461326122283935546875
9.2344422340393084169818394002504646778106689453125
9.29499340057373046875
9.25745105743408203125
9.653223514556884765625
9.5310838222503662109375
9.4940309524536115048931605997495353221893310546875
9.5219140052795392392681605997495353221893310546875
9.3885395526886004091693394002504646778106689453125
9.3611767292022705078125
9.3695790767669677734375
9.3796799182891845703125
9.5404603481292724609375
9.4465844631195086122943394002504646778106689453125
9.462369441986083984375
9.3452367782592755673931605997495353221893310546875
9.333661556243896484375
9.398272991180419921875
9.4494740962982177734375
9.472141265869140625
9.266532421112060546875
9.3068068027496337890625
9.618142604827880859375
9.5777564048767072080181605997495353221893310546875
9.6993067264556884765625
9.7288708686828595517681605997495353221893310546875
9.362479686737060546875
9.3738582134246843935443394002504646778106689453125
9.3408896923065203310443394002504646778106689453125
9.3677256107330322265625
9.3054938316345197080181605997495353221893310546875
9.3328630924224835752056605997495353221893310546875
9.376412868499755859375
9.5168888568878156064556605997495353221893310546875
9.5356459617614763857318394002504646778106689453125
9.26581096649169921875
9.270065784454345703125
9.2261097431182861328125
9.3927025794982927919818394002504646778106689453125
9.3832283020019513486431605997495353221893310546875
9.3595097064971923828125
9.164722919464111328125
9.13475131988525390625
9.35181713104248046875
9.3662111759185808779193394002504646778106689453125
9.36357212066650390625
9.3200039863586443544818394002504646778106689453125
9.350624561309814453125
9.3537960052490234375
9.3476438522338884951068394002504646778106689453125
9.35760498046875
9.380603790283203125
9.4739797115325927734375
9.3724987506866455078125
9.230991840362548828125
9.295423984527587890625
9.28787136077880859375
9.1993272304534912109375
9.3298604488372802734375
9.2790057659149152158306605997495353221893310546875
9.21473217010498046875
9.6102693080902099609375
9.2495844364166259765625
9.254926204681396484375
9.44808197021484375
9.4421546459197998046875
9.4794037342071515439556605997495353221893310546875
9.4324054718017578125
9.3407404422759992002056605997495353221893310546875
9.4492595195770263671875
9.2885854244232177734375
