1.603310108184814453125
1.5856733322143556907946049250313080847263336181640625
1.6103951930999755859375
1.6619551181793212890625
1.6680743694305419921875
1.6710422039031982421875
1.675104618072509765625
1.6748790740966796875
1.5759003162384030982678950749686919152736663818359375
1.5805797576904296875
1.6971623897552490234375
1.6899788379669189453125
1.6999595165252685546875
1.689365386962890625
1.692779541015625
1.6786768436431884765625
1.601811885833740234375
1.609817028045654296875
1.6690552234649658203125
1.6487102508544921875
1.6531536579132080078125
1.65368938446044921875
1.6681373119354248046875
1.6522195339202880859375
1.56141185760498046875
1.5795466899871826171875
1.6880161762237548828125
1.66793918609619140625
1.6555950641632080078125
1.6710307598114013671875
1.66973400115966796875
1.649898529052734375
1.5980813503265380859375
1.6024606227874755859375
1.6610543727874755859375
1.706578731536865234375
1.6783907413482666015625
1.6780338287353515625
1.67016124725341796875
1.6623218059539794921875
1.593604564666748046875
1.5978958606719970703125
1.6888439655303955078125
1.6859612464904782935803950749686919152736663818359375
1.6605083942413330078125
1.6682584285736083984375
1.6816470623016355201428950749686919152736663818359375
1.6624062061309814453125
1.604251861572265625
1.5740492343902587890625
1.7150185108184814453125
1.725215911865234375
1.735189914703369140625
1.7276031970977783203125
1.7212340831756591796875
1.71145915985107421875
1.6330440044403076171875
1.611347675323486328125
1.6293432712554931640625
1.661821842193603515625
1.6417992115020751953125
1.6667335033416748046875
1.6616036891937255859375
1.626695156097412109375
1.6565141677856443092053950749686919152736663818359375
1.6579964160919189453125
1.643311023712158203125
1.6546220779418943092053950749686919152736663818359375
1.7214887142181396484375
1.6873185634613037109375
1.6603574752807614967053950749686919152736663818359375
1.6586844921112060546875
1.5841350555419921875
1.5759932994842529296875
1.6594884395599363013928950749686919152736663818359375
1.65716266632080078125
1.641149997711181640625
1.662674427032470703125
1.655872344970703125
1.66089153289794921875
1.590610027313232421875
1.5926902294158935546875
1.7308933734893801048571049250313080847263336181640625
1.7186188697814939185803950749686919152736663818359375
1.70630931854248046875
1.7141973972320556640625
1.6938765048980712890625
1.6998140811920166015625
1.5747964382171630859375
1.57486438751220703125
1.6833293437957763671875
1.6846139430999755859375
1.6881964206695556640625
1.688401699066162109375
1.685848236083984375
1.6166746616363523170178950749686919152736663818359375
1.6368865966796875
1.6531813144683837890625
1.6453914642333984375
1.6522114276885986328125
1.6326439380645751953125
1.65083026885986328125
1.564946651458740234375
1.5660383701324462890625
1.68701267242431640625
1.6750969886779782935803950749686919152736663818359375
1.6727776527404782935803950749686919152736663818359375
1.67212009429931640625
1.6757447719573976829821049250313080847263336181640625
1.6203410625457763671875
1.61382293701171875
1.7150433063507080078125
1.714421749114990234375
1.70130443572998046875
1.711274623870849609375
1.71164035797119140625
1.5612719058990480736071049250313080847263336181640625
1.596496105194091796875
1.705895900726318359375
1.7176725864410400390625
1.710644245147705078125
1.6977751255035400390625
1.7088658809661863013928950749686919152736663818359375
1.6117970943450927734375
1.6041533946990969017321049250313080847263336181640625
1.670238494873046875
1.6755478382110595703125
1.6723873615264892578125
1.6607456207275390625
1.6572628021240234375
1.58714199066162109375
1.5943074226379396751696049250313080847263336181640625
1.733708858489990234375
1.72424411773681640625
1.7160880565643310546875
1.7208771705627439185803950749686919152736663818359375
1.735658168792724609375
1.5997097492218017578125
1.5985326766967771217053950749686919152736663818359375
1.693563938140869140625
1.6983907222747804954821049250313080847263336181640625
1.6985983848571775123303950749686919152736663818359375
1.6959307193756103515625
1.683910369873046875
1.5603635311126708984375
1.5657634735107421875
1.7190935611724853515625
1.69650173187255859375
1.7055361270904541015625
1.697674274444580078125
1.6892681121826171875
