22.795824958602462828594070742838084697723388671875
25.70273404180820620013037114404141902923583984375
23.277578506295679261484110611490905284881591796875
24.372969635359947204733543912880122661590576171875
24.485117595306832072310498915612697601318359375
24.399039594741093850416291388683021068572998046875
24.08236511702276771984543302096426486968994140625
25.1819294004439626633029547519981861114501953125
22.14210136094470726675353944301605224609375
24.905481976125447118874944862909615039825439453125
28.742369112915497453286661766469478607177734375
20.4693766055270458537052036263048648834228515625
22.47708350403367916214847355149686336517333984375
20.88855269254360536024250905029475688934326171875
27.23414189314927824625556240789592266082763671875
25.51058815416671876619147951714694499969482421875
25.02161449011606464409851469099521636962890625
20.7995040172919516408001072704792022705078125
19.1964748319239362217558664269745349884033203125
21.51010247664072494444553740322589874267578125
20.731989489599104814487873227335512638092041015625
19.448159862801869479653760208748281002044677734375
15.0899030243986285171331473975442349910736083984375
23.246365857969816914874172653071582317352294921875
21.2789035906657346686188247986137866973876953125
19.099663919420610369570567854680120944976806640625
22.91531595456212500039328006096184253692626953125
25.67939306809729060887548257596790790557861328125
19.44082880023308490535782766528427600860595703125
14.662763693976220480408301227726042270660400390625
17.497677915169344231571812997572124004364013671875
21.658414750019364447553016361780464649200439453125
22.655105806419015834762831218540668487548828125
23.055812766064367025364845176227390766143798828125
22.12326785039211785033330670557916164398193359375
22.1593731974670191675613750703632831573486328125
22.641410050455366587129901745356619358062744140625
24.5495304834147276551448157988488674163818359375
24.595410428823686999066921998746693134307861328125
23.75739545723667589527394738979637622833251953125
17.41403600486922442769355257041752338409423828125
23.833408546615515888333902694284915924072265625
20.452613531124551826678725774399936199188232421875
21.925552210559462906758199096657335758209228515625
21.3201320879654048212614725343883037567138671875
21.4959084554632653407679754309356212615966796875
21.667067439564871023094383417628705501556396484375
21.222363116928551818318737787194550037384033203125
26.6899685382419846746415714733302593231201171875
23.284610724228258504808763973414897918701171875
21.236958431291608206947785220108926296234130859375
21.94179479453854497705833637155592441558837890625
19.32800039051226548281192663125693798065185546875
26.245731069660596546100350678898394107818603515625
20.451250923293486039256094954907894134521484375
23.87496928099087512009646161459386348724365234375
24.69217300266018355614505708217620849609375
22.40271630036587424683602876029908657073974609375
19.257428685803233747719787061214447021484375
20.890873995332146506598292035050690174102783203125
18.699059219911656981594205717556178569793701171875
23.160120956629754118694108910858631134033203125
25.36981965329348298610057099722325801849365234375
22.406896153189645559677956043742597103118896484375
21.918091676660598210446551092900335788726806640625
22.132232482274201146310588228516280651092529296875
26.4108397945168320575248799286782741546630859375
19.18380839444797203441339661367237567901611328125
23.9082980464825283206664607860147953033447265625
24.9504681732920658987495698966085910797119140625
21.586507421499010916932093095965683460235595703125
21.93637235948386887685046531260013580322265625
23.228820002739151817650053999386727809906005859375
22.49837516038180496025233878754079341888427734375
22.432661012253650056891274289228022098541259765625
22.52253277357774408073964877985417842864990234375
22.31178278936365444451439543627202510833740234375
23.357074343335430199886104674078524112701416015625
26.35116846901400577962704119272530078887939453125
23.500380355370651841440121643245220184326171875
25.35272723460645494242271524854004383087158203125
22.65879055228450766890091472305357456207275390625
19.476121076145016530745124327950179576873779296875
24.96933486605976071359691559337079524993896484375
20.823544426933839446292040520347654819488525390625
22.52354766817102671438988181762397289276123046875
17.284373658392507167036455939523875713348388671875
20.61585104942296453600647510029375553131103515625
19.112188936207477496509454795159399509429931640625
23.79209233890295394076019874773919582366943359375
26.95544458977712309888374875299632549285888671875
21.198904763793979810770906624384224414825439453125
22.6936957621338564194957143627107143402099609375
23.610135517532096827153509366326034069061279296875
20.5790832932758149809160386212170124053955078125
20.788568995238751568876978126354515552520751953125
20.12490111000958137310590245760977268218994140625
25.02665190534670358601943007670342922210693359375
23.97050331428408753708936274051666259765625
27.50583155574332039350338163785636425018310546875
24.6493151559291305829901830293238162994384765625
21.704328455318243840110881137661635875701904296875
28.323998981881107539493314106948673725128173828125
23.54279903722142108790649217553436756134033203125
19.08222527695549075588132836855947971343994140625
23.2701037961117975783054134808480739593505859375
24.69880827922737154267451842315495014190673828125
25.588379218106137358290652628056704998016357421875
27.611770919074277941263062530197203159332275390625
23.472148866335572847674484364688396453857421875
23.0021365543019129518143017776310443878173828125
22.08714758311484871455832035280764102935791015625
21.14067090032312279390680487267673015594482421875
22.594254838492776826797125977464020252227783203125
24.309541066296102229671305394731462001800537109375
20.052456962993954192597811925224959850311279296875
25.051849227439021206009783782064914703369140625
22.35018261085436819257665774784982204437255859375
24.088029568335333152617749874480068683624267578125
19.987335532494174827888855361379683017730712890625
28.540000789741679199096324737183749675750732421875
19.92370381327778972035957849584519863128662109375
22.844061993599556359413327299989759922027587890625
23.49098476605007590478635393083095550537109375
21.576547400816508570642326958477497100830078125
23.20624823486810583972328458912670612335205078125
16.20396849001421202274286770261824131011962890625
29.143094895765418783639688626863062381744384765625
21.503020948583451144031641888432204723358154296875
22.499527946898627561722605605609714984893798828125
25.149795472344319335888940258882939815521240234375
21.386549633821022808888301369734108448028564453125
20.1024683015118768025786266662180423736572265625
26.9585614225963894341475679539144039154052734375
23.2988153927669401355160516686737537384033203125
21.411458870822276168155440245755016803741455078125
25.542458791494254910503514111042022705078125
22.064668486456614715507384971715509891510009765625
23.353832462618271392784663476049900054931640625
23.6550623179944778939898242242634296417236328125
27.121746801326683140587192610837519168853759765625
20.1739399323612218495327397249639034271240234375
18.674385906583228944555230555124580860137939453125
23.7846181661391966599694569595158100128173828125
25.85934667939361730759628699161112308502197265625
22.5463487474508923469329602085053920745849609375
21.66157223657993569077007123269140720367431640625
26.42185910885796573666084441356360912322998046875
22.343126983104159677395728067494928836822509765625
22.75094139198858300687788869254291057586669921875
21.629372503789728199308228795416653156280517578125
