1.5848169326782228782946049250313080847263336181640625
1.5887854099273681640625
1.58332347869873046875
1.6764242649078369140625
1.6627452373504640892321049250313080847263336181640625
1.6802484989166259765625
1.69097805023193359375
1.6836440563201904296875
1.5798981189727783203125
1.5864121913909912109375
1.7052800655364990234375
1.7117977142333984375
1.691380977630615234375
1.7004039287567140892321049250313080847263336181640625
1.69171619415283203125
1.688809871673583984375
1.6142194271087646484375
1.6139237880706787109375
1.6790134906768801048571049250313080847263336181640625
1.6596739292144775390625
1.6490504741668698951428950749686919152736663818359375
1.6491634845733644798571049250313080847263336181640625
1.641078472137451171875
1.6916925907135009765625
1.5652976036071775123303950749686919152736663818359375
1.5912487506866455078125
1.657905101776123046875
1.6796476840972900390625
1.6635653972625732421875
1.6981461048126220703125
1.65422725677490234375
1.6497063636779782935803950749686919152736663818359375
1.6012198925018310546875
1.60056018829345703125
1.6677608489990234375
1.677501678466796875
1.6838808059692385032946049250313080847263336181640625
1.69774913787841796875
1.6863689422607421875
1.6927814483642578125
1.5952689647674560546875
1.5991137027740480736071049250313080847263336181640625
1.67950344085693359375
1.687431812286376953125
1.6773898601531982421875
1.663287639617919921875
1.66885280609130859375
1.6736698150634765625
1.59987926483154296875
1.575200557708740234375
1.7225561141967771217053950749686919152736663818359375
1.7331061363220217064196049250313080847263336181640625
1.7216675281524658203125
1.7192156314849853515625
1.7197184562683103248303950749686919152736663818359375
1.725669384002685546875
1.6247746944427490234375
1.6354343891143801048571049250313080847263336181640625
1.6309754848480224609375
1.65650177001953125
1.6473376750946044921875
1.650089740753173828125
1.645574092864990234375
1.641319751739501953125
1.6598327159881591796875
1.6684639453887939453125
1.7000119686126708984375
1.6694028377532958984375
1.6670300960540771484375
1.6641142368316650390625
1.6543166637420654296875
1.6767768859863279029553950749686919152736663818359375
1.5713441371917724609375
1.5766756534576416015625
1.65911197662353515625
1.729371547698974609375
1.6739041805267333984375
1.63816928863525390625
1.649214267730712890625
1.650501251220703125
1.5973567962646484375
1.594432830810546875
1.7099199295043943092053950749686919152736663818359375
1.7076613903045654296875
1.7088887691497804954821049250313080847263336181640625
1.7122752666473388671875
1.7095677852630615234375
1.7047870159149169921875
1.588940143585205078125
1.57397937774658203125
1.692244052886962890625
1.70251750946044921875
1.6982531547546388939196049250313080847263336181640625
1.68608760833740234375
1.699590206146240234375
1.605101108551025390625
1.629827022552490234375
1.64337825775146484375
1.6584992408752439185803950749686919152736663818359375
1.6430394649505615234375
1.639400005340576171875
1.6406776905059814453125
1.568266391754150390625
1.5669801235198976829821049250313080847263336181640625
1.5567009449005126953125
1.7042255401611328125
1.6827170848846435546875
1.6790597438812255859375
1.6725964546203611060803950749686919152736663818359375
1.613908290863037109375
1.6128358840942385032946049250313080847263336181640625
1.7044026851654052734375
1.7007579803466796875
1.7070457935333251953125
1.709243297576904296875
1.7244589328765869140625
1.563455104827880859375
1.59912395477294921875
1.58911800384521484375
1.7143054008483888939196049250313080847263336181640625
1.710033893585205078125
1.7227566242218017578125
1.703408718109130859375
1.6089098453521728515625
1.627445220947265625
1.680311679840087890625
1.7158310413360595703125
1.6721746921539308861071049250313080847263336181640625
1.662612438201904296875
1.6591789722442626953125
1.5927181243896484375
1.5951378345489501953125
1.7221443653106689453125
1.7131063938140869140625
1.7355775833129885032946049250313080847263336181640625
1.721856594085693359375
1.7198069095611572265625
1.6043179035186767578125
1.6027562618255615234375
1.704897403717041015625
1.7098596096038818359375
1.6785848140716552734375
1.69339275360107421875
1.6980011463165283203125
1.5622122287750244140625
1.562839031219482421875
1.5603334903717041015625
1.728571414947509765625
1.7369148731231689453125
1.7093493938446044921875
1.705967426300048828125
