0.67450212666753717183354410735773853957653045654296875
0.65058332736401169871243155284901149570941925048828125
0.64148315159229640780580439241020940244197845458984375
0.641985692848592304216026604990474879741668701171875
0.64578744381866293178262594665284268558025360107421875
0.66208139220750705788987033884041011333465576171875
0.65143523756098764554423041772679425776004791259765625
0.61007114383050364825322731121559627354145050048828125
0.6534161740151362973705317926942370831966400146484375
0.67193191209955027698441654138150624930858612060546875
0.6654367209571727670436303014867007732391357421875
0.5918650928689761503420641020056791603565216064453125
0.614746888127019275316342827863991260528564453125
0.592737003581263355300734474440105259418487548828125
0.68657563150704492560549851987161673605442047119140625
0.53129388752277117990985288997762836515903472900390625
0.6504271484232371225431279526674188673496246337890625
0.56322535921498928512818338276701979339122772216796875
0.6575831862279779560509496150189079344272613525390625
0.64477527667080725137793706380762159824371337890625
0.61886671424620331993793342917342670261859893798828125
0.63468890703072045056387651129625737667083740234375
0.64023020183869705501678026848821900784969329833984375
0.66204931328849203620023899929947219789028167724609375
0.64273164007413152720715743271284736692905426025390625
0.63090718822507463325877097304328344762325286865234375
0.6764816905248276501794180148863233625888824462890625
0.63308362136433860012374452708172611892223358154296875
0.6706203510695625258364316323422826826572418212890625
0.61060360286780646088544699523481540381908416748046875
0.61632439974565278451024141759262420237064361572265625
0.6452368862393722537262874539010226726531982421875
0.65114018937530182551398638679529540240764617919921875
0.6499962074840250902951765965553931891918182373046875
0.64836567623232366219809819085639901459217071533203125
0.6274578662920322624785285370307974517345428466796875
0.6240819883197392670126646407879889011383056640625
0.61277251949242661499539508440648205578327178955078125
0.640015630721925798951588149066083133220672607421875
0.64920860710765071477368337582447566092014312744140625
0.66666717185687940361304981706780381500720977783203125
0.65631397569866856134268573441659100353717803955078125
0.63916946003488372962664243459585122764110565185546875
0.6464143607714074590830932720564305782318115234375
0.6526766206935923353427142501459456980228424072265625
0.70252972637689758972356912636314518749713897705078125
0.6567371776681925066299072568654082715511322021484375
0.63662924149511679328128366250894032418727874755859375
0.66851884581345066838053980973199941217899322509765625
0.7016052828024508247750645750784315168857574462890625
0.58825231355950935441256888225325383245944976806640625
0.60275546843369587346472826538956724107265472412109375
0.66661974284415970171124854459776543080806732177734375
0.639724854030749856548254683730192482471466064453125
0.61923735597176865486090946433250792324542999267578125
0.60779003666854947152131671828101389110088348388671875
0.661350880792827222620644533890299499034881591796875
0.582454396269092011806378650362603366374969482421875
0.65624200864855486425852859611040912568569183349609375
0.59754338814243956878868857529596425592899322509765625
0.6515596487482333554197566627408377826213836669921875
0.53062165354070811584819011841318570077419281005859375
0.65617861063090543449760616567800752818584442138671875
0.6347966742772446213649573110160417854785919189453125
0.63692361679985143307902717424440197646617889404296875
0.6325814398870452937018171724048443138599395751953125
0.66590621365009206034102362536941654980182647705078125
0.62326441507390206719918523958767764270305633544921875
0.6840257886994134395308719831518828868865966796875
0.66405446314644478444932929050992242991924285888671875
0.64778476219774405731044453204958699643611907958984375
0.7065577871333295068012603223905898630619049072265625
0.65633529680171098785734784542000852525234222412109375
0.66457813227846196379999810233130119740962982177734375
0.6394864858524169637377099206787534058094024658203125
0.66097066680197469334956394959590397775173187255859375
0.642522638697295978005286087864078581333160400390625
0.62764056807717361063936323262169025838375091552734375
0.6477218726615998622975212128949351608753204345703125
0.63273075143592460989339087973348796367645263671875
0.6385317769474891935743698923033662140369415283203125
0.681383364753713749450980685651302337646484375
0.65664828836038946491271417471580207347869873046875
0.65830398783510890581283092615194618701934814453125
0.60537209813819525816569466769578866660594940185546875
0.6698004668632080438328557647764682769775390625
0.58057333725361515153196023675263859331607818603515625
0.6170262010368359195666698724380694329738616943359375
0.5976950274866885681745998226688243448734283447265625
0.6187342331388780980461206127074547111988067626953125
0.71584725760343437261923327241674996912479400634765625
0.62907650270095205602416399415233172476291656494140625
0.65258794172230560892700168551527895033359527587890625
0.608743179097029685209463423234410583972930908203125
0.6536372904514842208101299547706730663776397705078125
0.62929888214000884172349969958304427564144134521484375
0.5422599866638491139525513062835671007633209228515625
0.6427400860082490563485180246061645448207855224609375
0.61704985425700942247573266286053694784641265869140625
0.68854767220959034457195002687512896955013275146484375
0.6624593513082019935467315008281730115413665771484375
0.61340457583872975977357100418885238468647003173828125
0.66870979344102732255805676686577498912811279296875
0.67011571448488249647112979801022447645664215087890625
0.6334443898883759249684999304008670151233673095703125
0.6757605993633608587600747341639362275600433349609375
0.652541303365227864929920542635954916477203369140625
0.6494852265891852827195407371618784964084625244140625
0.61670717450840062401340446740505285561084747314453125
0.66453911931946552105188175119110383093357086181640625
0.67414850105866996887726827480946667492389678955078125
0.656558785742145101238520510378293693065643310546875
0.61924179831292780473717130007571540772914886474609375
0.64230943332101830822722376979072578251361846923828125
0.6767578273032957003607634760555811226367950439453125
0.6359119992901980378263715465436689555644989013671875
0.6688047290785108511812495635240338742733001708984375
0.654802165471548125452727617812342941761016845703125
0.67448453161534605015958732110448181629180908203125
0.63876560937172544019091446898528374731540679931640625
0.64429281367900992361086309756501577794551849365234375
0.63594524520050843552354535859194584190845489501953125
0.6461693868801126061640616171644069254398345947265625
0.64024877214040032402664337496389634907245635986328125
0.63050052130874212341637985446141101419925689697265625
0.6071764524590097522604992263950407505035400390625
0.6158783868648598502915092467446811497211456298828125
0.65723209959405937130583197358646430075168609619140625
0.63472076020635459503438369210925884544849395751953125
0.583612080862962567806562219629995524883270263671875
0.62453338756814125165561790709034539759159088134765625
0.65578472604252235900190726169967092573642730712890625
0.67125230800160806676757374589215032756328582763671875
0.6260810164441250602607169639668427407741546630859375
0.6580382650816829492868009765516035258769989013671875
0.6204157628775377464336315824766643345355987548828125
0.66664728392340533158488824483356438577175140380859375
0.5876950238001656945385775543400086462497711181640625
0.62297066174000781391129066832945682108402252197265625
0.59102370450606900309509228463866747915744781494140625
0.574685752658096848932700595469214022159576416015625
0.62200962731314868303655885029002092778682708740234375
0.652413668920883704771540578803978860378265380859375
0.6384672210411255210971148699172772467136383056640625
0.67686150876995354597198684132308699190616607666015625
0.64618837079469126916109189551207236945629119873046875
0.64214830074106343804629659643978811800479888916015625
0.64762093115915353447320512714213691651821136474609375
0.66592823799628575454079282280872575938701629638671875
0.5762048911313664145694701801403425633907318115234375
0.583833707367249044040136141120456159114837646484375
