6.847904682159423828125
9.65287017822265625
7.63996601104736328125
6.801583766937255859375
5.385545253753662109375
5.024230480194091796875
5.78416347503662109375
7.89183139801025390625
6.865591526031494140625
7.8316802978515625
5.295492649078369140625
6.487634181976318359375
6.710931301116943359375
6.85613727569580078125
7.205293178558349609375
12.0441722869873046875
7.611339092254638671875
7.473192691802978515625
6.719980716705322265625
7.910582065582275390625
8.648998260498046875
6.95964717864990234375
6.717737674713134765625
8.93373394012451171875
4.65610408782958984375
8.50434780120849609375
13.1313343048095703125
8.5283603668212890625
5.692953586578369140625
8.2712268829345703125
8.37520694732666015625
7.80592823028564453125
6.399858951568603515625
6.11999607086181640625
9.82053852081298828125
6.01653575897216796875
5.6471538543701171875
8.46231842041015625
7.430563449859619140625
7.607611179351806640625
7.782449245452880859375
10.97252559661865234375
7.197824001312255859375
7.99551677703857421875
6.975162982940673828125
8.49986362457275390625
5.969077587127685546875
8.0515613555908203125
6.868160724639892578125
6.65265750885009765625
6.604965686798095703125
7.19739246368408203125
7.9022617340087890625
6.775153636932373046875
6.125931262969970703125
5.072860240936279296875
6.99079990386962890625
6.177684783935546875
7.09517955780029296875
9.3396396636962890625
8.182277679443359375
7.53376865386962890625
9.72374057769775390625
8.25159549713134765625
8.3588886260986328125
5.20720386505126953125
6.80311298370361328125
7.040482044219970703125
8.899505615234375
7.798468112945556640625
8.33759212493896484375
8.8055286407470703125
8.88087558746337890625
7.0970096588134765625
6.35096263885498046875
7.44139862060546875
7.44157314300537109375
8.11912631988525390625
7.1527652740478515625
8.28626346588134765625
6.688445568084716796875
5.2511768341064453125
8.0833377838134765625
9.3886089324951171875
8.36674404144287109375
6.760086536407470703125
6.6384563446044921875
8.6620311737060546875
8.7676601409912109375
5.335597515106201171875
6.52587413787841796875
6.386346340179443359375
9.24298858642578125
10.02273654937744140625
7.18931102752685546875
7.662501811981201171875
8.535221099853515625
7.0888385772705078125
5.825305938720703125
7.586859226226806640625
6.74031352996826171875
6.96655368804931640625
8.2689800262451171875
8.1688785552978515625
9.1401615142822265625
11.1407833099365234375
6.420517444610595703125
7.178279876708984375
7.533881664276123046875
8.4074344635009765625
6.350896358489990234375
7.643195629119873046875
7.483472347259521484375
5.833257198333740234375
9.24187755584716796875
6.83589458465576171875
9.7421417236328125
7.73286914825439453125
7.25006866455078125
7.395015716552734375
8.2088985443115234375
7.2863483428955078125
7.049957752227783203125
7.957352161407470703125
7.3478488922119140625
6.90179729461669921875
7.066372394561767578125
6.507260799407958984375
5.1489410400390625
8.1639423370361328125
7.246396541595458984375
6.482558727264404296875
6.65159130096435546875
7.26199054718017578125
7.732002735137939453125
5.67609691619873046875
6.102122783660888671875
8.29450130462646484375
5.82376956939697265625
6.709447383880615234375
7.0678195953369140625
6.729872226715087890625
7.272113800048828125
5.535732269287109375
7.025086879730224609375
7.611221790313720703125
8.79503917694091796875
5.290562152862548828125
6.389612674713134765625
6.33168506622314453125
6.36197757720947265625
