98.37596893310546875
104.3422088623046875
96.7638092041015625
105.42962646484375
107.43341064453125
92.69031524658203125
107.847747802734375
111.129852294921875
103.14252471923828125
102.5426177978515625
100.0288543701171875
96.21591949462890625
98.25438690185546875
92.2964630126953125
101.84824371337890625
103.22019195556640625
102.82299041748046875
94.299560546875
94.77439117431640625
94.6045379638671875
94.24150848388671875
95.245819091796875
91.70980072021484375
101.34748077392578125
101.73497772216796875
99.13169097900390625
93.23873138427734375
99.29337310791015625
90.051727294921875
110.2345428466796875
85.34754180908203125
94.0287628173828125
98.82584381103515625
97.1533355712890625
95.26036834716796875
108.593841552734375
93.843902587890625
128.9055938720703125
95.2681732177734375
85.4446868896484375
100.826263427734375
97.5150146484375
96.62253570556640625
91.67852783203125
90.7983245849609375
93.4771881103515625
99.8083343505859375
84.28237152099609375
101.31870269775390625
94.7488250732421875
86.96703338623046875
88.0199127197265625
97.0456695556640625
100.62699127197265625
84.24452972412109375
95.4119110107421875
87.76993560791015625
103.564422607421875
93.8852386474609375
117.51239013671875
92.49968719482421875
95.50305938720703125
96.68854522705078125
107.01850128173828125
88.824249267578125
92.71320343017578125
92.8878173828125
95.63327789306640625
95.6301422119140625
106.28008270263671875
106.76605987548828125
91.58771514892578125
85.9881134033203125
99.292083740234375
90.50909423828125
97.48867034912109375
91.362274169921875
99.1206817626953125
105.42058563232421875
96.35076141357421875
93.23644256591796875
102.77182769775390625
98.82366180419921875
108.4730072021484375
93.40906524658203125
96.67352294921875
105.4623565673828125
94.07874298095703125
94.1653900146484375
100.9942626953125
91.7891082763671875
100.2676849365234375
102.19329833984375
104.68875885009765625
102.947479248046875
88.16300201416015625
94.9834747314453125
89.463409423828125
87.84084320068359375
98.96038818359375
101.01192474365234375
89.8950347900390625
88.02036285400390625
100.19593048095703125
95.2288665771484375
95.93686676025390625
95.5293731689453125
94.6134490966796875
86.39641571044921875
97.90023040771484375
83.7060089111328125
93.94509124755859375
88.575897216796875
107.28998565673828125
99.07798004150390625
100.780731201171875
96.74969482421875
104.40312957763671875
97.92761993408203125
93.94290924072265625
102.64340972900390625
99.3431243896484375
101.59827423095703125
103.1322021484375
101.153228759765625
106.345428466796875
103.92453765869140625
103.05921173095703125
91.39897918701171875
95.58623504638671875
103.859375
86.2152862548828125
85.78542327880859375
94.682373046875
96.84012603759765625
99.10113525390625
91.6928253173828125
98.479400634765625
96.84759521484375
95.997100830078125
100.35613250732421875
96.6038818359375
87.60107421875
94.40627288818359375
91.39861297607421875
91.492340087890625
88.08612823486328125
95.490875244140625
101.46317291259765625
94.86472320556640625
95.87894439697265625
