0.07752911746501922607421875
0.0596329309046268463134765625
0.083819635212421417236328125
0.0590210855007171630859375
0.0578340850770473480224609375
0.074905335903167724609375
0.0729767978191375732421875
0.066269703209400177001953125
0.06459309160709381103515625
0.0608645416796207427978515625
0.0598951317369937896728515625
0.08114112913608551025390625
0.061319686472415924072265625
0.05973209440708160400390625
0.07117806375026702880859375
0.07492102682590484619140625
0.0801985263824462890625
0.0750684440135955810546875
0.057910524308681488037109375
0.076124943792819976806640625
0.095557145774364471435546875
0.05917836725711822509765625
0.089436627924442291259765625
0.07282628118991851806640625
0.07783146202564239501953125
0.077065475285053253173828125
0.06188364326953887939453125
0.06557537615299224853515625
0.067750193178653717041015625
0.087597630918025970458984375
0.07160556316375732421875
0.05949397385120391845703125
0.080491982400417327880859375
0.075439549982547760009765625
0.081698887050151824951171875
0.077987253665924072265625
0.0536914765834808349609375
0.08613957464694976806640625
0.081030838191509246826171875
0.086360044777393341064453125
0.08364783227443695068359375
0.064930088818073272705078125
0.065671332180500030517578125
0.057602070271968841552734375
0.0654902756214141845703125
0.087754450738430023193359375
0.0619677938520908355712890625
0.0571172945201396942138671875
0.078743942081928253173828125
0.1044383347034454345703125
0.0543660856783390045166015625
0.073115848004817962646484375
0.072947166860103607177734375
0.0600575171411037445068359375
0.07576964795589447021484375
0.0600592903792858123779296875
0.0623807497322559356689453125
0.0820998847484588623046875
0.081179700791835784912109375
0.0850199759006500244140625
0.088100604712963104248046875
0.064809463918209075927734375
0.075530230998992919921875
0.066390700638294219970703125
0.0603132210671901702880859375
0.065548241138458251953125
0.06509982049465179443359375
0.103364370763301849365234375
0.0575240738689899444580078125
0.0573394261300563812255859375
0.07629863917827606201171875
0.0524914227426052093505859375
0.0542010255157947540283203125
0.072545610368251800537109375
0.089026145637035369873046875
0.07013873755931854248046875
0.07589566707611083984375
0.075393028557300567626953125
0.0578047223389148712158203125
0.09884445369243621826171875
0.07567439973354339599609375
0.0754214823246002197265625
0.08218617737293243408203125
0.079151891171932220458984375
0.059763096272945404052734375
0.06910862028598785400390625
0.0646891891956329345703125
0.06705562770366668701171875
0.071920536458492279052734375
0.108813263475894927978515625
0.07174326479434967041015625
0.075598247349262237548828125
0.0706441700458526611328125
0.068808414041996002197265625
0.090196788311004638671875
0.0612798817455768585205078125
0.082136400043964385986328125
0.052864886820316314697265625
0.0569031946361064910888671875
0.055646128952503204345703125
0.05603452026844024658203125
0.06023077666759490966796875
0.0576677583158016204833984375
0.07871051132678985595703125
0.07611183822154998779296875
0.0599854625761508941650390625
0.06618820130825042724609375
0.070549093186855316162109375
0.0601999461650848388671875
0.0679230391979217529296875
0.072002701461315155029296875
0.090632937848567962646484375
0.065255023539066314697265625
0.0899192988872528076171875
0.06955836713314056396484375
0.080696858465671539306640625
0.0491329319775104522705078125
0.060171067714691162109375
0.053856551647186279296875
0.0601752735674381256103515625
0.069342903792858123779296875
0.0821904838085174560546875
0.060545027256011962890625
0.09258370101451873779296875
0.08055852353572845458984375
0.09436713159084320068359375
0.08100791275501251220703125
0.074473388493061065673828125
0.091021381318569183349609375
0.0477408282458782196044921875
0.073584444820880889892578125
0.074633039534091949462890625
0.0555030070245265960693359375
0.07328377664089202880859375
0.06510947644710540771484375
0.0896619856357574462890625
0.060498662292957305908203125
0.066120684146881103515625
0.09402008354663848876953125
0.0615176968276500701904296875
0.0585172809660434722900390625
0.081108152866363525390625
0.055185236036777496337890625
0.073056764900684356689453125
0.0658046305179595947265625
0.0465442053973674774169921875
0.0518576391041278839111328125
0.06577466428279876708984375
0.067500658333301544189453125
0.07834911346435546875
0.073551751673221588134765625
