0.00046414780576737343746607233896384059335105121135711669921875
0.004191056117416844771506045930209438665769994258880615234375
0.004366225132424184952883994270678158500231802463531494140625
0.000309468464580681134647177632501779953599907457828521728515625
0.0165263395957258411861356961480851168744266033172607421875
0.000344307658004583514062268978506153871421702206134796142578125
0.00052225405107283041743204687890056447940878570079803466796875
0.0007317761716186883987067535173309806850738823413848876953125
0.0026094739159555936647283402862740331329405307769775390625
0.0026041957953997500914422591478114554774947464466094970703125
0.10442303261229517186148285645685973577201366424560546875
0.0000237428282327565315520077893207684383014566265046596527099609375
0.001803951716879329154885613917258524452336132526397705078125
0.000286024564106584860100068734567457795492373406887054443359375
0.00023699182363661296774580422574985050232498906552791595458984375
0.000103761523938010379801248628250931460570427589118480682373046875
0.08814604311918282364413101959144114516675472259521484375
0.00023686310438573085208717461380700797235476784408092498779296875
0.00069234992892514522766500562056535272859036922454833984375
0.002264888683866288741908245896183871082030236721038818359375
0.0003067430728982595863722770967996211766148917376995086669921875
0.00122855788993556634160209117823114866041578352451324462890625
0.00029051775277020978373310189368794453912414610385894775390625
0.0274355812120157353806160216436182963661849498748779296875
0.0030459416178640484791639853057176878792233765125274658203125
0.0085871494919669173750964574765021097846329212188720703125
0.00057011441118799363082791931134352125809527933597564697265625
0.00047602716843368557929350171065152608207426965236663818359375
0.000119799486171349119415473205574329540468170307576656341552734375
0.00010473707074359840836497159699547410127706825733184814453125
0.02967292250609236681224700760139967314898967742919921875
0.0035836508661323714097779458143122610636055469512939453125
0.000145354692890110512824841659806907046004198491573333740234375
0.000060841258997338409941248171808325650999904610216617584228515625
0.000854981370218206994208987037353608684497885406017303466796875
0.1570561458646258234939097064852830953896045684814453125
0.022175758253467348080079091232619248330593109130859375
0.0001224130405601388878363000589644116189447231590747833251953125
0.0002843735275255589709832160227875874625169672071933746337890625
0.000048977916938039144111906308953763300451100803911685943603515625
0.000771702304805308033318345106721380943781696259975433349609375
0.000071612617345936623578818436275383874090039171278476715087890625
0.0013164698886443566838710950150925782509148120880126953125
0.000278655301594764510421387004868165604420937597751617431640625
0.0004457887326728710171951097773757055620080791413784027099609375
0.000781822364292200189077319816277622521738521754741668701171875
0.000530614271553487269229842926421270021819509565830230712890625
0.06461441485372844406587233834216021932661533355712890625
0.00001240311706397889188863668807893958501153974793851375579833984375
0.00127990317192041105388844446366647389368154108524322509765625
0.000022767805942598066774873455386796194943599402904510498046875
0.002298997400915552165312494281579347443766891956329345703125
0.000127595137186014054818394836132711134268902242183685302734375
0.00104582321400035669310690789046702775522135198116302490234375
0.0194258874042503755508182194944311049766838550567626953125
0.0004955155478939920858649781365556918899528682231903076171875
0.0003012970559778127836898786728880850205314345657825469970703125
0.0003134506554205713341719474751556617775349877774715423583984375
0.03965339674113220469475749041521339677274227142333984375
0.000080938828261991141118682213662083313465700484812259674072265625
0.00182694981677063530457749696012115236953832209110260009765625
0.00167351569478739622097440697956471922225318849086761474609375
0.000598457633453161933455299870132648720755241811275482177734375
0.0002047348593530089817978112609608842831221409142017364501953125
0.000116530609929618622264656246922953641842468641698360443115234375
0.001401097293558933691570711488338929484598338603973388671875
0.00122795765613937200855243503383462666533887386322021484375
0.00971612662219525739792924667881379718892276287078857421875
0.032472320024389537962417051630836795084178447723388671875
0.000083383371314632725329087092891455768040032126009464263916015625
0.00144118792467418208209928298657587220077402889728546142578125
0.0004563946780294462764009100208539848608779720962047576904296875
0.0161523992949137752683785862473087036050856113433837890625
0.0000981793767602794921998954347230892381048761308193206787109375
0.023384648487345303935480700374682783149182796478271484375
0.00015194462957532068984878304007679616915993392467498779296875
0.01270338359970773524365572626493303687311708927154541015625
0.0000315993968141793345476460441734189998896908946335315704345703125
0.00055126190942641887550446089250044678919948637485504150390625
0.006171822723304625814277901696414119214750826358795166015625
0.1447069147940303057708888445631600916385650634765625
0.11263536509097955840008609129654360003769397735595703125
0.00021961342673295321313402250762436551667633466422557830810546875
0.000326618723741677464793287111177733095246367156505584716796875
0.0002813264251034340991501625506288064570981077849864959716796875
0.0012957776358993497965721442000130991800688207149505615234375
0.00010185902449838185406492951923240752876154147088527679443359375
0.00051490638811565905656741914953045125002972781658172607421875
0.0025154776846208759533141119391075335443019866943359375
0.0003261984186526870987780923893950557612697593867778778076171875
0.00109604576837971112203418133645982379675842821598052978515625
0.000015980162507902757082316191894477697132970206439495086669921875
0.00104399246610225085972467606865166089846752583980560302734375
0.000239372336327019143327465844350854240474291145801544189453125
0.0016149042907325273678298405144460048177279531955718994140625
0.0215802543732219569150299065540821175090968608856201171875
0.0017057896474596567250314738117822344065643846988677978515625
0.1037429029728881568761522657950990833342075347900390625
0.000313944451068622260893337116982593215652741491794586181640625
0.08369402985808822859059574739148956723511219024658203125
0.002539508281746607164242046650315387523733079433441162109375
0.00982834832711945542704778944198551471345126628875732421875
0.0002669110453870080011500032224347478404524736106395721435546875
0.000555323495694840679227921587113314672023989260196685791015625
0.000314806995841961025257849104974638976273126900196075439453125
0.0002329812051412324491565797313086250142077915370464324951171875
0.0024200253665832087944520534250614218763075768947601318359375
0.0003016030741115339184645061099132590243243612349033355712890625
0.00282342255864061718317881144457714981399476528167724609375
0.0002020755103091470094960058201394303978304378688335418701171875
0.000394757770588624623021856141491525704623199999332427978515625
0.0034405491007505396329479996353484239079989492893218994140625
0.003989711201362392857527883194279638701118528842926025390625
0.000055291881910941162643104151985795624568709172308444976806640625
0.0004316727136878524377638921549760198104195296764373779296875
0.00022021647078288852385739848838142052045441232621669769287109375
0.003365705692795561455865627209504964412190020084381103515625
0.004855126277864176519150074540220884955488145351409912109375
0.01126587467364084139964663933142219320870935916900634765625
0.00090749559729337895240541822516888714744709432125091552734375
0.001754904550432800740267236250247151474468410015106201171875
0.0028929244596482225383715647382132374332286417484283447265625
0.000602718982050783383917769153725885189487598836421966552734375
0.000093730726371876139034998443033686044145724736154079437255859375
0.000305388214474826107103222483374338480643928050994873046875
0.01353502476986325787911003004637677804566919803619384765625
0.00069060269271949505966168292303564157919026911258697509765625
0.000577055507615171722236857565491163768456317484378814697265625
0.0000131136906446377063915897931423160116537474095821380615234375
0.00569242753705021496679616888059172197245061397552490234375
0.000084740172135934566989036442752336597550311125814914703369140625
0.0001545216555615103160535583892709610154270194470882415771484375
0.0004442625373430945088550070298794025802635587751865386962890625
0.0012851222506673602198612460512094912701286375522613525390625
0.000889780371422803167090476161860124193481169641017913818359375
0.0001491596112945356065147828328321111257537268102169036865234375
0.00189923654021625400167838648712859139777719974517822265625
0.00072248429503240824307852552266240309108980000019073486328125
0.00023501434483948397714814237957625664421357214450836181640625
0.0004422836105058274990160793738169786593061871826648712158203125
0.03879820741519568461086464594700373709201812744140625
0.0002731847098587044699036230355204679653979837894439697265625
0.0008316055406431539613609782435332817840389907360076904296875
0.000457612996374834996547720233905920395045541226863861083984375
0.01036879671833465695052201027692717616446316242218017578125
0.000454641675221111214721947391126377624459564685821533203125
0.0001310338858582013187199788450953974461299367249011993408203125
0.000654985637025299878392903263346624953555874526500701904296875
0.0005270205947832777571004925221131998114287853240966796875
0.00109292668898139898325805319245773716829717159271240234375
0.000672411956859876309804124883129361478495411574840545654296875
