0.035484387410857402833652685103515977971255779266357421875
0.031445687520803129733071301643576589412987232208251953125
0.0377288484008288793614127598630147986114025115966796875
0.03039612181598505546986643821583129465579986572265625
0.034430956849496430205448405104107223451137542724609375
0.04183325923522436540213931266407598741352558135986328125
0.0277236046583962288114566518970605102367699146270751953125
0.0263547389913766812175044407240420696325600147247314453125
0.029658127465127338828754233190920786000788211822509765625
0.032398250987174116721778460714631364680826663970947265625
0.029560441461107818394982160725703579373657703399658203125
0.040055807894567134475050096398263121955096721649169921875
0.033497084934029190683713039788926835171878337860107421875
0.034754703517099770626597177169969654642045497894287109375
0.024738610672030376946839425045254756696522235870361328125
0.03160622905067789201183359182323329150676727294921875
0.03660960012687043685364329803633154369890689849853515625
0.034116070327551699381540828426295774988830089569091796875
0.033328806737376974467235157817412982694804668426513671875
0.035288929359457994749948994694932480342686176300048828125
0.036774261915618021434593032381599186919629573822021484375
0.0383076342881449594113263401595759205520153045654296875
0.042421637760216950041591843501009861938655376434326171875
0.029789932691944666365291283227634266950190067291259765625
0.03344871685190302368351211725894245319068431854248046875
0.037393797670679872202637028522076434455811977386474609375
0.033698587884123977487238477124265045858919620513916015625
0.03678775335342655827819413616452948190271854400634765625
0.032947000758563958766611534656476578675210475921630859375
0.03255475957413996035416658969552372582256793975830078125
0.039106723597339944353823426581584499217569828033447265625
0.031253598471958791982228120787112857215106487274169921875
0.034252119203719393059071052221042918972671031951904296875
0.0323956221068595340284446137957274913787841796875
0.033896875730670107673692115213270881213247776031494140625
0.03170186608380977377752429902102448977530002593994140625
0.0265809200185080397871306701063076616264879703521728515625
0.025416000200666311048536272210185416042804718017578125
0.033917525588170453765268774759533698670566082000732421875
0.039007337809314542032002037785787251777946949005126953125
0.03856568652198645585915670608301297761499881744384765625
0.03159191787638131188042933672477374784648418426513671875
0.034261997487509333881749995498466887511312961578369140625
0.033316814717549124436057894627083442173898220062255859375
0.036713162932722150089137613804268767125904560089111328125
0.0281879010142453458043210190453464747406542301177978515625
0.0302813705473790155398017276411337661556899547576904296875
0.0277225345327517767868297227096263668499886989593505859375
0.034687316594726035068330105559653020463883876800537109375
0.03771819584047318707487050915005966089665889739990234375
0.0286741279561606443593291260185651481151580810546875
0.040457910008365689791265396024755318649113178253173828125
0.0333234321905262753649168416814063675701618194580078125
0.0272118321763604349705634177780666504986584186553955078125
0.036269185829401362486379412075621075928211212158203125
0.0293793824110916979019947348206187598407268524169921875
0.03544395204043855607256574558050488121807575225830078125
0.032602864811412952950053778522487846203148365020751953125
0.036074613470025988781753056855450267903506755828857421875
0.0298710741720118709563447367827393463812768459320068359375
0.042405672653552502204821195164186065085232257843017578125
0.0263751672091892992721984256832001847214996814727783203125
0.034901495396502758838952473752215155400335788726806640625
0.03422172137364791477676106978833558969199657440185546875
0.0366148740574059328167777493945322930812835693359375
0.032073632694161281764255733151003369130194187164306640625
0.032761677000218536459641427427413873374462127685546875
0.035935319201814315548393352628409047611057758331298828125
0.030664752855513809082221854396266280673444271087646484375
0.027705793306127747543943229402430006302893161773681640625
0.03443515910395568424551271391464979387819766998291015625
0.037198377175391171556295688560567214153707027435302734375
0.030564026241165866137894369103378267027437686920166015625
0.031316202092845905891049795854996773414313793182373046875
0.04255694027654034761187773483470664359629154205322265625
0.03320644939259694006228329499208484776318073272705078125
0.0308993559465746865655422226382142980583012104034423828125
0.036593743386596981614911072711038286797702312469482421875
0.032356155353971453869643681855450267903506755828857421875
0.036300248144167497621470630519979749806225299835205078125
0.032124736405550143036879973124086973257362842559814453125
0.02797872902766869451784970124208484776318073272705078125
0.03459592862868128559927782816885155625641345977783203125
0.040010660151773951020981456849767710082232952117919921875
0.033202894098647871279350596296353614889085292816162109375
0.030881863926023468691628437454710365273058414459228515625
0.032266658575375091466685972818595473654568195343017578125
0.03021211028711053014905729696693015284836292266845703125
0.03723778552273404596206773931044153869152069091796875
0.042265475238518368517048884314135648310184478759765625
0.040704484074014855854439787208320922218263149261474609375
0.033596683616810209260794550800710567273199558258056640625
0.03383223499112709975467083722833194769918918609619140625
0.0286130361812046325742375785239346441812813282012939453125
0.0306479951514308825155641358151115127839148044586181640625
0.0315821985118965031791304909347672946751117706298828125
0.036299093917448017887483757704103481955826282501220703125
0.031967384802136462884636358694478985853493213653564453125
0.033260121674543292880077416384665411897003650665283203125
0.040438957083449141027831075234644231386482715606689453125
0.033041848498119967547648201389165478758513927459716796875
0.0333159074842880598144034820506931282579898834228515625
0.036484383712393597676282297470606863498687744140625
0.036481353879030682663131557319502462632954120635986328125
0.034535511106740968134687363999546505510807037353515625
0.032526153748998275216930409214910469017922878265380859375
0.033862109050132642440456010035632061772048473358154296875
0.0307697960663830503980076258585540927015244960784912109375
0.033675172177019256636310018393487553112208843231201171875
0.0294125300280772862537848055808353819884359836578369140625
0.035309476112501292366374627818004228174686431884765625
0.03452189654642634497605513388407416641712188720703125
0.03422131854443388743192144829663448035717010498046875
0.036245272375607269499386831057563540525734424591064453125
0.03177135326842077389652985175416688434779644012451171875
0.0304390487309062658660696598644790356047451496124267578125
0.0253221462296761394561439573180905426852405071258544921875
0.026216643235802965239411577158534782938659191131591796875
0.0287061885124267578139889423027852899394929409027099609375
0.035214912333542798539287588255319860763847827911376953125
0.03657367781600305567391018257694668136537075042724609375
0.03409173385901131947406383915222249925136566162109375
0.0369897105948672477726546503618010319769382476806640625
0.032191704421194088092672558332196786068379878997802734375
0.036702970770876718054065435126176453195512294769287109375
0.034931733727311196913145607823025784455239772796630859375
0.0302507089217182445484155550730065442621707916259765625
0.03429779509905424295101994403012213297188282012939453125
0.040116141253722502335588018240741803310811519622802734375
0.0298201174708661032042300575994886457920074462890625
0.036399172568712646891331274900949210859835147857666015625
0.036970791123637859743045197546962299384176731109619140625
0.03344154053473578913635577691820799373090267181396484375
0.038902372732084765372118084769681445322930812835693359375
0.0296648308849563301092810974068925133906304836273193359375
0.03635738216960802959842879999996512196958065032958984375
0.0288617075940218147100946310956715024076402187347412109375
0.0280129205207820912437721716514715808443725109100341796875
0.03394839355182301121605092930622049607336521148681640625
0.0308669388326967657210087025987377273850142955780029296875
0.030474780968016042248525110380796832032501697540283203125
0.0309099123294072249124031515066235442645847797393798828125
0.034668531102356958673027520489995367825031280517578125
0.0309925615275053779884562032975736656226217746734619140625
0.031184039459838962249360605483161634765565395355224609375
0.0357944454797401168111292690809932537376880645751953125
0.0278751055884172115051367057958486839197576045989990234375
0.037828751088438326843910175512064597569406032562255859375
0.036034626219266154001363844372463063336908817291259765625
0.032997936333589918123099238300710567273199558258056640625
0.034631455406741784575075371321872808039188385009765625
