0.353391418996460926482683362337411381304264068603515625
0.382785755509091274451094477626611478626728057861328125
0.33694366257916608109468370457761920988559722900390625
0.36009776741473087380285278413794003427028656005859375
0.345479260706987256757116711014532484114170074462890625
0.411411847642839167971118286004639230668544769287109375
0.40455289648102643607074924148037098348140716552734375
0.346243053821755797372361485031433403491973876953125
0.3681533229210660618235806396114639937877655029296875
0.3647948018214319798602218725136481225490570068359375
0.33022921293454299274117147433571517467498779296875
0.322057499298920302255311298722517676651477813720703125
0.386271100159797764472813241809490136802196502685546875
0.368320121884083306884605235609342344105243682861328125
0.3722332884357644200434833692270331084728240966796875
0.3276461284842115961879471797146834433078765869140625
0.3634332807338360726845394310657866299152374267578125
0.36560349529480806740622256256756372749805450439453125
0.343642310359364433480777734075672924518585205078125
0.348994749668551040855390965589322149753570556640625
0.34060252614793651293467746654641814529895782470703125
0.378826755302698992000642874700133688747882843017578125
0.34430898516040009393890386490966193377971649169921875
0.363600509135138028060652004569419659674167633056640625
0.34946521078177605890147106038057245314121246337890625
0.35061329899976978463627119708689860999584197998046875
0.36130249337472175596985834999941289424896240234375
0.386788802371351270181776271783746778964996337890625
0.373330624349183570753751837401068769395351409912109375
0.3613092720982005179308771403157152235507965087890625
0.350162703044182566092246133848675526678562164306640625
0.3339064367462782900730644541908986866474151611328125
0.381309870299859687836629973389790393412113189697265625
0.35216941653538003098589115325012244284152984619140625
0.358984688081935565673319388224626891314983367919921875
0.34217021654850621192878179499530233442783355712890625
0.35695151742244879411458668982959352433681488037109375
0.362643038928621042060740364831872284412384033203125
0.35924392343881994538179469600436277687549591064453125
0.36141149790906557104364082988467998802661895751953125
0.31916280395128848734742632586858235299587249755859375
0.41209862522076246005298116870108060538768768310546875
0.38685049610039412559814309133798815310001373291015625
0.35599617148685724909995542475371621549129486083984375
0.337058399748299597487033452125615440309047698974609375
0.3427848055873943255988933742628432810306549072265625
0.37464718098328531059593160534859634935855865478515625
0.36854820728789283723614289556280709803104400634765625
0.366581753630805418087135194582515396177768707275390625
0.349999028173894666249310603234334848821163177490234375
0.36290810078344815092776798337581567466259002685546875
0.363443425419868570980241884171846322715282440185546875
0.37077171523740848346761822540429420769214630126953125
0.350102373888656004385921960420091636478900909423828125
0.32873706928741996957654691868810914456844329833984375
0.38630098596759043783066545074689202010631561279296875
0.3573105679567316617095684705418534576892852783203125
0.358018588574626372977860455648624338209629058837890625
0.33230134357624552254861782785155810415744781494140625
0.328318576433758391175388169358484447002410888671875
0.376022651496114079794352846874971874058246612548828125
0.374835222621616281912793056108057498931884765625
0.33614385723494832891589112477959133684635162353515625
0.393042453378619149884087846658076159656047821044921875
0.33793489867940695869918954485910944640636444091796875
0.41528694082448069924140554576297290623188018798828125
0.326736478309124667163132471614517271518707275390625
0.342381543187730674748792125683394260704517364501953125
0.392330951583379994307421156918280757963657379150390625
0.38008072799957215437416380154900252819061279296875
0.348024571857165676558309996835305355489253997802734375
0.384229481969427577592313127752277068793773651123046875
0.3692090605545299553114091395400464534759521484375
0.3358193346391222799951492561376653611660003662109375
0.3181134740220346035499687786796130239963531494140625
0.3851930640856024989915340484003536403179168701171875
0.38518519822007946107333964391727931797504425048828125
0.37108545794322089772521167105878703296184539794921875
0.4057552173897749359099407229223288595676422119140625
0.320328082394829627421728446279303170740604400634765625
0.35979747348167256948414660655544139444828033447265625
0.33649364085611621622007305631996132433414459228515625
0.355036713531550252032076286923256702721118927001953125
0.395933104495410470580196715673082508146762847900390625
0.34590153582842397828045477581326849758625030517578125
0.33755615795331472828166852195863611996173858642578125
0.347877653091078709035599558774265460669994354248046875
0.423424869374482870654219368589110672473907470703125
0.374766208653936006012230564010678790509700775146484375
0.319619569472067655002689434695639647543430328369140625
0.40968060617515000831900806588237173855304718017578125
0.34645603073044883846165475915768183767795562744140625
0.38802683068571142133151852249284274876117706298828125
0.34516071633231326654112081087077967822551727294921875
0.326233673501406584716022507564048282802104949951171875
0.39707463334040493663223969633691012859344482421875
0.40216194949102990197076223921612836420536041259765625
0.377350740895324554546874651350663043558597564697265625
0.3708521828016764221302992154960520565509796142578125
0.36912882419183745685842268358101136982440948486328125
0.3871896611463834236843695180141367018222808837890625
0.33355848142048205584586639815825037658214569091796875
0.399944495598545002312818041900754906237125396728515625
0.336388178977542862124749944996437989175319671630859375
0.337162839502842703875984398109721951186656951904296875
0.3516300751674368285648597520776093006134033203125
0.37832466382245666380867987754754722118377685546875
0.36784402788822478935770732277887873351573944091796875
0.34787791374606957806037144109723158180713653564453125
0.37022027027075365968045161935151554644107818603515625
0.32403302680161638615885522085591219365596771240234375
0.35803564243647489906408054594066925346851348876953125
0.385721844823521731182580651875468902289867401123046875
0.335872308202938285592864531281520612537860870361328125
0.338512976293538603300703471177257597446441650390625
0.3717661833016592254352872259914875030517578125
0.36177755216110762948034107466810382902622222900390625
0.3448573043719047603872240870259702205657958984375
0.361248366010734234254897501159575767815113067626953125
0.358964017184092376577808636284316889941692352294921875
0.3332059363201962387535104426206089556217193603515625
0.35318987897336295844752385164611041545867919921875
0.35661390367142542512368663665256462991237640380859375
0.341815483349408089086551854052231647074222564697265625
0.361875125443142986458866516841226257383823394775390625
0.37219817983298797425817383555113337934017181396484375
0.361688021344424293079811150164459832012653350830078125
0.381548623069378256555950201800442300736904144287109375
0.37634861529757401843454545087297447025775909423828125
0.4045245046574965641639209934510290622711181640625
0.353748619753758986039571254877955652773380279541015625
0.3453375336811956852756111402413807809352874755859375
0.35906310510995853579885306317009963095188140869140625
0.3431667181014741441202886562678031623363494873046875
0.349043927214119309443418615046539343893527984619140625
0.3598307911693596761182334375916980206966400146484375
0.38192879059792239626602849966729991137981414794921875
0.3761807807783281720759305244428105652332305908203125
0.3169397341000241841157958333496935665607452392578125
0.370280340822113529508641249776701442897319793701171875
0.38410720783713137027604034301475621759891510009765625
0.33160744340038295074890584146487526595592498779296875
0.43126992605464042895846432656981050968170166015625
0.361274513412904507703160561504773795604705810546875
0.338936300800162182422781143031897954642772674560546875
0.352858430015248469846511625291896052658557891845703125
0.37948360884759291256074220655136741697788238525390625
0.345742817827276116560142327216453850269317626953125
0.357640906075118447660088349948637187480926513671875
0.3243455527081537947964307022630237042903900146484375
0.3945756246653211452013465532218106091022491455078125
