0.42489372212400688955113992051337845623493194580078125
0.389310190882534878920040455341222696006298065185546875
0.3868782046794336793027468957006931304931640625
0.379988427511542992132120843962184153497219085693359375
0.41408736550260949460522397203021682798862457275390625
0.418685205396990500759102360461838543415069580078125
0.4069765674132401755969112855382263660430908203125
0.35595608209683160527703194020432420074939727783203125
0.432380003884139274550335585445282049477100372314453125
0.401802282501432295180876508311484940350055694580078125
0.44204062316702452672956269452697597444057464599609375
0.37000639751061559223899166681803762912750244140625
0.372505330332757289557576996230636723339557647705078125
0.370248675787576198015216277781291864812374114990234375
0.414325308073744291714746168509009294211864471435546875
0.347944539858751011873749803271493874490261077880859375
0.40319862184898480617079030707827769219875335693359375
0.35144328922035350526442698537721298635005950927734375
0.3771584985458795724611036348505876958370208740234375
0.4263753886306120843840972156613133847713470458984375
0.36971313651141901601704375934787094593048095703125
0.364824333427586300349076964266714639961719512939453125
0.352832576646411710807882400331436656415462493896484375
0.40933060016499112077070776649634353816509246826171875
0.411113924621447524021533581617404706776142120361328125
0.426746537534845093997404319452471099793910980224609375
0.41385826703880990162787156805279664695262908935546875
0.395372393851740777659387049425276927649974822998046875
0.39355601603218637318803985181148163974285125732421875
0.418055861062143707673754988718428649008274078369140625
0.396702404942644804020090987251023761928081512451171875
0.421645068778456089120254546287469565868377685546875
0.427325924241092891531224040591041557490825653076171875
0.4122326251504178085127705344348214566707611083984375
0.4048681951617794094744340327451936900615692138671875
0.41272719809750102459844356417306698858737945556640625
0.4249008845687958224601743495441041886806488037109375
0.38784531149094958468737104340107180178165435791015625
0.4190219380387976144675121759064495563507080078125
0.372116999263945091858118985328474082052707672119140625
0.40432455969110059346149910197709687054157257080078125
0.408910900458570980564587671324261464178562164306640625
0.420870681674286206686019795597530901432037353515625
0.451285354221727497137095497237169183790683746337890625
0.376590413637952703407307808447512798011302947998046875
0.432115007577756282675096599632524885237216949462890625
0.396906609923751485524689996964298188686370849609375
0.405331948317669998882450954624800942838191986083984375
0.414878625429365099908096681247116066515445709228515625
0.438159228319075111368618991036782972514629364013671875
0.376293029712662707719772470227326266467571258544921875
0.3562232099223801018439417020999826490879058837890625
0.388713616437794395874760766673716716468334197998046875
0.415108993740065101984981765781412832438945770263671875
0.391387607434362683189732479149824939668178558349609375
0.3496957948942682747883736738003790378570556640625
0.42995711584981688435647129153949208557605743408203125
0.3451602031326945763112234999425709247589111328125
0.41956212229705991401118581052287481725215911865234375
0.322412956592079302797770878896699286997318267822265625
0.405216212081568105674023172468878328800201416015625
0.347757820235859493873675774011644534766674041748046875
0.4155506998154290254632314827176742255687713623046875
0.406054926326039511419452310292399488389492034912109375
0.363648896479486005706149853722308762371540069580078125
0.33307843013979299140459033878869377076625823974609375
0.400009343811669582091639085774659179151058197021484375
0.3735381633885082042212388842017389833927154541015625
0.409312812856170993303095428927917964756488800048828125
0.40461009515507750933238639845512807369232177734375
0.383349129988850012562551228256779722869396209716796875
0.437177300168970994764805482191150076687335968017578125
0.421884755557292379091194334250758402049541473388671875
0.420394518631251379314761607020045630633831024169921875
0.387139676819160116760798473478644154965877532958984375
0.432278164631467787248908507535816170275211334228515625
0.43094734639651799401605103412293829023838043212890625
0.3939595805440216924608876070124097168445587158203125
0.413171893311766513789962118607945740222930908203125
0.3989975481039405025285304873250424861907958984375
0.374387596267961308971194966943585313856601715087890625
0.444047346776644091814745252122520469129085540771484375
0.394889850810748288534313132913666777312755584716796875
0.40007057406697887902424781714216805994510650634765625
0.40447807705232097230663157461094669997692108154296875
0.397949703313489777656286605633795261383056640625
0.34941003534943637642840030821389518678188323974609375
0.394003659673516082317945574686746113002300262451171875
0.352714343340214175892555203972733579576015472412109375
0.380600189193739002480043609466520138084888458251953125
0.4429728769661898102327768356190063059329986572265625
0.40355755665494530415315921345609240233898162841796875
0.3816523572481915760334914011764340102672576904296875
0.369618442935528090931285305487108416855335235595703125
0.345525354407781815080369369752588681876659393310546875
0.400428993497998708672724887946969829499721527099609375
0.3424249539097214967142690511536784470081329345703125
0.3978203889461500164514973221230320632457733154296875
0.405589596308889077658221822275663726031780242919921875
0.449961832234414382813980637365602888166904449462890625
0.38334254429187908375098459146101959049701690673828125
0.34754575346631588761425746270106174051761627197265625
0.413178914243319483912131317993043921887874603271484375
0.429667096251050317778918952171807177364826202392578125
0.397356728153983318474473662718082778155803680419921875
0.429053514270084923598602699712500907480716705322265625
0.393372801671298677472776716967928223311901092529296875
0.414340175623829576334600233167293481528759002685546875
0.372030467817110299666438777421717531979084014892578125
0.418815219801578708658240657314308919012546539306640625
0.409994615119965211125219184395973570644855499267578125
0.404674566084666176291051442603929899632930755615234375
0.38991704752245259779641628483659587800502777099609375
0.3871885961310252977085610837093554437160491943359375
0.41761844971259398651142191738472320139408111572265625
0.38349626038911488468130528417532332241535186767578125
0.43191268790656411891148991344380192458629608154296875
0.378748078525665110571907234771060757339000701904296875
0.41516878978690308077403869901900179684162139892578125
0.38966128951296841176343832557904534041881561279296875
0.38922011923800159394204456475563347339630126953125
0.371948809365862775866418132864055223762989044189453125
0.361959177112400276588033420921419747173786163330078125
0.381037066644876520893348015306401066482067108154296875
0.396426271091476822849841710194596089422702789306640625
0.366036879658776792556551527013652957975864410400390625
0.390418325955757927747669100426719523966312408447265625
0.410184015336915008820284356261254288256168365478515625
0.41706815673839148228552176078665070235729217529296875
0.376060601389030801922075397669686935842037200927734375
0.3549203263993607748716385685838758945465087890625
0.41798631842036571004683764840592630207538604736328125
0.4366706147707584140249537085765041410923004150390625
0.42103492790678231916245977117796428501605987548828125
0.40206212414948527822389223729260265827178955078125
0.416753032077737783911430824446142651140689849853515625
0.42679652924605537833713242434896528720855712890625
0.369032564228392312433157940176897682249546051025390625
0.383235000930189084744625915845972485840320587158203125
0.38104837758304588302138427025056444108486175537109375
0.3454619065116057985420638942741788923740386962890625
0.355443928262296093834038401837460696697235107421875
0.405108549432472486717671245060046203434467315673828125
0.390077906883473601862277746477047912776470184326171875
0.405844773898948074641879202317795716226100921630859375
0.350019725037850226723179503096616826951503753662109375
0.393356377078731611618422903120517730712890625
0.39792529608149751485512979343184269964694976806640625
0.426619608942606587387302852221182547509670257568359375
0.324804592630580424295061447992338798940181732177734375
0.358992291353273984544358654602547176182270050048828125
