-0.67070785306344460341421154225827194750308990478515625
-0.78473031126309711336119789848453365266323089599609375
-1.61442306457221729232287543709389865398406982421875
-0.6941815689394530419775719565222971141338348388671875
-0.72570816071186994289377025779685936868190765380859375
-0.640025367571130932020651016500778496265411376953125
-0.60509146538368419054876312657142989337444305419921875
-0.63792369308275975736677310123923234641551971435546875
-0.6409228298862774675370701515930704772472381591796875
-0.72928477012398296164263911123271100223064422607421875
-0.6512089586209970359931276107090525329113006591796875
-0.56355243262835330586568716171314008533954620361328125
-0.6022610886091370741013406586716882884502410888671875
-1.0644271025156506471631701060687191784381866455078125
-0.68078046953757453962907675304450094699859619140625
-0.8179942115758926934887540483032353222370147705078125
-0.749273742860015357081238107639364898204803466796875
-0.57890719845479854388514695529011078178882598876953125
-0.798421843533029917949761511408723890781402587890625
-0.63801780707119426505613546396489255130290985107421875
-0.839226682270376667105438173166476190090179443359375
-0.82091892437235147728102901965030469000339508056640625
-0.77063911675321772332125647153588943183422088623046875
-0.66314905779797983509382675038068555295467376708984375
-0.7592035072860985334131100898957811295986175537109375
-0.85191251980886395500647267908789217472076416015625
-0.76490426554122448177253090761951170861721038818359375
-0.6552828822710718981170430197380483150482177734375
-0.5784749444417636166093643623753450810909271240234375
-0.59948129098213709387010794671368785202503204345703125
-0.63897381847772882768055069391266442835330963134765625
-0.6168503695683791310244714622967876493930816650390625
-0.6083520182705746126572421417222358286380767822265625
-0.6504250808258740246259321793331764638423919677734375
-0.79351794334963743349220521849929355084896087646484375
-0.71822462843185441716542527501587755978107452392578125
-0.5241811923468642220313995494507253170013427734375
-0.64638060955373777272114921288448385894298553466796875
-0.74161745888725250086537243987550027668476104736328125
-0.53941581406464045311821564609999768435955047607421875
-0.73830020217755787381719301265547983348369598388671875
-1.0180399990670483401089541075634770095348358154296875
-0.61923391684660433753606412210501730442047119140625
-0.68528622482207490751449086019420064985752105712890625
-0.58872515496730926098933878165553323924541473388671875
-1.49014765876565835611700094887055456638336181640625
-0.69718849011902184198419263339019380509853363037109375
-0.6144265133897979236365927135921083390712738037109375
-0.56613440880742904592892728032893501222133636474609375
-0.5232801133542410720878024221747182309627532958984375
-0.59118563014411928957514419380459003150463104248046875
-0.6239296958995776964940205289167352020740509033203125
-0.95305143822489213345505731922457925975322723388671875
-0.6871529250852723702536195560242049396038055419921875
-0.57286371112350364942500391407520510256290435791015625
-0.63907954123439736360268170756171457469463348388671875
-0.66718284495723956251111985693569295108318328857421875
-0.6735254166720050506000916357152163982391357421875
-1.0052794497144830199175657980958931148052215576171875
-0.63073204056480047796640064916573464870452880859375
-0.99856560005522254641618928872048854827880859375
-0.92012480196485613159751437706290744245052337646484375
-0.65134880387453952810261625927523709833621978759765625
-0.63558362597717354969262260055984370410442352294921875
-0.92937047563990005105694081066758371889591217041015625
-0.55724221516371541529366595568717457354068756103515625
-0.58009092923945082542758200361276976764202117919921875
-0.854511649675228301958895826828666031360626220703125
-0.62266474811119343346632604152546264231204986572265625
-0.5689664628644359734011004547937773168087005615234375
-0.68730794518372995138832948214258067309856414794921875
-0.58964993872116411299799665357568301260471343994140625
-0.6037104490160205561011252939351834356784820556640625
-0.71152798735945965713511895955889485776424407958984375
-0.60746460250397482649731273340876214206218719482421875
-0.6555017373766920396604973575449548661708831787109375
-0.61643440452065323409414077104884199798107147216796875
-0.76362209004571368620162274964968673884868621826171875
-0.58876221104688297725004986205021850764751434326171875
-0.61073571724390907089485835967934690415859222412109375
-0.66242504980635252831433490428025834262371063232421875
-0.84228869752369706080941114123561419546604156494140625
-0.55211206441712956660694544552825391292572021484375
-0.79852917113192056763892878734623081982135772705078125
-0.685156407815123547067059917026199400424957275390625
-1.0377622582992274136159949193825013935565948486328125
-0.833665656484200656706207155366428196430206298828125
-0.59827708884997476967981810958008281886577606201171875
-0.814400577385847146416608666186220943927764892578125
-0.51741732584888910917442217396455816924571990966796875
-0.77852837771019023360707933534285984933376312255859375
-0.61502804159021706720267275159130804240703582763671875
-0.74298562307763749146261034184135496616363525390625
-0.66021996854547981836702774671721272170543670654296875
-0.94176295260999698388815204452839680016040802001953125
-0.81065390371970058591699626049376092851161956787109375
-0.70532594839848894441303173152846284210681915283203125
-0.63769560040681227963688115778495557606220245361328125
-0.6501763849263599848171679695951752364635467529296875
-0.5536279034630264828109602603944949805736541748046875
-0.750957205729093413282271285424940288066864013671875
-0.83220902886090997174761696442146785557270050048828125
-0.62384565668951175165801714683766476809978485107421875
-0.86458823538554963050728474627248942852020263671875
-0.6999434085552262985174820641987025737762451171875
-0.86273810713775223035781891667284071445465087890625
-0.675737841621463442010053768171928822994232177734375
-0.674692878886680613703674680436961352825164794921875
-0.664099123827374793194167068577371537685394287109375
-0.72223139223067567282754453117377124726772308349609375
-0.6036850284846868586186019456363283097743988037109375
-0.7241760504744316762071321136318147182464599609375
-0.75341986583903375329640539348474703729152679443359375
-0.4731725536072557414257744312635622918605804443359375
-0.71058891318178407647820904458058066666126251220703125
-0.647304920403165784392740533803589642047882080078125
-0.78863024726638941697132167973904870450496673583984375
-0.89498478426859129353232447101618163287639617919921875
-0.719368565991661768066478543914854526519775390625
-0.80676709937117807580619910368113778531551361083984375
-0.7123622780336713589122155099175870418548583984375
-0.58035315360840922238594430382363498210906982421875
-0.56420919568499872109867965264129452407360076904296875
-0.78716342361923263837297781719826161861419677734375
-0.6743833508348491267980762131628580391407012939453125
-0.55942074130018826227939143791445530951023101806640625
-0.61705091530604949667804248747415840625762939453125
-0.87973817891916461508827751458738930523395538330078125
-0.51872271173511175224035696373903192579746246337890625
-0.752901181408038855380482345935888588428497314453125
-0.7567947776878083399054730762145482003688812255859375
-0.46662075369572197924838974358863197267055511474609375
-0.69982647797121166899358968294109217822551727294921875
-0.55041321264141751523624179753824137151241302490234375
-0.64272063220823627549549428294994868338108062744140625
-0.64106994499416725119544935296289622783660888671875
-0.5896860430606327696523294434882700443267822265625
-0.739881062431940517143402757938019931316375732421875
-0.65890680017049374495030633624992333352565765380859375
-0.6555434767435357468201573283295147120952606201171875
-0.69309918494614042305812517952290363609790802001953125
-0.71389747017771065795699314548983238637447357177734375
-1.022260881361907625120011289254762232303619384765625
-0.5053098764823642508048351373872719705104827880859375
-0.59704546343180264766914433494093827903270721435546875
-0.64106280988238550921920477776438929140567779541015625
-0.80185335051801676087279702187515795230865478515625
-0.76030301172629977113359700524597428739070892333984375
-0.594069440586356467548512227949686348438262939453125
-0.481854113759985214215930682257749140262603759765625
-0.637610151214953901899207266978919506072998046875
