0.939503050061056388386759863351471722126007080078125
0.9714860576651453971663841002737171947956085205078125
1.0329248620817772508218013172154314815998077392578125
0.94690688861488803151900128796114586293697357177734375
0.9491747489538162607658478009398095309734344482421875
0.88731010806421084513573305230238474905490875244140625
0.9261258048366405315476868054247461259365081787109375
1.001966598295363386483813883387483656406402587890625
0.85357576186019701314222629662253893911838531494140625
1.0404959675830180998445939621888101100921630859375
0.89580841016055157144393206181121058762073516845703125
0.9167761062187047560456676364992745220661163330078125
0.95031042866179660233427739512990228831768035888671875
0.9628394102790045483430958483950234949588775634765625
0.9919905677446048120060595465474762022495269775390625
0.9740140856926091661449618186452426016330718994140625
0.96958716551447909903771460449206642806529998779296875
0.84461395395518312767535462626256048679351806640625
0.90995227068531259195793836624943651258945465087890625
0.93674561281458934569599250608007423579692840576171875
0.9475235205851564312951040847110562026500701904296875
1.0617225749363321529727954839472658932209014892578125
0.8709083313786916136223226203583180904388427734375
0.95437097146097238375972438007011078298091888427734375
0.925490115543040392509510638774372637271881103515625
0.96984698089808307752690552661078982055187225341796875
0.99427370135814563401055465874378569424152374267578125
0.934161089810237488251232207403518259525299072265625
1.0144588752711867218891939046443440020084381103515625
0.934157236446651051409162391792051494121551513671875
0.91532122537126625605452545642037875950336456298828125
0.9802615224028681240042715216986835002899169921875
1.03569078491394694907512530335225164890289306640625
0.974429325250623978860176066518761217594146728515625
1.03107557055254250855114150908775627613067626953125
0.83709512386824924679018522510887123644351959228515625
1.004781430641648487522843424812890589237213134765625
0.93840769253917410974707991044851951301097869873046875
0.85836853068382701348326691004331223666667938232421875
0.96383713161397588375933764837100170552730560302734375
0.92749593797409790596475431811995804309844970703125
0.96818026668627277242507034316076897084712982177734375
0.89078120912281144594402348957373760640621185302734375
0.9960942507357681829915918569895438849925994873046875
1.0193326270275424594302648984012193977832794189453125
1.022165240225585858269141681375913321971893310546875
0.97617301126843070147032221939298324286937713623046875
0.94877833955549295552600597147829830646514892578125
0.91909390768333276700019496274762786924839019775390625
0.91393595765286317345044153626076877117156982421875
0.91209187908570488190207470324821770191192626953125
0.90802687543853732865528627371531911194324493408203125
1.02536516451087234003125558956526219844818115234375
0.98839610154770785044320291490294039249420166015625
0.88314520589309497555774441934772767126560211181640625
0.87451656940099764536711290929815731942653656005859375
0.99121539559560012389027860990609042346477508544921875
0.992422582579798540081128521705977618694305419921875
0.97266182658984601250296009311568923294544219970703125
0.968458678214186630128779142978601157665252685546875
0.96682580491522440713225705621880479156970977783203125
0.92756340079440524615250751594430766999721527099609375
1.025738582900748152582082184380851686000823974609375
0.83725342453808615506005708084558136761188507080078125
0.95320347408338113037729044663137756288051605224609375
0.9066407414572399403596136835403740406036376953125
0.91870923564535933447672277907258830964565277099609375
0.9329375584944887833671600674279034137725830078125
0.98417697936674752856589520888519473373889923095703125
0.9900097292888485611683790921233594417572021484375
0.96406649335964988978275869158096611499786376953125
0.904838849653005095063917906372807919979095458984375
0.9454397820556466047747790071298368275165557861328125
1.0407829456531019207687904781778343021869659423828125
0.90696569248212866032332613031030632555484771728515625
1.0597580187677697605153070981032215058803558349609375
0.92197963904608071228352628168067894876003265380859375
0.9280310829852844722864801951800473034381866455078125
0.91576287151397206542924323002807796001434326171875
0.93356332182872703295828387126675806939601898193359375
0.89507156386823927274321022196090780198574066162109375
0.92972378303233582652609356955508701503276824951171875
1.0017760769169183898696928736171685159206390380859375
0.93652858306072406247011485902476124465465545654296875
1.005425444990666772326903810608200728893280029296875
1.027204869751418669920894899405539035797119140625
0.99812064774599640326613325669313780963420867919921875
0.9656744777301196069885236283880658447742462158203125
0.9532143974303812772319588475511409342288970947265625
0.98063697550061146301914050127379596233367919921875
0.93154737204550064344488191636628471314907073974609375
0.96516007782849733143137882507289759814739227294921875
1.086652052045087746279250495717860758304595947265625
1.025535729327695211310356171452440321445465087890625
0.9847850240223134932193715940229594707489013671875
0.98029300340502667499009703533374704420566558837890625
0.952106075641200533254959736950695514678955078125
0.97178405697827019427137429374852217733860015869140625
0.95618538935573982318061325713642872869968414306640625
0.86732622954728777475708056954317726194858551025390625
1.0405346095476974976890005564200691878795623779296875
0.89802287751438136798043387898360379040241241455078125
0.96914267050056623897802410283475182950496673583984375
1.0570553785584186901047587525681592524051666259765625
0.97464734597729207887795155329513363540172576904296875
0.9713636634947875325707400406827218830585479736328125
0.96748753681586141528470079720136709511280059814453125
0.93961376884162550737755736918188631534576416015625
0.98143040118232971469325320867937989532947540283203125
1.0122121541437556491160876248613931238651275634765625
0.9389752185258541938850385122350417077541351318359375
0.96076460912522454460571452727890573441982269287109375
0.95226885713635456287562419674941338598728179931640625
1.02547053730175807828572942526079714298248291015625
0.9874291937678842945302903899573720991611480712890625
0.954678989092378582625997296418063342571258544921875
1.01551841526714081709314996260218322277069091796875
1.016213785837698946323826021398417651653289794921875
0.86170397288356592735425465434673242270946502685546875
1.006601919847554427178693003952503204345703125
1.0042267244178983975899654979002662003040313720703125
0.8918015188421344330294004976167343556880950927734375
1.0368220596293780122465477688820101320743560791015625
1.05853227446456887861359064118005335330963134765625
1.015826437670872106622255159891210496425628662109375
0.85198176262884384168927454084041528403759002685546875
0.97652761976338309235501355942687951028347015380859375
0.991458620836748405480420842650346457958221435546875
0.87185372217559364838024293931084685027599334716796875
0.90998795185393499540538186920457519590854644775390625
1.061983214103769501690521792625077068805694580078125
0.88412953625659917999968229196383617818355560302734375
0.87299537699084595043785839152405969798564910888671875
0.84385651174580555977655649257940240204334259033203125
1.06146081128668168247486391919665038585662841796875
0.96122919217423696824909029601258225739002227783203125
0.979644275239692330359275729279033839702606201171875
1.0442356909921850505185147994779981672763824462890625
1.020840209665851094911204199888743460178375244140625
0.9543043524365077967530623936909250915050506591796875
1.011007603832461132498110600863583385944366455078125
0.976243467878075588117781080654822289943695068359375
0.9393156902904313820812376434332691133022308349609375
0.9153603583741922733452156535349786281585693359375
0.97267302422698886932295181395602412521839141845703125
0.9943133750187687081023568680393509566783905029296875
1.0323465881612339245521070552058517932891845703125
0.9773395855132200882309234657441265881061553955078125
0.98296083947676649028579731748322956264019012451171875
0.90938143764982803940455369229312054812908172607421875
0.90198053019204549318743602270842529833316802978515625
