0.22432655
0.17811392
0.2606718
0.19636443
0.25294974
0.2545345
0.21579584
0.20483242
0.180544
0.2256404
0.24351884
0.24655388
0.19505659
0.21648715
0.20967281
0.23084776
0.26179013
0.22184762
0.19213527
0.2444422
0.23605083
0.19986627
0.26060215
0.21434927
0.2542097
0.2461054
0.21273361
0.2484401
0.21539986
0.20790146
0.2320183
0.20536107
0.23637122
0.23157942
0.23775324
0.27109882
0.18841067
0.18236256
0.2601234
0.2731095
0.26094022
0.20492329
0.22939947
0.21822503
0.24213314
0.24389708
0.18847571
0.22799699
0.20389478
0.26493835
0.21151674
0.23799594
0.21950607
0.2013889
0.25662622
0.21571398
0.23282015
0.25101295
0.236924
0.26151127
0.2541459
0.21982281
0.23719968
0.22647278
0.24637954
0.20619991
0.2168865
0.2614222
0.17420457
0.18088524
0.2361937
0.20461923
0.21341349
0.24694555
0.26242986
0.22560662
0.22170137
0.25545484
0.21598725
0.2679253
0.24037921
0.24082226
0.2611575
0.23445067
0.23858696
0.24188031
0.1989715
0.18712814
0.20194271
0.2732963
0.2823904
0.21556145
0.25777456
0.24060124
0.29280862
0.18659402
0.22188081
0.19356291
0.22309452
0.22554149
0.23517226
0.24220031
0.23455758
0.25728223
0.23163347
0.21286431
0.21930574
0.23753646
0.2417117
0.1968315
0.2416148
0.2621635
0.20987572
0.2264011
0.23717634
0.20471318
0.20447972
0.20038253
0.18397231
0.2064698
0.21407416
0.24190387
0.18715625
0.21877496
0.2428411
0.2696482
0.2255096
0.203182
0.23795758
0.1947132
0.19351895
0.24066299
0.21745986
0.25180265
0.24191779
0.22594284
0.24081507
0.23132785
0.2799838
0.24731489
0.15681158
0.24786516
0.2358609
0.2173679
0.23478918
0.20757468
0.21694434
0.24058813
0.22960578
0.23246443
0.25430536
