0.39978734905097412788421706864028237760066986083984375
0.42115042189603058009339520140201784670352935791015625
0.41093639435985995778111146137234754860401153564453125
0.438450019087808395834571228988352231681346893310546875
0.40688148082699793217642536546918563544750213623046875
0.405028719695865235816967242499231360852718353271484375
0.4431245703440123140381956545752473175525665283203125
0.427288181478313600081264667096547782421112060546875
0.43229066757886325245152647767099551856517791748046875
0.4087501180337895778649226485867984592914581298828125
0.40264001719868514062028452826780267059803009033203125
0.39931094049582760430183725475217215716838836669921875
0.421305794854936355164909400627948343753814697265625
0.43103486757199782619665029415045864880084991455078125
0.41361481670725819270728607079945504665374755859375
0.38826630001379758283519549877382814884185791015625
0.403310956554893407233208790785283781588077545166015625
0.425549291489900449736438758918666280806064605712890625
0.398475041848611988282158336005522869527339935302734375
0.41159075264713329556087728633428923785686492919921875
0.38012973384408699217829052940942347049713134765625
0.41869867468341304128642832438345067203044891357421875
0.38984214108081627347957009988022036850452423095703125
0.384359246868817672204698965288116596639156341552734375
0.3833736959347309181111995712853968143463134765625
0.41228316836548850599086790680303238332271575927734375
0.407582355034360077628008411920745857059955596923828125
0.46205858729642745874599540911731310188770294189453125
0.41826044082592683803767386052641086280345916748046875
0.42831648062483396177668737436761148273944854736328125
0.3947066005041219849402978070429526269435882568359375
0.37713341946156042627791293853078968822956085205078125
0.408950612246371303371006433735601603984832763671875
0.423174785954702648016478860881761647760868072509765625
0.411898610531706010906560777584672905504703521728515625
0.39346575855137977395514781164820306003093719482421875
0.407530164455732479833471870733774267137050628662109375
0.38131027219527002802834658723440952599048614501953125
0.4033821029465964880245110180112533271312713623046875
0.39264896228442258685475962920463643968105316162109375
0.37479483719268136265867497058934532105922698974609375
0.443149999740182820584522005447070114314556121826171875
0.41923376997467098892258263731491751968860626220703125
0.42502248264315978243388371993205510079860687255859375
0.400835588278281529373003877481096424162387847900390625
0.398878170385471408909694446265348233282566070556640625
0.44785211231960342370683747503790073096752166748046875
0.407552733908047637445548616597079671919345855712890625
0.428794539833316334931367919125477783381938934326171875
0.37911494731245454214985102225909940898418426513671875
0.3958835022823128380053958608186803758144378662109375
0.40762589156447448512921027941047213971614837646484375
0.42550542688430870175153586387750692665576934814453125
0.3946179224129660045861101025366224348545074462890625
0.385212491606317097847522745723836123943328857421875
0.416285675535246257883414955358603037893772125244140625
0.4406887617766288567366927964030764997005462646484375
0.389459616731780589038436346527305431663990020751953125
0.367053862508779416007342888406128622591495513916015625
0.381157657163028906754931313116685487329959869384765625
0.423693601903552430343324886052869260311126708984375
0.405840588552880687789325975245446898043155670166015625
0.38019607436880364925713138291030190885066986083984375
0.4228735671521086647572928995941765606403350830078125
0.41611034377474653833672846303670667111873626708984375
0.474184068961738092173874292711843736469745635986328125
0.36932672202797667271312320735887624323368072509765625
0.388618139726947531276124436772079207003116607666015625
0.45698964316922729977932249312289059162139892578125
0.42747131967938145624685830625821836292743682861328125
0.382762150440999426859178811355377547442913055419921875
0.44463466083515601479092538284021429717540740966796875
0.456525851778682600912162570239161141216754913330078125
0.38628649661995317909912728282506577670574188232421875
0.3505597088270107075658188477973453700542449951171875
0.43224591844042981048090723561472259461879730224609375
0.37395160617468226060822189538157545030117034912109375
0.44334043475863660344060690476908348500728607177734375
0.4587160134306362824219149842974729835987091064453125
0.372610082220111049622346399701200425624847412109375
0.374225437183349052272518520112498663365840911865234375
0.3698000120976325799659889526083134114742279052734375
0.39966033692299729462860113926581107079982757568359375
0.42832853328358944100529015486245043575763702392578125
0.415443595133946408370917424690560437738895416259765625
0.386204033466032381483046265202574431896209716796875
0.426697253704768020288184970922884531319141387939453125
0.42145525486828672168115872409543953835964202880859375
0.433438597158370353401579677665722556412220001220703125
0.377407131833298714607138890642090700566768646240234375
0.440186949180158271222040866632596589624881744384765625
0.38870100591387346522509460555738769471645355224609375
0.4400459960948224225063540870905853807926177978515625
0.384403400477140888558125197960180230438709259033203125
0.369601768383370721249292500942829065024852752685546875
0.436733870871119866929888075901544652879238128662109375
0.44362835341849449211082401234307326376438140869140625
0.437139231846327247499317536494345404207706451416015625
0.4407203496635274664328107974142767488956451416015625
0.433963113539721001554738677441491745412349700927734375
0.4100004431530079873624572428525425493717193603515625
0.35485450906851745411785259420867078006267547607421875
0.471602644518183511390674311769544146955013275146484375
0.379625655326476685313963344015064649283885955810546875
0.381185888541552386765687288061599247157573699951171875
0.425416630291369612937302235877723433077335357666015625
0.4055636454080957520318406750448048114776611328125
0.4062377136529311538737374576157890260219573974609375
0.40639623224558618641566454243729822337627410888671875
0.4049991196273829974217051130835898220539093017578125
0.392823155817698721481434631641604937613010406494140625
0.388769962222348441915897865328588522970676422119140625
0.42344586068529055378206749082892201840877532958984375
0.382375967203239353064958550021401606500148773193359375
0.395903218709795223784198014982393942773342132568359375
0.400892871453606858267448842525482177734375
0.425896845094281939481106746825389564037322998046875
0.394120823899427985548271635707351379096508026123046875
0.429957666622871992334609103636466898024082183837890625
0.4140991244577272301086168226902373135089874267578125
0.40425868847130475014495232244371436536312103271484375
0.40352850739901968690759304081439040601253509521484375
0.431689167277542640288601205611485056579113006591796875
0.364334185849853664507236317149363458156585693359375
0.4087617941843848523575388753670267760753631591796875
0.3766306545963280516531312969163991510868072509765625
0.412956435423365297854303435087786056101322174072265625
0.41466562887542057769252323851105757057666778564453125
0.424566950894057271170822787098586559295654296875
0.47668284844275365941257405211217701435089111328125
0.395492284522882153741107913447194732725620269775390625
0.40842177711786253890835496349609456956386566162109375
0.4350589839235869948907975413021631538867950439453125
0.38062448266715931399772898657829500734806060791015625
0.4320415123603387197448455481207929551601409912109375
0.38383795379185781104780517125618644058704376220703125
0.39580304709796843010138900353922508656978607177734375
0.4709341849081969400003799819387495517730712890625
0.367105894430292900576517922672792337834835052490234375
0.413882543754538811953125332365743815898895263671875
0.453317842774140888906231339205987751483917236328125
0.378866018260697601238717879823525436222553253173828125
0.45459312083478942145831069865380413830280303955078125
0.436873944497607968884267393150366842746734619140625
0.378844668440923626473448848628322593867778778076171875
0.382460946552117209140675413436838425695896148681640625
0.455241514049467832503381714559509418904781341552734375
0.427357050501571855694038504225318320095539093017578125
0.389250719148615254017187226054375059902667999267578125
0.3780836590353942039399726127157919108867645263671875
0.451818571924146983320724757504649460315704345703125
