0.05409751984730808149759440084380912594497203826904296875
0.062222236630530634859947980430661118589341640472412109375
0.06930075569862348405791863115155138075351715087890625
0.0631306047955286775419381228857673704624176025390625
0.0515272259361022888501935312888235785067081451416015625
0.056762942200573297812926654160037287510931491851806640625
0.07841553406445651852596512298987363465130329132080078125
0.07139961445260532835188627132083638571202754974365234375
0.06975492667930749401961065814248286187648773193359375
0.06074138290411963680970330869968165643513202667236328125
0.05458952811216037648289756134545314125716686248779296875
0.045758642182572188683575831191774341277778148651123046875
0.06403998968469758190646956563796265982091426849365234375
0.060898706858921271278806131022065528668463230133056640625
0.07431923656204870998198686038449523039162158966064453125
0.05947100245476165392144451971034868620336055755615234375
0.0544249916427498037219123716567992232739925384521484375
0.061430716576301898357304054343330790288746356964111328125
0.057102665487869304350443400153380935080349445343017578125
0.07235099060877743515352022996012237854301929473876953125
0.08025309753257958700345398028730414807796478271484375
0.05105135027504752176508162619938957504928112030029296875
0.058910380606662204883150479872711002826690673828125
0.0708344420450454370641324430835084058344364166259765625
0.064619722775905719114319936124957166612148284912109375
0.054349678228739407848113529553302214480936527252197265625
0.048779021360919321004256943297150428406894207000732421875
0.0604017297870218239363993006918462924659252166748046875
0.06397114024977638979674310348855215124785900115966796875
0.08672475023608634814298312676328350789844989776611328125
0.055884870566836990224413028727212804369628429412841796875
0.05379096658919800544307321388259879313409328460693359375
0.0694652907648069806167967499277438037097454071044921875
0.0721913129222444549526471746503375470638275146484375
0.061296478387319629221874350832877098582684993743896484375
0.0823706528839596996416361207593581639230251312255859375
0.05581013736109498302173648198731825686991214752197265625
0.09139001937438633038635060756860184483230113983154296875
0.0812719931905287185092134905062266625463962554931640625
0.051418238405642226196423649753342033363878726959228515625
0.05606360138959380623457917636187630705535411834716796875
0.06428418181048474455696606355559197254478931427001953125
0.064773391880006914167466902654268778860569000244140625
0.056988685305790577617646164299003430642187595367431640625
0.050192073859293438731210557079975842498242855072021484375
0.07897754710065567340659953288195538334548473358154296875
0.06410113045171446366499168334485148079693317413330078125
0.06129627563776370025028228383234818466007709503173828125
0.076610088933698416990836221884819678962230682373046875
0.07370395064601990842145795568285393528640270233154296875
0.05560812588922503518773510222672484815120697021484375
0.059665698645516053455484239975703530944883823394775390625
0.0712702462901082522961360155022703111171722412109375
0.06127776988265333513172805623980821110308170318603515625
0.058107760044054886094944123442473937757313251495361328125
0.06447675632873846318648958231278811581432819366455078125
0.0467512653575823111662401743160444311797618865966796875
0.074048056676114359930807040655054152011871337890625
0.062370148664555140338716654468953493051230907440185546875
0.06510402982238717994878385297852219082415103912353515625
0.0484788281486064065450847238025744445621967315673828125
0.06709898358218120695273256615109858103096485137939453125
0.058897580599342740093060655226508970372378826141357421875
0.060792142080494625255848717415574355982244014739990234375
0.046968451455728921217769311624579131603240966796875
0.0713917169741808688154804940495523624122142791748046875
0.051079282492440487850604569075585459358990192413330078125
0.06095171055946491112109697496634908020496368408203125
0.06070006379066834878432956656979513354599475860595703125
0.060320385298470440005313975007084081880748271942138671875
0.064092549295153233845923068656702525913715362548828125
0.05487310548549219346714522771435440517961978912353515625
0.051990357672488253515385991931907483376562595367431640625
0.06781423509244376146565258522969088517129421234130859375
0.049831195887747557760061312137622735463082790374755859375
0.06554827392127904328589238502900116145610809326171875
0.07648306332113248562354357318326947279274463653564453125
0.06417600580396555509654632487581693567335605621337890625
0.061022687035551269330024837245218805037438869476318359375
0.074385107483234291780860303333611227571964263916015625
0.06771849995742136585352710653751273639500141143798828125
0.08195256127911232368887795018963515758514404296875
0.059974454585296786690573611622312455438077449798583984375
0.058179060764951183448712157542104250751435756683349609375
0.06285367867440812272850081399155897088348865509033203125
0.0734051495976515422370312080602161586284637451171875
0.0659440972518889056974700224600383080542087554931640625
0.0708440699087366232422624534592614509165287017822265625
0.053917390087586759828131022231900715269148349761962890625
0.06280199900106291088786036880264873616397380828857421875
0.053734427084233850335781568219317705370485782623291015625
0.07176500784753477024668910644322750158607959747314453125
0.06366086880412169524134924358804710209369659423828125
0.06506770177213071215671646996270283125340938568115234375
0.06657280019919960267760217220711638219654560089111328125
0.0656295520532186038575872544242884032428264617919921875
0.08166194257547183810164170836287667043507099151611328125
0.0549721886027273176633656248668557964265346527099609375
0.057050425384965026964767531580946524627506732940673828125
0.04887720352738193774211339359681005589663982391357421875
0.04909546527841525398461186568965786136686801910400390625
0.048632472117051406268473101590643636882305145263671875
0.05785819731611661909109756152247427962720394134521484375
0.058529025935063531960178551116769085638225078582763671875
0.058842898915467171938598056613045628182590007781982421875
0.059421643887007664919241989309739437885582447052001953125
0.06887348553326792799378353038264322094619274139404296875
0.0746314213184409158685639340546913444995880126953125
0.052121314956370345949920874772942624986171722412109375
0.057009431847965259809729587914262083359062671661376953125
0.059841516999008838306739477275186800397932529449462890625
0.06678764860612902698466797346554812975227832794189453125
0.0498660363723193444940307017532177269458770751953125
0.0802625740015396604842834449300426058471202850341796875
0.0734707650174035997725496827115421183407306671142578125
0.06210517259766799857967356501831091009080410003662109375
0.051355395735880833563147263021164690144360065460205078125
0.063459690620801201266232283160206861793994903564453125
0.055257815176403483892197954219227540306746959686279296875
0.05384961662200661580701677166871377266943454742431640625
0.051217716491793040256563784851095988415181636810302734375
0.0634384120357928960043381039213272742927074432373046875
0.0623738453635855061296666690395795740187168121337890625
0.08571385106865085645733159935844014398753643035888671875
0.04520779392036490540451865172144607640802860260009765625
0.076279992155337039694273926215828396379947662353515625
0.06369517446399740323581539769293158315122127532958984375
0.07552662852222884193320595613840851001441478729248046875
0.063868186183797914790005734175792895257472991943359375
0.049144808227713034087802412841483601368963718414306640625
0.077760077774134572781150609444011934101581573486328125
0.0631917467573548663484217513541807420551776885986328125
0.05750940303389218133389704235014505684375762939453125
0.046578373228853588161602061745725222863256931304931640625
0.047322485382616928661914101894581108354032039642333984375
0.075389602240836239843702060170471668243408203125
0.0618749368272192012963017759830108843743801116943359375
0.07037032783983680761519252655489253811538219451904296875
0.049863364193402003043953385486020124517381191253662109375
0.06381917596429576011729523088433779776096343994140625
0.06175642290825701652412504927269765175879001617431640625
0.071679426939440349375587402391829527914524078369140625
0.047785817851896401908806666369855520315468311309814453125
0.06761971393998733592667349512339569628238677978515625
0.062153990227527482204106235030849347822368144989013671875
0.04188343489125710694676030243499553762376308441162109375
0.05257953713413461571679619055430521257221698760986328125
0.0533524513667157085361480994833982549607753753662109375
0.0621930076513267093840653387815109454095363616943359375
0.0758669586012139796071807040789281018078327178955078125
0.07498509184881761713281633774386136792600154876708984375
