0.000000000000000000000000000000000013541694921472752091799844908800270208471027214014448247780819656327366828918457
0.0000000000000000000000000000000000157986440750515441070998190602669819098828650830168562890776229323819279670715332
0.0000000000000000000000000000000000127893785369464880866998535249780329746670812576803122340152185643091797828674316
0.0000000000000000000000000000000000142940113059990160968998362926225074422749731703485842615464207483455538749694824
0.0000000000000000000000000000000000142940113059990160968998362926225074422749731703485842615464207483455538749694824
0.000000000000000000000000000000000013541694921472752091799844908800270208471027214014448247780819656327366828918457
0.0000000000000000000000000000000000120370621524202240815998621411557957408631353013461762202496174722909927368164062
0.0000000000000000000000000000000000142940113059990160968998362926225074422749731703485842615464207483455538749694824
0.0000000000000000000000000000000000142940113059990160968998362926225074422749731703485842615464207483455538749694824
0.00000000000000000000000000000000000978011299884143206629988798968908403945129743234376817895281419623643159866333008
0.000000000000000000000000000000000013541694921472752091799844908800270208471027214014448247780819656327366828918457
0.0000000000000000000000000000000000120370621524202240815998621411557957408631353013461762202496174722909927368164062
0.000000000000000000000000000000000013541694921472752091799844908800270208471027214014448247780819656327366828918457
0.0000000000000000000000000000000000127893785369464880866998535249780329746670812576803122340152185643091797828674316
0.0000000000000000000000000000000000142940113059990160968998362926225074422749731703485842615464207483455538749694824
0.0000000000000000000000000000000000112847457678939587401175157112357354367909557692711007988855763277484567097966347791756795064348206647508732203277759253978729248046875
0.0000000000000000000000000000000000142940113059990160968998362926225074422749731703485842615464207483455538749694824
0.0000000000000000000000000000000000127893785369464880866998535249780329746670812576803122340152185643091797828674316
0.0000000000000000000000000000000000150463276905252801019998276764447446760789191266827202753120218403637409210205078
0.0000000000000000000000000000000000142940113059990160968998362926225074422749731703485842615464207483455538749694824
0.0000000000000000000000000000000000120370621524202240815998621411557957408631353013461762202496174722909927368164062
0.0000000000000000000000000000000000157986440750515441070998190602669819098828650830168562890776229323819279670715332
0.00454645494625639974561881473391622421331703662872314453125
0.0000000000000000000000000000000000127893785369464880866998535249780329746670812576803122340152185643091797828674316
0.0000000000000000000000000000000000127893785369464880866998535249780329746670812576803122340152185643091797828674316
0.0000000000000000000000000000000000127893785369464880866998535249780329746670812576803122340152185643091797828674316
0.00000000000000000000000000000000000978011299884143206629988798968908403945129743234376817895281419623643159866333008
0.0000000000000000000000000000000000150463276905252801019998276764447446760789191266827202753120218403637409210205078
0.000000000000000000000000000000000013541694921472752091799844908800270208471027214014448247780819656327366828918457
0.0000000000000000000000000000000000142940113059990160968998362926225074422749731703485842615464207483455538749694824
0.0000000000000000000000000000000000112847457678939587401175157112357354367909557692711007988855763277484567097966347791756795064348206647508732203277759253978729248046875
0.00000000000000000000000000000000000978011299884143206629988798968908403945129743234376817895281419623643159866333008
0.0000000000000000000000000000000000127893785369464880866998535249780329746670812576803122340152185643091797828674316
0.0000000000000000000000000000000000142940113059990160968998362926225074422749731703485842615464207483455538749694824
0.00000000000000000000000000000000000902779661431516806119989660586684680564735147600963216518721310421824455261230469
0.000000000000000000000000000000000013541694921472752091799844908800270208471027214014448247780819656327366828918457
0.0000000000000000000000000000000000105324293833676960713998793735113212732552433886779041927184152882546186447143555
0.0000000000000000000000000000000000142940113059990160968998362926225074422749731703485842615464207483455538749694824
0.0000000000000000000000000000000000127893785369464880866998535249780329746670812576803122340152185643091797828674316
0.0000000000000000000000000000000000105324293833676960713998793735113212732552433886779041927184152882546186447143555
0.0000000000000000000000000000000000127893785369464880866998535249780329746670812576803122340152185643091797828674316
0.0000000000000000000000000000000000142940113059990160968998362926225074422749731703485842615464207483455538749694824
0.0000000000000000000000000000000000142940113059990160968998362926225074422749731703485842615464207483455538749694824
0.000000000000000000000000000000000013541694921472752091799844908800270208471027214014448247780819656327366828918457
0.0000000000000000000000000000000000112847457678939587401175157112357354367909557692711007988855763277484567097966347791756795064348206647508732203277759253978729248046875
0.0000000000000000000000000000000000120370621524202240815998621411557957408631353013461762202496174722909927368164062
0.00000005639122142119878582658954444851995280174605795764364302158355712890625
0.0000000000000000000000000000000000127893785369464880866998535249780329746670812576803122340152185643091797828674316
0.000000000000000000000000000000000013541694921472752091799844908800270208471027214014448247780819656327366828918457
0.0000000000000000000000000000000000142940113059990160968998362926225074422749731703485842615464207483455538749694824
0.0000000000000000000000000000000000127893785369464880866998535249780329746670812576803122340152185643091797828674316
0.0000000000000000000000000000000000127893785369464880866998535249780329746670812576803122340152185643091797828674316
0.0000000000000000000000000000000000157986440750515441070998190602669819098828650830168562890776229323819279670715332
0.000000000000000000000000000000000013541694921472752091799844908800270208471027214014448247780819656327366828918457
0.0000000000000000000000000000000000150463276905252801019998276764447446760789191266827202753120218403637409210205078
0.0000000000000000000000000000000000105324293833676960713998793735113212732552433886779041927184152882546186447143555
0.0000000000000000000000000000000000142940113059990160968998362926225074422749731703485842615464207483455538749694824
0.000000000000000000000000000000000013541694921472752091799844908800270208471027214014448247780819656327366828918457
0.0000000000000000000000000000000000142940113059990160968998362926225074422749731703485842615464207483455538749694824
0.0000000000000000000000000000000000127893785369464880866998535249780329746670812576803122340152185643091797828674316
0.0000000000000000000000000000000000105324293833676960713998793735113212732552433886779041927184152882546186447143555
0.0000000000000000000000000000000000127893785369464880866998535249780329746670812576803122340152185643091797828674316
0.0000000000000000000000000000000000150463276905252801019998276764447446760789191266827202753120218403637409210205078
0.0000000000000000000000000000000000127893785369464880866998535249780329746670812576803122340152185643091797828674316
0.0000000000000000000000000000000000142940113059990160968998362926225074422749731703485842615464207483455538749694824
0.000000000000000000000000000000000013541694921472752091799844908800270208471027214014448247780819656327366828918457
0.0000000000000000000000000000000000120370621524202240815998621411557957408631353013461762202496174722909927368164062
0.0000000000000000000000000000000000142940113059990160968998362926225074422749731703485842615464207483455538749694824
0.000000000000000000000000000000000013541694921472752091799844908800270208471027214014448247780819656327366828918457
0.0000000000000000000000000000000000127893785369464880866998535249780329746670812576803122340152185643091797828674316
0.0000000000000000000000000000000000142940113059990160968998362926225074422749731703485842615464207483455538749694824
0.000000000000000000000000000000000013541694921472752091799844908800270208471027214014448247780819656327366828918457
0.0000000000000000000000000000000000142940113059990160968998362926225074422749731703485842615464207483455538749694824
0.000000000000000000000000000000000013541694921472752091799844908800270208471027214014448247780819656327366828918457
0.0000000000000000000000000000000000105324293833676960713998793735113212732552433886779041927184152882546186447143555
0.0000000000000000000000000000000000142940113059990160968998362926225074422749731703485842615464207483455538749694824
0.0000000000000000000000000000000000127893785369464880866998535249780329746670812576803122340152185643091797828674316
0.0000000000000000000000000000000000142940113059990160968998362926225074422749731703485842615464207483455538749694824
0.0000000000000000000000000000000000127893785369464880866998535249780329746670812576803122340152185643091797828674316
0.0000000000000000000000000000000000120370621524202240815998621411557957408631353013461762202496174722909927368164062
0.0000000000000000000000000000000000127893785369464880866998535249780329746670812576803122340152185643091797828674316
0.0000000000000000000000000000000000127893785369464880866998535249780329746670812576803122340152185643091797828674316
0.0000000000000000000000000000000000150463276905252801019998276764447446760789191266827202753120218403637409210205078
0.005259044314989799913384604934663002495653927326202392578125
0.0000000000000000000000000000000000165509604595778081121998104440892191436868110393509923028432240244001150131225586
0.000000000000000000000000000000000013541694921472752091799844908800270208471027214014448247780819656327366828918457
0.0000000000000000000000000000000000127893785369464880866998535249780329746670812576803122340152185643091797828674316
0.000000000000000000000000000000000013541694921472752091799844908800270208471027214014448247780819656327366828918457
0.0000000000000000000000000000000000082754802297889040560999052220446095718434055196754961514216120122000575065612793
0.0000000000000000000000000000000000150463276905252801019998276764447446760789191266827202753120218403637409210205078
0.0000000000000000000000000000000000142940113059990160968998362926225074422749731703485842615464207483455538749694824
0.0000000000000000000000000000000000105324293833676960713998793735113212732552433886779041927184152882546186447143555
0.0000000000000000000000000000000000150463276905252801019998276764447446760789191266827202753120218403637409210205078
0.0000000000000000000000000000000000127893785369464880866998535249780329746670812576803122340152185643091797828674316
0.0000000000000000000000000000000000142940113059990160968998362926225074422749731703485842615464207483455538749694824
0.0000000000000000000000000000000000150463276905252801019998276764447446760789191266827202753120218403637409210205078
0.0000000000000000000000000000000000105324293833676960713998793735113212732552433886779041927184152882546186447143555
0.0000000000000000000000000000000000082754802297889040560999052220446095718434055196754961514216120122000575065612793
0.0000000000000000000000000000000000150463276905252801019998276764447446760789191266827202753120218403637409210205078
0.0000000000000000000000000001288324008695568993119620287028708680959572322474300053073595475716784684925945991817997082762303762137889862060546875
0.0000000000000000000000000000000000142940113059990160968998362926225074422749731703485842615464207483455538749694824
0.0000000000000000000000000000000000157986440750515441070998190602669819098828650830168562890776229323819279670715332
0.000000000000000000000000000000000013541694921472752091799844908800270208471027214014448247780819656327366828918457
0.00000000000000000000000000000000000978011299884143206629988798968908403945129743234376817895281419623643159866333008
0.0000000000000000000000000000000000150463276905252801019998276764447446760789191266827202753120218403637409210205078
0.0000000000000000000000000000000000142940113059990160968998362926225074422749731703485842615464207483455538749694824
0.0000000000000000000000000000000000142940113059990160968998362926225074422749731703485842615464207483455538749694824
0.000000000000000000000000000000000013541694921472752091799844908800270208471027214014448247780819656327366828918457
0.000000000000000000000000000000000013541694921472752091799844908800270208471027214014448247780819656327366828918457
0.000000000000000000000000000000463997148687649535257460485903435391846454100136729059578044598310953006148338318
0.0000000000000000000000000000000000150463276905252801019998276764447446760789191266827202753120218403637409210205078
0.0000000000000000000000000000000000120370621524202240815998621411557957408631353013461762202496174722909927368164062
0.000000000000000000000000000000000013541694921472752091799844908800270208471027214014448247780819656327366828918457
0.00002200809045276258960944539000426090069595375098288059234619140625
0.0000000000000000000000000000000000127893785369464880866998535249780329746670812576803122340152185643091797828674316
0.0000000000000000000000000000000000127893785369464880866998535249780329746670812576803122340152185643091797828674316
0.0000000000000000000000000000000000142940113059990160968998362926225074422749731703485842615464207483455538749694824
0.0000000000000000000000000000000000127893785369464880866998535249780329746670812576803122340152185643091797828674316
0.0000000000000000000000000000000000127893785369464880866998535249780329746670812576803122340152185643091797828674316
0.0000000000000000000000000000000000127893785369464880866998535249780329746670812576803122340152185643091797828674316
0.0000000000000000000000000000000000150463276905252801019998276764447446760789191266827202753120218403637409210205078
0.0000000000000000000000000000000000112847457678939587401175157112357354367909557692711007988855763277484567097966347791756795064348206647508732203277759253978729248046875
0.0000000000000000000000000000000000150463276905252801019998276764447446760789191266827202753120218403637409210205078
0.00000000000000000000000000000000000978011299884143206629988798968908403945129743234376817895281419623643159866333008
0.0000000000000000000000000000000000142940113059990160968998362926225074422749731703485842615464207483455538749694824
0.000000000000000000000000000000000013541694921472752091799844908800270208471027214014448247780819656327366828918457
0.000000000000000000000000000000000013541694921472752091799844908800270208471027214014448247780819656327366828918457
0.000000000000000000000000000000000013541694921472752091799844908800270208471027214014448247780819656327366828918457
0.0000000000000000000000000000000000142940113059990160968998362926225074422749731703485842615464207483455538749694824
0.0000000000000000000000000000000000142940113059990160968998362926225074422749731703485842615464207483455538749694824
0.000000000000000000000000000000000013541694921472752091799844908800270208471027214014448247780819656327366828918457
0.0000000000000000000000000000000000142940113059990160968998362926225074422749731703485842615464207483455538749694824
0.0000000000000000000000000000000000150463276905252801019998276764447446760789191266827202753120218403637409210205078
0.000000000000000000000000000000000013541694921472752091799844908800270208471027214014448247780819656327366828918457
0.000000000000000000000000000000000013541694921472752091799844908800270208471027214014448247780819656327366828918457
0.0000000000000000000000000000000000127893785369464880866998535249780329746670812576803122340152185643091797828674316
0.0000000000000000000000000000000000112847457678939587401175157112357354367909557692711007988855763277484567097966347791756795064348206647508732203277759253978729248046875
0.0000000000000000000000000000000000127893785369464880866998535249780329746670812576803122340152185643091797828674316
0.0000000000000000000000000000000000112847457678939587401175157112357354367909557692711007988855763277484567097966347791756795064348206647508732203277759253978729248046875
0.0000000000000000000000000000000000127893785369464880866998535249780329746670812576803122340152185643091797828674316
0.000000000000000000000000000000000013541694921472752091799844908800270208471027214014448247780819656327366828918457
0.0000000000000000000000000000000000105324293833676960713998793735113212732552433886779041927184152882546186447143555
0.000000000000000000000000000000000013541694921472752091799844908800270208471027214014448247780819656327366828918457
0.0000000000000000000000000000000000105324293833676960713998793735113212732552433886779041927184152882546186447143555
0.0000000000000000000000000000000000142940113059990160968998362926225074422749731703485842615464207483455538749694824
0.0000000000000000000000000000000000127893785369464880866998535249780329746670812576803122340152185643091797828674316
0.0000000000000000000000000000000000142940113059990160968998362926225074422749731703485842615464207483455538749694824
0.0000000000000000000000000000000000150463276905252801019998276764447446760789191266827202753120218403637409210205078
0.000000000000000000000000000000000013541694921472752091799844908800270208471027214014448247780819656327366828918457
0.0000000000000000000000000000000000127893785369464880866998535249780329746670812576803122340152185643091797828674316
0.0000000000000000000000000000000000112847457678939587401175157112357354367909557692711007988855763277484567097966347791756795064348206647508732203277759253978729248046875
