0.99857908487319957391292746251565404236316680908203125
0.99905604124069202764957253748434595763683319091796875
0.99916797876358043328792746251565404236316680908203125
0.99941623210906982421875
0.997901618480682373046875
0.9974308013916015625
0.99868649244308482781917746251565404236316680908203125
0.99827098846435557977230246251565404236316680908203125
0.998632609844207763671875
0.99876260757446277960269753748434595763683319091796875
0.996802866458892822265625
0.99883621931076038702457253748434595763683319091796875
0.99893224239349365234375
0.99837845563888560906917746251565404236316680908203125
0.99968355894088756219417746251565404236316680908203125
0.99842542409896839483707253748434595763683319091796875
0.99808609485626220703125
0.998000800609588623046875
0.997723281383514404296875
0.99959963560104359014957253748434595763683319091796875
0.999312698841094970703125
0.99887537956237804070980246251565404236316680908203125
0.99918937683105479852230246251565404236316680908203125
0.99765372276306163445980246251565404236316680908203125
0.99724197387695323602230246251565404236316680908203125
0.99763882160186756475894753748434595763683319091796875
0.99826270341873157843082253748434595763683319091796875
0.99803882837295521124332253748434595763683319091796875
0.999187171459197998046875
1
0.99730944633483875616519753748434595763683319091796875
0.99876248836517322882144753748434595763683319091796875
1
0.999088764190673828125
0.998807489871978759765625
0.99980819225311279296875
0.998180091381072998046875
0.998517334461212158203125
0.99499833583831798211605246251565404236316680908203125
0.99567687511444080694644753748434595763683319091796875
0.99930888414382923468082253748434595763683319091796875
0.99754333496093761102230246251565404236316680908203125
0.992122232913970947265625
0.99820888042449962274105246251565404236316680908203125
0.996898233890533447265625
0.9989154338836669921875
0.99852865934371959344417746251565404236316680908203125
0.997431695461273193359375
0.998570978641510009765625
0.99744904041290283203125
0.99863147735595703125
0.998125731945037841796875
0.99707382917404163702457253748434595763683319091796875
0.99724566936492919921875
0.998829662799835205078125
0.99805676937103282586605246251565404236316680908203125
0.998480379581451416015625
0.99912303686141956671207253748434595763683319091796875
0.997919023036956787109375
0.999043762683868408203125
0.997345030307769775390625
0.99960815906524658203125
0.99867153167724598272769753748434595763683319091796875
0.99421542882919322625667746251565404236316680908203125
0.9988629817962646484375
0.99972879886627197265625
0.99756997823715198858707253748434595763683319091796875
0.99888908863067638055355246251565404236316680908203125
0.99908965826034557000667746251565404236316680908203125
0.99828833341598521844417746251565404236316680908203125
0.99728882312774658203125
0.9987084865570068359375
0.998329818248748779296875
0.99995666742324840203792746251565404236316680908203125
0.999278366565704345703125
0.996204078197479248046875
0.997053921222686767578125
0.99697029590606678350894753748434595763683319091796875
0.990984261035919189453125
0.99922853708267200811832253748434595763683319091796875
0.99887359142303477899105246251565404236316680908203125
0.99784362316131602899105246251565404236316680908203125
0.999156653881072998046875
0.997224390506744384765625
0.99911487102508544921875
0.99890577793121337890625
0.999745666980743408203125
0.99891984462738037109375
0.99906724691391002313167746251565404236316680908203125
0.998980820178985595703125
0.99727892875671397820980246251565404236316680908203125
0.998889625072479248046875
0.999167382717132568359375
0.99825590848922718389957253748434595763683319091796875
0.99919974803924560546875
0.99618500471115123406917746251565404236316680908203125
0.99834889173507679327457253748434595763683319091796875
0.99897110462188720703125
0.997882664203643798828125
0.9984514713287353515625
0.99867194890975963250667746251565404236316680908203125
0.99830585718154918328792746251565404236316680908203125
0.998976886272430419921875
0.99887573719024658203125
0.998616993427276611328125
0.99890947341918956414730246251565404236316680908203125
0.99936270713806163445980246251565404236316680908203125
0.99397093057632435186832253748434595763683319091796875
0.999025404453277587890625
0.99790090322494517938167746251565404236316680908203125
0.99662542343139637335269753748434595763683319091796875
0.99876272678375244140625
0.9988806247711181640625
0.99918758869171142578125
0.99836546182632435186832253748434595763683319091796875
0.9986050128936767578125
0.99885666370391834600894753748434595763683319091796875
0.99882024526596080438167746251565404236316680908203125
0.99673384428024280889957253748434595763683319091796875
0.99801808595657359735042746251565404236316680908203125
0.999206960201263427734375
0.999064981937408447265625
0.9992568492889404296875
0.99890786409378040655582253748434595763683319091796875
0.99763071537017822265625
0.999543726444244384765625
0.99853360652923583984375
0.99903082847595203741519753748434595763683319091796875
0.998147070407867431640625
0.99841892719268798828125
0.99777001142501842156917746251565404236316680908203125
0.998836338520050048828125
0.999298989772796630859375
0.99855530261993397100894753748434595763683319091796875
0.99917382001876842156917746251565404236316680908203125
0.998929083347320556640625
0.989690840244293212890625
0.997201621532440185546875
0.997423827648162841796875
0.99788606166839599609375
0.99886119365692138671875
0.99912989139556884765625
0.99780488014221202508480246251565404236316680908203125
0.999417781829833984375
0.99922460317611683233707253748434595763683319091796875
0.99929869174957275390625
0.99923622608184803350894753748434595763683319091796875
0.99808943271636962890625
0.99885666370391834600894753748434595763683319091796875
0.9990253448486328125
0.999208927154541015625
