0.5214580127721006874708109535276889801025390625
0.52523119653630079284312159870751202106475830078125
0.54541832600322204260834269007318653166294097900390625
0.49516153109858052072667078391532413661479949951171875
0.61274941218934608766488736364408396184444427490234375
0.56390524529913121920543517262558452785015106201171875
0.497929474338280886325236451739328913390636444091796875
0.587928777055026774434054459561593830585479736328125
0.56873189639235610659540043343440629541873931884765625
0.52396632745564220012823852812289260327816009521484375
0.5912908746022134121034241616143845021724700927734375
0.50982194089422183669313426435110159218311309814453125
0.55720240774932638938565787611878477036952972412109375
0.54875618934625280953554238294600509107112884521484375
0.56141310574902003605046729717287234961986541748046875
0.507418548979907679807865861221216619014739990234375
0.55148398616652383186220731658977456390857696533203125
0.537559491941795197789133453625254333019256591796875
0.5875639660204325931402991045615635812282562255859375
0.56395994487766387681659807640244252979755401611328125
0.61595359533475557700654690052033402025699615478515625
0.475432132931277007248382915349793620407581329345703125
0.4617106114213063161599848172045312821865081787109375
0.51078414217507639438764499573153443634510040283203125
0.54277970813671616578943712738691829144954681396484375
0.57777351207779881203663308042450807988643646240234375
0.5509447747850872989516801681020297110080718994140625
0.5832242789779751301892929404857568442821502685546875
0.52474828693021924319594972985214553773403167724609375
0.588436144539613348314333052258007228374481201171875
0.5643553665796654517095021219574846327304840087890625
0.57513544882849121364642996923066675662994384765625
0.51977638606329501502756329500698484480381011962890625
0.477536648925501572282570350580499507486820220947265625
0.5589971718162936031859544527833350002765655517578125
0.51917966186005115591939329533488489687442779541015625
0.563269100837767044964721208089031279087066650390625
0.458688835396036609370895575921167619526386260986328125
0.56265275783327861613969389509293250739574432373046875
0.52671375413068022286466884906985796988010406494140625
0.490690196231166331219952780884341336786746978759765625
0.55514919501654758082764828941435553133487701416015625
0.55077773101133919997351995334611274302005767822265625
0.57147033892299214929977324572973884642124176025390625
0.511479777275659852620037781889550387859344482421875
0.541998132038180369107749356771819293498992919921875
0.56715839027900727398190383610199205577373504638671875
0.539244179936577694434163277037441730499267578125
0.52129738591516294743399839717312715947628021240234375
0.5377089964964618662435213991557247936725616455078125
0.54740703969769632930564284833963029086589813232421875
0.5288097396142845685318434334476478397846221923828125
0.50126734941209771800885164338978938758373260498046875
0.544831474931595227673142289859242737293243408203125
0.58552211097911932569104465073905885219573974609375
0.54959733888048700745088126495829783380031585693359375
0.59149844257374439848717884160578250885009765625
0.51037856914570767230543424375355243682861328125
0.54030977348739039900493708046269603073596954345703125
0.57546308022802816761753774699172936379909515380859375
0.52726304011464664167618821011274121701717376708984375
0.53205972742571072675588084166520275175571441650390625
0.51561052357251657696224356186576187610626220703125
0.58781575702692290263939867145381867885589599609375
0.532457295553572240720541230984963476657867431640625
0.58304008006082008730430743526085279881954193115234375
0.50520398735988225613624535981216467916965484619140625
0.5113155382001013382620158154168166220188140869140625
0.55571329219259191223301286299829371273517608642578125
0.54449047612664414064198581399978138506412506103515625
0.52569420077310125005709551260224543511867523193359375
0.54672604015113435149686438307981006801128387451171875
0.58733793017083968379665748216211795806884765625
0.53636268599569003612259621149860322475433349609375
0.51535911813869839104285119901760481297969818115234375
0.53566594315919446867013675728230737149715423583984375
0.56393580462626158311678636891883797943592071533203125
0.5184384168940641135492342073121108114719390869140625
0.4994190265114297755388861332903616130352020263671875
0.264028410355179321555851856828667223453521728515625
0.57740873956162863667174178772256709635257720947265625
0.5406027783407394426973269219161011278629302978515625
0.56224874074813657731652938309707678854465484619140625
0.55407696378337456533103022593422792851924896240234375
0.59162936636151908231795459869317710399627685546875
0.52263177915971736897660093745798803865909576416015625
0.53608046307551660003554161448846571147441864013671875
0.53081582619890521623773338433238677680492401123046875
0.54766760268174585757350314452196471393108367919921875
0.5988531781514432328350494572077877819538116455078125
0.50715710136891190007446539311786182224750518798828125
0.53706661474476369289021704389597289264202117919921875
0.56492312873985672805332569623715244233608245849609375
0.5190037519423944534224801827804185450077056884765625
0.50448605682201075328663364416570402681827545166015625
0.59617538301242289922043937622220255434513092041015625
0.50174964826413204210808771676965989172458648681640625
0.50327066398523034873591086579835973680019378662109375
0.50570432237781381967778315811301581561565399169921875
0.50254809534713029695041086597484536468982696533203125
0.48076013172995590849723157589323818683624267578125
0.5172262242262941622783500861260108649730682373046875
0.5459765708412935847348990137106738984584808349609375
0.5487548677649971562431119309621863067150115966796875
0.5877771236546747157802883521071635186672210693359375
0.59574793595850927818702302829478867352008819580078125
0.56695315954446645623221456844476051628589630126953125
0.51548845294093392777057260900619439780712127685546875
0.55371872864293170124483367544598877429962158203125
0.5146319897630509121455588683602400124073028564453125
0.58227477865647625510092666445416398346424102783203125
0.53916817580819043076445495898951776325702667236328125
0.54723668722880802750552220459212549030780792236328125
0.5379102108531821357928492943756282329559326171875
0.59093904731285074038993343492620624601840972900390625
0.53383736148266958121411107640597037971019744873046875
0.59468209377202929655226171234971843659877777099609375
0.50323776142146814382982711322256363928318023681640625
0.59223810974623869451960445076110772788524627685546875
0.6053064861209167535349706668057478964328765869140625
0.50325522688883561617245732122682966291904449462890625
0.5034894316940945468985546540352515876293182373046875
0.5722727577259567599554657135740853846073150634765625
0.5594924685171289713281339572858996689319610595703125
0.5314654016321649354637202122830785810947418212890625
0.5625359838149581737098969824728555977344512939453125
0.56361901485119292321002149037667550146579742431640625
0.58699266998781418624986372378771193325519561767578125
0.50821249212364005831688018588465638458728790283203125
0.55760852850350983711535945985815487802028656005859375
0.5513631794429427745996008525253273546695709228515625
0.61710534221722690428890700786723755300045013427734375
0.48055271158329315728252595363301225006580352783203125
0.54122825831066323498674819347797892987728118896484375
0.520373905978634088143053304520435631275177001953125
0.59461295337889386036778205379960127174854278564453125
0.5387614813063219543209925177507102489471435546875
0.565390877744764708268121466971933841705322265625
0.51950533897411077521866218376089818775653839111328125
0.464993335581380284882158093751058913767337799072265625
0.6050742339645942546866308475728146731853485107421875
0.52898272411248969948616149849840439856052398681640625
0.52508888117589969102283475876902230083942413330078125
0.59312584090100362033126657479442656040191650390625
0.5870326062591557647607487524510361254215240478515625
0.53238576333649856309193637571297585964202880859375
0.5428044232431812332606568816117942333221435546875
0.6313406068060458675716972720692865550518035888671875
0.566084860866967520820480785914696753025054931640625
0.59241932718034784333127618083381094038486480712890625
0.51931165129831369231538928943336941301822662353515625
