0.10103087780294572883832415755023248493671417236328125
0.1379521718265446228457449251436628401279449462890625
0.07672643397812457799478380593427573330700397491455078125
0.10832521598583765010115342874996713362634181976318359375
0.0948568486726035497991205147627624683082103729248046875
0.173437963271116435404195499359047971665859222412109375
0.1491473833239595203625782460221671499311923980712890625
0.0866950230939032284727119304079678840935230255126953125
0.11466910349543334157740304135586484335362911224365234375
0.11518452884139281089392881085586850531399250030517578125
0.0726886269205145041372162495463271625339984893798828125
0.06930212682795831857784918383913463912904262542724609375
0.1390757045563776050922655258546001277863979339599609375
0.1162098729416726483609778597383410669863224029541015625
0.12049379748824483316038680413839756511151790618896484375
0.0718860171983006501772450747012044303119182586669921875
0.11609573058912416032573133861660608090460300445556640625
0.1157220799935299304639357842461322434246540069580078125
0.088620757648920134297299000536440871655941009521484375
0.08739864347386237797277175332055776380002498626708984375
0.07564875994410381887522731858553015626966953277587890625
0.1369630569596674007915027004855801351368427276611328125
0.08932267174806139686804584698620601557195186614990234375
0.1104696242971581476854936454401467926800251007080078125
0.09296829100219959618467413520193076692521572113037109375
0.09542376700126693755965590071355109103024005889892578125
0.1170593654371304415118260067174560390412807464599609375
0.1402715957808140234686078429149347357451915740966796875
0.12414323695670760605569427070804522372782230377197265625
0.10089106347316119383084043192866374738514423370361328125
0.096462770508017714465864855810650624334812164306640625
0.079219151762359441004690552290412597358226776123046875
0.1315786419396054729435974195439484901726245880126953125
0.095110220358900987580597075066179968416690826416015625
0.10889999532156242889602282275518518872559070587158203125
0.07761362912092796551011275596465566195547580718994140625
0.10084143088590102887991406532819382846355438232421875
0.10307627419516547651046067812785622663795948028564453125
0.101365399753754747980138972707209177315235137939453125
0.1122412424866075231211226537197944708168506622314453125
0.060485426260613255056153292343879002146422863006591796875
0.1740110618726628810559731164175900630652904510498046875
0.1401442157014714251506148912085336633026599884033203125
0.1043873969224951847589721865006140433251857757568359375
0.08116030183295476485572095270981662906706333160400390625
0.0843015797215340978443265385067206807434558868408203125
0.12435305655334503993625361317754141055047512054443359375
0.11711630256248418968656466176980757154524326324462890625
0.11002807222049333646385349538832088001072406768798828125
0.08997546582023174810416321633965708315372467041015625
0.11223146763044709872669812966705649159848690032958984375
0.1094507283412657627774677848719875328242778778076171875
0.11883878869591686655571294295441475696861743927001953125
0.09847384041676453259039902832228108309209346771240234375
0.07362802920855433808089429703613859601318836212158203125
0.1416450323660564392103111686083138920366764068603515625
0.11313147429339769078904254229200887493789196014404296875
0.0997994190520858637238887922649155370891094207763671875
0.07379568432634824037830156839845585636794567108154296875
0.07304033199934827080834764956307481043040752410888671875
0.1287919585616150441875760179755161516368389129638671875
0.11447441986421967585751957585671334527432918548583984375
0.07747290762647492112780156503504258580505847930908203125
0.1529723198362875902223123603107524104416370391845703125
0.08765300296165638715972789896113681606948375701904296875
0.1743547032748259673073931708131567575037479400634765625
0.07487188690234992949346093382700928486883640289306640625
0.087151857627936590855455278870067559182643890380859375
0.1377883868900419972458593065312015824019908905029296875
0.128096495640163732243621552697732113301753997802734375
0.09322819690094534539337445266937720589339733123779296875
0.1406394324041427557059336095335311256349086761474609375
0.125441568508828649175512737201643176376819610595703125
0.07788414387700313967766163614214747212827205657958984375
0.060116358926294972964132767856426653452217578887939453125
0.1373114762008728340081376018133596517145633697509765625
0.1283538452659281625667375692501082085072994232177734375
0.1186965171154232556727237124505336396396160125732421875
0.1664851380936516189734675208455882966518402099609375
0.061299870611635769168668019801771151833236217498779296875
0.101781430973650943716535266503342427313327789306640625
0.07280295270230173476644353058873093686997890472412109375
0.10258296543776712628215364020434208214282989501953125
0.1511594516601519888610027919639833271503448486328125
0.08842127745115975490097781630538520403206348419189453125
0.0786238626210928603921246349273133091628551483154296875
0.092552403793334792059255278218188323080539703369140625
0.1840870977815619313755490793482749722898006439208984375
0.1312080023181781684993296721586375497281551361083984375
0.06074096659082066362866925146590801887214183807373046875
0.1737061419806673334687019405464525334537029266357421875
0.08880699256493518323196667552110739052295684814453125
0.144092745352775331024730576245929114520549774169921875
0.0902331284484822193636688325568684376776218414306640625
0.06866034316412548965669060407890356145799160003662109375
0.15051048886183504560420942652854137122631072998046875
0.1529005277607258517225119476279360242187976837158203125
0.13210963192224645101902069654897786676883697509765625
0.12320077646564554785246770052253850735723972320556640625
0.1187659735325632681668395207452704198658466339111328125
0.1483957779807708321495596237582503817975521087646484375
0.08273186617169704659691120696152211166918277740478515625
0.157522372209262961906262034972314722836017608642578125
0.080515706696150657339927647626609541475772857666015625
0.0802194674529692342002107352527673356235027313232421875
0.09971183837036336206072206778117106296122074127197265625
0.128845243087389260683295333365094847977161407470703125
0.115025440359511732513198012384236790239810943603515625
0.095466599958781095391913140701944939792156219482421875
0.1258841808991784383398027102884952910244464874267578125
0.0644706847010700079270151263699517585337162017822265625
0.1023058701838025219554850764325237832963466644287109375
0.141043198846210471320006263340474106371402740478515625
0.0711724618779845108473836035045678727328777313232421875
0.07806271584065226087911781860384508036077022552490234375
0.1255272669279509922812820832405122928321361541748046875
0.1081365738070411419702310240609222091734409332275390625
0.087028920665224662744918759926804341375827789306640625
0.10977138000834217590462316138655296526849269866943359375
0.10938004941786401424952401839618687517940998077392578125
0.076914884541561867603576274632359854876995086669921875
0.10152202717723531055771246656149742193520069122314453125
0.099958759758018544960833651202847249805927276611328125
0.078257088229426063907823163390276022255420684814453125
0.12056150844778616704200402409696835093200206756591796875
0.11572809940197130440520112415470066480338573455810546875
0.1104662228954477465325823004604899324476718902587890625
0.130237665395322610439876598320552147924900054931640625
0.129197512354893906394437408380326814949512481689453125
0.1687534756481562647767447060687118209898471832275390625
0.09452494832679721181722953815551591105759143829345703125
0.086433646015986964616928389659733511507511138916015625
0.10658031566042834581420351014457992278039455413818359375
0.09375654832940914784611408094860962592065334320068359375
0.10197400858327763939481513943974277935922145843505859375
0.10462561920092883216426571379997767508029937744140625
0.137857575699917800360339015242061577737331390380859375
0.11848825795830646157025256570705096237361431121826171875
0.06648717929171478469019263002337538637220859527587890625
0.12128933953963498548755950423583271913230419158935546875
0.1345726696649394427129919904473354108631610870361328125
0.07180412281224969606174823866240330971777439117431640625
0.207728613639464654294641832166234962642192840576171875
0.10556856071500340943369877777513465844094753265380859375
0.0842886791847415051126546359228086657822132110595703125
0.1090080047372655458470802614101557992398738861083984375
0.1359297909688570726860490367471356876194477081298828125
0.09360788447030767012169150120826088823378086090087890625
0.10298283879832607901061436450618202798068523406982421875
0.060823601193405206488673542253309278748929500579833984375
0.1475207083691981446715857373419567011296749114990234375
