6645
4728
29745
3984
9477
7141
6461
5062
7713
6032
126348
28326
8746
157495
10514
108939
37622
4730
4754
5946
2993
20478
18537
29373
12722
23862
14361
3878
6333
5582
19653
6383
9785
3972
5072
68978
142491
7015
7754
8932
4808
10966
27868
6253
9155
9265
6034
25024
8864
5869
4648
20513
9401
28840
183112
5909
12571
7397
37508
4781
35951
12165
5134
8524
18480
9522
2668
3663
112968
14900
8592
7742
18141
5775
5850
7077
23415
4355
5958
8604
145044
8829
7671
149813
7480
7611
9335
20337
8354
7547
8723
8194
6738
10385
28873
3962
6836
66673
7451
124266
19047
12659
2708
3765
26538
40528
8648
5256
6020
10648
6405
51517
22709
4887
6896
14429
98700
18316
3613
7203
6993
18253
48514
4560
7048
142765
3258
5191
4577
25726
20396
6072
6163
9508
8193
4592
13439
3600
3045
7143
7732
4386
12099
6058
9747
7525
27469
9119
5160
12775
8367
