597441
668476
420794
526294
527412
974634
837094
377930
504856
510683
329254
641075
674974
456238
322268
364196
775058
485501
1067767
1222276
966324
1133480
850391
428735
522198
966292
581573
793198
439556
520590
1047277
474051
580042
605400
319676
929193
451663
593708
885739
737707
1051951
529049
682285
843054
897262
266430
686543
673025
573747
996189
543347
1175800
679868
355046
585384
642411
631948
549479
525747
240943
1314284
647757
1014790
578255
615823
706080
744931
486913
710413
664798
431778
1304985
419962
421950
1517446
463635
777313
1297153
472936
470186
461791
875209
659475
1207290
593031
520767
742986
647961
705451
1044816
898119
472440
504751
519249
374504
469741
590681
463898
644760
1043323
698878
656145
1155103
625790
541322
327208
595071
537722
640570
403721
540880
434048
470285
1117617
746685
501386
394118
450660
344319
1028263
925499
329903
1057748
1107005
292726
589646
428735
856281
624548
590878
1018203
1027262
699481
596174
376831
535071
659255
270396
247157
621853
669492
574287
720248
679116
510133
809229
528691
800274
929875
578865
490705
