12.080371856689453125
21.0733356475830078125
20.74526214599609375
16.38700103759765625
20.9348602294921875
23.51598358154296875
22.118999481201171875
22.097118377685546875
18.033176422119140625
21.7000560760498046875
15.30371189117431640625
15.61280727386474609375
25.0355319976806640625
18.59026336669921875
22.3841266632080078125
16.5659694671630859375
17.1294727325439453125
16.1732158660888671875
12.5392913818359375
16.3062763214111328125
11.13127231597900390625
18.47357177734375
23.48287200927734375
22.8261127471923828125
16.5218830108642578125
13.3610973358154296875
24.562068939208984375
20.933956146240234375
17.3330230712890625
31.03154754638671875
15.50207424163818359375
19.635219573974609375
15.152614593505859375
13.60492801666259765625
15.890758514404296875
19.33832550048828125
29.3232402801513671875
30.8495349884033203125
19.4532108306884765625
13.17303752899169921875
17.0168476104736328125
20.38739013671875
18.7673473358154296875
18.08553314208984375
17.5419635772705078125
13.78522014617919921875
22.390796661376953125
17.1461086273193359375
15.78905487060546875
15.90708255767822265625
14.750606536865234375
14.383258819580078125
14.25289630889892578125
17.136608123779296875
15.60255527496337890625
18.468669891357421875
14.29123783111572265625
13.161029815673828125
15.35466480255126953125
16.972965240478515625
13.80076885223388671875
17.5815143585205078125
19.007465362548828125
12.28191280364990234375
21.7030200958251953125
14.54607868194580078125
17.828250885009765625
14.9105205535888671875
24.1835803985595703125
17.702526092529296875
24.159542083740234375
16.5752162933349609375
22.12433624267578125
16.4320735931396484375
23.2331333160400390625
14.11124515533447265625
22.6340541839599609375
16.23355865478515625
22.2573089599609375
17.5798931121826171875
29.1239414215087890625
27.116672515869140625
27.5248470306396484375
19.8336429595947265625
17.0770092010498046875
18.4205722808837890625
20.7752971649169921875
20.2493038177490234375
15.6733226776123046875
22.5174884796142578125
20.6390438079833984375
16.15117645263671875
21.9572391510009765625
17.660762786865234375
17.4873485565185546875
12.84923458099365234375
13.58509731292724609375
11.84177684783935546875
21.905223846435546875
18.3345851898193359375
21.700290679931640625
18.9878082275390625
17.69615936279296875
22.6278133392333984375
20.3573551177978515625
15.19062328338623046875
16.5992832183837890625
18.8073902130126953125
17.3875579833984375
18.520221710205078125
14.41655254364013671875
19.9306163787841796875
15.694057464599609375
28.9922428131103515625
13.09490966796875
22.224338531494140625
16.576602935791015625
18.7609806060791015625
13.591396331787109375
15.13670253753662109375
10.52105998992919921875
18.749599456787109375
20.5794525146484375
16.2859325408935546875
17.8356781005859375
19.636386871337890625
15.5849437713623046875
17.612407684326171875
25.6679096221923828125
19.1396541595458984375
17.9351024627685546875
12.9697399139404296875
17.0429534912109375
16.90289306640625
18.5440120697021484375
18.8860378265380859375
14.8233661651611328125
15.3444156646728515625
26.07521820068359375
21.57814788818359375
19.91947174072265625
16.9428539276123046875
15.774471282958984375
13.07274532318115234375
21.5403957366943359375
22.4147586822509765625
18.9557552337646484375
14.51372528076171875
22.4611225128173828125
20.6049175262451171875
18.8041820526123046875
