16770483.13251635618507862091064453125
16772488.3644199781119823455810546875
16732078.28045476041734218597412109375
16773232.47736005298793315887451171875
16767741.802419744431972503662109375
16770075.03463495709002017974853515625
16770756.71970088593661785125732421875
16772154
16769504.71518328227102756500244140625
16771184.77552185393869876861572265625
16650901.55675528757274150848388671875
16748890.3207498155534267425537109375
16768473.13069889880716800689697265625
16619752.35367087833583354949951171875
16766702.206303872168064117431640625
16668285.45845873467624187469482421875
16739597.61709415726363658905029296875
16772486.02559974975883960723876953125
16772426.054211236536502838134765625
16770913.53759475983679294586181640625
16774077.00301173515617847442626953125
16756743.38799454458057880401611328125
16758681.96806518919765949249267578125
16747849.2839858122169971466064453125
16764494.751427970826625823974609375
16753358.231488168239593505859375
16762856.6398898996412754058837890625
16772924.162633709609508514404296875
16770883.2123273424804210662841796875
16771561.1099283397197723388671875
16756895.0074254758656024932861328125
16770835.58708066679537296295166015625
16767431.04367016255855560302734375
16771831.14908090047538280487060546875
16772071.012046940624713897705078125
16708255.868625842034816741943359375
16634748.00664635188877582550048828125
16770203.56599851883947849273681640625
16768790.013448946177959442138671875
16768204.120469413697719573974609375
16772408.13101048767566680908203125
16765872.56921798177063465118408203125
16749365.73610948584973812103271484375
16769101.00903520546853542327880859375
16767994.10089313425123691558837890625
16767954.041852705180644989013671875
16771039.21533907763659954071044921875
16752195.26321525312960147857666015625
16768352.2559975050389766693115234375
16771347.34936130046844482421875
16772537.04668189771473407745361328125
16756708.06573886238038539886474609375
16767815.118963547050952911376953125
16748380.18781800568103790283203125
16594110.36379679851233959197998046875
16769429.3102087415754795074462890625
16764646.91696955077350139617919921875
16769819.89448539912700653076171875
16739713.60634535737335681915283203125
16772435.03614082373678684234619140625
16741272.12275410629808902740478515625
16763983.5285595543682575225830078125
16772082.3553847707808017730712890625
16768000.85232110507786273956298828125
16758584.228891886770725250244140625
16767694.29063246212899684906005859375
16774464.1264928840100765228271484375
16773553.06174057535827159881591796875
16664265.2105616666376590728759765625
16762316.84930936992168426513671875
16767741.33118702471256256103515625
16769474.6369820274412631988525390625
16759079.57181426323950290679931640625
16771441.0481877662241458892822265625
16771281.12799875251948833465576171875
16770139.730345822870731353759765625
16753806.84728418476879596710205078125
16771885.14456329680979251861572265625
16771258.403572537004947662353515625
16768614.365718118846416473388671875
16632194.2476890422403812408447265625
16768387.96224944479763507843017578125
16769218.1701630465686321258544921875
16622011.13168544881045818328857421875
16769735.00150586850941181182861328125
16769467.207809738814830780029296875
16767165.079707123339176177978515625
16756884.72079130075871944427490234375
16768862.576747320592403411865234375
16769526.21533907763659954071044921875
16768494.28601099550724029541015625
16769023.2649288475513458251953125
16770478.8462976329028606414794921875
16766677.23190362192690372467041015625
16748359.1142899990081787109375
16771279.01194307766854763031005859375
16770380.12197528220713138580322265625
16710563.3487899042665958404541015625
16769765.76498077996075153350830078125
16652967.7541798986494541168212890625
16758170.72271262109279632568359375
16764560.0042060129344463348388671875
16774508.00752933882176876068115234375
16773451.74841623567044734954833984375
16749685.49683246947824954986572265625
16731619.154688917100429534912109375
16768568.2394329607486724853515625
16770232.099387265741825103759765625
16771196.1355280913412570953369140625
16765303.90642847679555416107177734375
16770811.02559974975883960723876953125
16714070.942153848707675933837890625
16754509.8626544512808322906494140625
16772274.0828227214515209197998046875
16770265.0828227214515209197998046875
16762787.54662996716797351837158203125
16674204.5023366250097751617431640625
16758900.67462871968746185302734375
16773179.33580849133431911468505859375
16769741.00150586850941181182861328125
16770223.37044344842433929443359375
16758964.013448946177959442138671875
16726727.977100394666194915771484375
16772656.0918579287827014923095703125
16770087.07378751598298549652099609375
16634466.3794265724718570709228515625
16773958.3975490666925907135009765625
16772025.075293384492397308349609375
16772515.18672759272158145904541015625
16751495.1952434815466403961181640625
16755368.59632360003888607025146484375
16771144.0873403251171112060546875
16771053.00903520546853542327880859375
16767572.20479800365865230560302734375
16769024.5766434557735919952392578125
16772624.15661023743450641632080078125
16763778.27396405301988124847412109375
16773616.44423096440732479095458984375
16774171.10842247307300567626953125
16770073.2559975050389766693115234375
16769484.96827291510999202728271484375
16772830.6926991306245326995849609375
16765117.89448539912700653076171875
16771158.01355280913412570953369140625
16766897.8237096183001995086669921875
16769691.95773184113204479217529296875
16749484.39604319818317890167236328125
16768097.65505243837833404541015625
16770758.08884619362652301788330078125
16764446.921071700751781463623046875
16768849.316232211887836456298828125
