16773151
16772778
16747272
16773805
16769697
16771102
16772000
16772725
16771063
16771883
16679471
16765300
16770549
16640542
16768537
16673894
16748939
16773785
16772664
16772977
16774099
16765473
16760650
16753810
16765320
16756164
16763944
16773658
16772489
16773740
16757739
16772991
16769036
16773113
16772079
16720104
16650003
16774440
16770257
16769917
16772495
16769328
16761126
16769101
16769478
16769997
16773084
16754359
16769214
16772649
16772855
16760067
16769316
16751811
16762179
16769429
16765918
16773019
16743431
16772490
16749102
16765026
16773238
16768566
16765950
16768340
16775730
16773783
16675677
16771062
16769898
16770248
16764432
16772238
16772443
16770624
16757684
16772828
16773072
16770183
16646946
16769026
16769218
16637510
16770460
16771697
16768808
16763016
16771783
16771628
16769371
16771102
16771291
16767982
16760485
16773134
16770832
16731505
16770273
16664740
16760848
16766597
16774812
16774125
16749684
16736002
16771068
16771774
16773630
16771652
16772024
16721764
16756408
16772616
16772767
16764344
16699534
16765120
16773179
16770643
16770825
16759636
16732712
16773185
16770087
16650598
16774508
16773291
16773396
16755536
16757196
16771623
16772289
16767839
16771074
16772757
16764623
16774293
16774347
16771303
16770127
16774131
16766119
16772192
16767541
16771392
16756251
16769556
16771335
16768547
16770418
