0.710552202758240714075554933515377342700958251953125
0.67322000848264951233801411945023573935031890869140625
0.6816495844454297792225361263263039290904998779296875
0.6694295645788688187138859575497917830944061279296875
0.70738626737856302728602031493210233747959136962890625
0.68265839624967217247331063845194876194000244140625
0.67981852698960831826724415805074386298656463623046875
0.641043486369168302729804054251872003078460693359375
0.722391496367727814487125215237028896808624267578125
0.68015262729526104745758630087948404252529144287109375
0.71155791311439353652446015985333360731601715087890625
0.6352056660041334179567229512031190097332000732421875
0.65473083454150093896117823533131740987300872802734375
0.67805887307162659993764464161358773708343505859375
0.72303235478724625640012391158961690962314605712890625
0.64000731195304061404982576277689076960086822509765625
0.6913456199947265456984268894302658736705780029296875
0.603568488103165545766159993945620954036712646484375
0.6848990638109946349487699990277178585529327392578125
0.67439946919417226300907941549667157232761383056640625
0.6534251162252500133575949803343974053859710693359375
0.66108580318494258865058554874849505722522735595703125
0.64023020183869705501678026848821900784969329833984375
0.6655110966621673451726337589207105338573455810546875
0.6633671828637781597848288583918474614620208740234375
0.67714861264231329673890513731748796999454498291015625
0.68897228804939392166062361866352148354053497314453125
0.6727106776930238396516870125196874141693115234375
0.67578898114455387968746435944922268390655517578125
0.630833785912658040473388609825633466243743896484375
0.6673990593423499984027102982508949935436248779296875
0.6816473331025083570722244985518045723438262939453125
0.65849528073630902991197899609687738120555877685546875
0.6955206866085144046252253247075714170932769775390625
0.6708835057247097832799909156165085732936859130859375
0.68848153102764053645756803234689868986606597900390625
0.7021932965639889889786218191147781908512115478515625
0.7116989690381501088012328182230703532695770263671875
0.660281186967998312553618234232999384403228759765625
0.6590672314596968117683672971907071769237518310546875
0.67530974459083081828936201418400742113590240478515625
0.69175434880720632069284192766644991934299468994140625
0.71792272394608980246033524963422678411006927490234375
0.7126145042298308585060340192285366356372833251953125
0.70637771203666666064435730731929652392864227294921875
0.71733685741859531947994810252566821873188018798828125
0.666022464363536403908483407576568424701690673828125
0.68142297906197224488522579122218303382396697998046875
0.66851884581345066838053980973199941217899322509765625
0.71188009179729128117486425253446213901042938232421875
0.63841769278139948173844686607480980455875396728515625
0.66024641604813683049002293046214617788791656494140625
0.667151324670714362952139708795584738254547119140625
0.72603549098657460536543339912896044552326202392578125
0.67769175320750030255823048719321377575397491455078125
0.6176164245873969615985288328374736011028289794921875
0.69842998594758842756391459261067211627960205078125
0.63017769326447636846211253214278258383274078369140625
0.6765615697157534302874637432978488504886627197265625
0.6504042169079922164343088297755457460880279541015625
0.6515596487482333554197566627408377826213836669921875
0.5886748106702359706332572386600077152252197265625
0.675261050874699009227697388269007205963134765625
0.65864542378029800051564279783633537590503692626953125
0.7032500076862329141391683151596225798130035400390625
0.64391790539460680431460559702827595174312591552734375
0.67408945420129573466994088448700495064258575439453125
0.67758960457351802286751762949279509484767913818359375
0.70517268070382088662739761275588534772396087646484375
0.72306525564624024582371930591762065887451171875
0.66976593497231162732674647486419416964054107666015625
0.73561759633376000433457875260501168668270111083984375
0.7231757927292929988283276543370448052883148193359375
0.6931966936781659427424528985284268856048583984375
0.6709299266063819544569923891685903072357177734375
0.68293124134851435069748504247399978339672088623046875
0.68604652163187884728046128657297231256961822509765625
0.63398257644582123315757371528889052569866180419921875
0.6928016407909145524257610304630361497402191162109375
0.6709103731716619112290800330811180174350738525390625
0.6855378257125257501769510781741701066493988037109375
0.68858168220327797826030291616916656494140625
0.681427076775964035704191701370291411876678466796875
0.71184904812762794801273003031383268535137176513671875
0.66198423781492810036297669284977018833160400390625
0.69786940498037408620035648709745146334171295166015625
0.62211256541769699435207030546735040843486785888671875
0.65956298233581234224942591026774607598781585693359375
0.6176435581563366472579446053714491426944732666015625
0.6646032439830265037272738481988199055194854736328125
0.71632698659192917123306187932030297815799713134765625
0.6942962492201252278078982271836139261722564697265625
0.67424179205479439769277405503089539706707000732421875
0.6738153161872599827830754293245263397693634033203125
0.6536372904514842208101299547706730663776397705078125
0.69868420025453747967958406661637127399444580078125
0.60913158118513666128279737677075900137424468994140625
0.652297757700478708642322089872322976589202880859375
0.6633171752351094685451471377746202051639556884765625
0.69598792309157320179480166189023293554782867431640625
0.69578662225575460542614791847881861031055450439453125
0.6367095841869774286436722832149825990200042724609375
0.66870979344102732255805676686577498912811279296875
0.7097711041373171436674738288274966180324554443359375
0.67211460226227004444154999873717315495014190673828125
0.7194644089902266781422213171026669442653656005859375
0.6736569732832757839702253477298654615879058837890625
0.70678080753773897537683978953282348811626434326171875
0.65660325794358787021565149188973009586334228515625
0.685553575833824258012327845790423452854156494140625
0.69689621908475951617134569460176862776279449462890625
0.70963152523841233065837741378345526754856109619140625
0.6848572637463068435437207881477661430835723876953125
0.6921750395811241407528768831980414688587188720703125
0.6767578273032957003607634760555811226367950439453125
0.668074897449162818929835339076817035675048828125
0.69596509354359470389539410462020896375179290771484375
0.654802165471548125452727617812342941761016845703125
0.67448453161534605015958732110448181629180908203125
0.66389634825255849914782402265700511634349822998046875
0.6707687689168781997040014175581745803356170654296875
0.69871451515388816044804798366385512053966522216796875
0.66473470835089487618319026296376250684261322021484375
0.66536847090215911482147248534602113068103790283203125
0.63050052130874212341637985446141101419925689697265625
0.622287117213582430252927224501036107540130615234375
0.66672470307290165880687027311068959534168243408203125
0.69329802182013977596142240145127288997173309326171875
0.67744053509139201540989461136632598936557769775390625
0.6697675603144421785373197053559124469757080078125
0.62453338756814125165561790709034539759159088134765625
0.68799332558839554341290067895897664129734039306640625
0.71923774576532217839286431626533158123493194580078125
0.64727866190420713099484828489948995411396026611328125
0.69873534426928907148379721547826193273067474365234375
0.69508773284485847465674623890663497149944305419921875
0.6933757418654897808352188803837634623050689697265625
0.63900281531975433590986312992754392325878143310546875
0.66630741275958593750061709215515293180942535400390625
0.64506588471867642997636949075968004763126373291015625
0.650497711705876557886085720383562147617340087890625
0.65277567983229645154352738245506770908832550048828125
0.66432213180909560623632614806410856544971466064453125
0.68079611997083089303117731105885468423366546630859375
0.69649784871926934126662445123656652867794036865234375
0.64618837079469126916109189551207236945629119873046875
0.6697546267919396445478241730597801506519317626953125
0.64762093115915353447320512714213691651821136474609375
0.7042025657269410654492958201444707810878753662109375
0.62487850638499631283906410317285917699337005615234375
0.638801263933074903178521708468906581401824951171875
