0.035616062747488345940904963526918436400592327117919921875
0.0399037013184178890323750010793446563184261322021484375
0.0250677951441750611338843413022914319299161434173583984375
0.02507917500724488046870419566403143107891082763671875
0.0255753528878699502857596570493114995770156383514404296875
0.058111339396085641417766254335219855420291423797607421875
0.048709178683591917990991504439080017618834972381591796875
0.0225308186488216259657502149593710782937705516815185546875
0.0300995943429114114209266261923403362743556499481201171875
0.0304424452461576657003039514393094577826559543609619140625
0.0198297629860265944845565400100895203649997711181640625
0.038226218949934574753424243453991948626935482025146484375
0.033251926962499601947431671078447834588587284088134765625
0.027410959100214453421084925821560318581759929656982421875
0.019216219149945500122012020938200294040143489837646484375
0.0172593136267012482731875167019097716547548770904541015625
0.0463123907741683493721751574412337504327297210693359375
0.028943663065291620750674184137096744962036609649658203125
0.0636515324203193733065830883788294158875942230224609375
0.059979114761470685157629390005240566097199916839599609375
0.05223901209661925559846196165381115861237049102783203125
0.057403384641187084336255708194585167802870273590087890625
0.050728000612179531547685229497801628895103931427001953125
0.025584759769647351379528998904788750223815441131591796875
0.0308578715183477868266859189816386788152158260345458984375
0.0503856969385327868593549283104948699474334716796875
0.0346915743678621046885979239959851838648319244384765625
0.047320229824366143167591047813402838073670864105224609375
0.02622643806944148503479397049886756576597690582275390625
0.0310333245858392496596689369425803306512534618377685546875
0.060384993197395375741365342037170194089412689208984375
0.0282560592074808623885839864442459656856954097747802734375
0.03456673363273299326436927003669552505016326904296875
0.036097468522327036399843791514285840094089508056640625
0.018411099981307486872506018471540301106870174407958984375
0.04034668281398472167165181190284783951938152313232421875
0.0199884739746341022481601612525992095470428466796875
0.0186371160145848736855445082483129226602613925933837890625
0.050089309770427477286336426232082885690033435821533203125
0.043975714430854961900507760219625197350978851318359375
0.0625750226829395461702887359933811239898204803466796875
0.030920458732772777843411660114725236780941486358642578125
0.040599836347568134253815941292486968450248241424560546875
0.05008711978129387620839452210930176079273223876953125
0.053496760936835079103257584165476146154105663299560546875
0.0158438556225742599448125247363350354135036468505859375
0.029396681046422019900621336319090914912521839141845703125
0.0300643675767806629883782676415648893453180789947509765625
0.034212207543004059806523997622207389213144779205322265625
0.05828729229411315493347700567028368823230266571044921875
0.032277247623476869320402471430497826077044010162353515625
0.070022688856307635507647546546650119125843048095703125
0.0309369672843543240536856586686553782783448696136474609375
0.0210233679515489692291030365822734893299639225006103515625
0.034785481020438900612301580395069322548806667327880859375
0.0308790364543750465997629106595923076383769512176513671875
0.0259350308669026030639059854365768842399120330810546875
0.032837261153896755982994903888538829050958156585693359375
0.031369777649661582941131854340710560791194438934326171875
0.01361132012545510951151417344817673438228666782379150390625
0.061723627585191516431439850975948502309620380401611328125
0.038415131649101118271882882027057348750531673431396484375
0.053576813278572756049644709719359525479376316070556640625
0.034478035749838008283685297783449641428887844085693359375
0.036741682565655513215130412163489381782710552215576171875
0.03714232487445136288162217397257336415350437164306640625
0.0211071503317352242301563336468461784534156322479248046875
0.0290815853118117466358238942802927340380847454071044921875
0.0294228024437241421351618697599406004883348941802978515625
0.026909239840714048452863238480858854018151760101318359375
0.0257772158082801398915062662808850291185081005096435546875
0.0628414872107694033598335181522998027503490447998046875
0.0250356905886406667927079894298003637231886386871337890625
0.0250584300696030833066618725979424198158085346221923828125
0.056115904990998700940796339864391484297811985015869140625
0.0276607952524621676648752810478981700725853443145751953125
0.046374323832581589022172607883476302959024906158447265625
0.05709880067238330692003245303567382507026195526123046875
0.0281978361810558408873106372993788681924343109130859375
0.0281036967492678570190722808774808072485029697418212890625
0.0277500041408930038511204685391930979676544666290283203125
0.036909919342687176613271304859154042787849903106689453125
0.03931924539526730766336726219378761015832424163818359375
0.053710080463400700079290572830359451472759246826171875
0.032580916097261623798342355939894332550466060638427734375
0.0294504340645635083462128278597447206266224384307861328125
0.033626629928806328617696408400661312043666839599609375
0.038686104999229260770210458986184676177799701690673828125
0.03622519066242833873925377474733977578580379486083984375
0.061284617352659311040330436526346602477133274078369140625
0.053621988646865965943977272445408743806183338165283203125
0.0281701296951062628293183109917663387022912502288818359375
0.030141718696409074140785122608576784841716289520263671875
0.0309585756343744612772983515469604753889143466949462890625
0.0223546530284727575088599138553036027587950229644775390625
0.02801110385088782794849038282336550764739513397216796875
0.035210749289578069376460689454688690602779388427734375
0.02106474890644106923165423950194963254034519195556640625
0.0384453888538392740681359782684012316167354583740234375
0.061676958478444753042335690906838863156735897064208984375
0.04166969944678571013962908864414202980697154998779296875
0.03658968514433520724526971434897859580814838409423828125
0.06888188416588299223253244463194278068840503692626953125
0.032395930785625838554953048742390819825232028961181640625
0.03216424822283329987282485262767295353114604949951171875
0.0185252821527712961680034453593179932795464992523193359375
0.035328346248174082033788323542466969229280948638916015625
0.03206407639441123669232780457605258561670780181884765625
0.038191330483078926583129231175917084328830242156982421875
0.02407070224707831551658188118381076492369174957275390625
0.03193771243395050751789909782019094564020633697509765625
0.024134703317236112785071355801846948452293872833251953125
0.0276967854993274108232892416481263353489339351654052734375
0.0577205450977736067574852540928986854851245880126953125
0.04440666201922964517745384682712028734385967254638671875
0.0298676653193381026751840323640863061882555484771728515625
0.0235926596414716242822162683978604036383330821990966796875
0.026042342681947334981362729422471602447330951690673828125
0.0204416493251817800447245332406964735127985477447509765625
0.044911635944004206499879927605434204451739788055419921875
0.055211974577647003614710996544090448878705501556396484375
0.018400565729455996277774687541750608943402767181396484375
0.06319102823047008377077560226098285056650638580322265625
0.053531769685495743382741551386061473749577999114990234375
0.01704983248607409851427263447476434521377086639404296875
0.03528934811653346159676658544412930496037006378173828125
0.025558309888911202867323169130031601525843143463134765625
0.047407558968217460015903697012618067674338817596435546875
0.036084117698960992137724446138236089609563350677490234375
0.01767090823800697430012718314173980616033077239990234375
0.04481756881540040204914276955605600960552692413330078125
0.054097045979020243200441342423800961114466190338134765625
0.036521976264158505232071405544047593139111995697021484375
0.03555252234502372099544942329885088838636875152587890625
0.0224676568078256387595015297620193450711667537689208984375
0.029342188726534594589434590261589619331061840057373046875
0.03546250058693856122005172437638975679874420166015625
0.016003418144976015724534335049611399881541728973388671875
0.01469850417552240849639044739660675986669957637786865234375
0.0368739743135867714673992168172844685614109039306640625
0.039936609526673348680159136847578338347375392913818359375
0.0342375446646185077614887859454029239714145660400390625
0.04293419492573648243993744699764647521078586578369140625
0.04025898215587002393345272821534308604896068572998046875
0.0302386176631925414348689429289152030833065509796142578125
0.0428333286327278184302258523530326783657073974609375
0.031555642808042294600312516195117495954036712646484375
0.04773755628142047069406572745720040984451770782470703125
0.055470363823722189378084834743276587687432765960693359375
0.03451936290183886535398727346546365879476070404052734375
0.028753973785261448259387151438204455189406871795654296875
