167.3107984066009521484375
164.6232926845550537109375
161.917729854583740234375
170.4925062656402587890625
174.0366432666778564453125
166.6076641082763671875
168.7623882293701171875
174.400978565216064453125
162.9191982746124267578125
168.7674007415771484375
170.424943447113037109375
166.065309047698946187665569595992565155029296875
167.1605074405670166015625
168.531466007232666015625
166.4844172000885009765625
169.1646606922149658203125
173.0687839984893798828125
164.5836467742919921875
169.56577968597412109375
172.3832533359527587890625
168.6529328823089599609375
167.846834659576416015625
161.2751138210296630859375
168.3220021724700927734375
175.524883270263671875
160.0667836666107177734375
173.55268001556396484375
164.74991512298583984375
164.7840976715087890625
170.5368044376373291015625
167.160246372222900390625
163.88670444488525390625
172.4362547397613525390625
167.3773345947265625
162.9165480136871337890625
164.745676517486572265625
169.0856716632843017578125
175.2533247470855712890625
172.40676593780517578125
158.7882397174835205078125
167.63689327239990234375
162.7028510570526123046875
165.9633901119232177734375
169.6397953033447265625
168.735126018524169921875
169.6442458629608154296875
163.5510256290435791015625
166.59673404693603515625
161.6867148876190185546875
171.531428813934326171875
165.90859889984130859375
167.13628482818603515625
168.93184185028076171875
169.235524654388427734375
167.6374475955963134765625
165.5094721317291259765625
166.6584489345550537109375
168.8514404296875
173.717473506927490234375
168.396701335906982421875
166.4931089878082275390625
168.549808025360107421875
172.0040352344512939453125
162.78551578521728515625
162.230674266815213968584430404007434844970703125
159.9080255031585693359375
169.70210933685302734375
163.640522480010986328125
167.526589870452880859375
167.5916326045989990234375
165.0520153045654296875
165.2041108608245849609375
167.921193599700927734375
171.3389470577239990234375
172.0509431362152099609375
168.182584285736083984375
171.8811833858489990234375
165.1273753643035888671875
167.3505594730377197265625
167.292577266693115234375
161.873111724853515625
169.3562145233154296875
168.0101587772369384765625
167.4980213642120361328125
170.504777431488037109375
171.60912036895751953125
168.3466312885284423828125
167.56257152557373046875
160.3247573375701904296875
168.9770548343658447265625
165.641848087310791015625
162.91763401031494140625
168.76400852203369140625
168.218190670013427734375
170.8872110843658447265625
172.38554859161376953125
167.8606166839599609375
172.4739553928375244140625
169.9780418872833251953125
168.482184410095186422040569595992565155029296875
170.136848926544189453125
167.6660645008087158203125
164.5116703510284423828125
167.60992336273193359375
166.6222527027130126953125
162.944329738616943359375
167.53535556793212890625
165.78763294219970703125
167.990520954132080078125
169.2239339351654052734375
168.0463798046112060546875
167.05279064178466796875
166.9483640193939208984375
166.72863292694091796875
167.5522587299346923828125
163.50338268280029296875
172.237461090087890625
172.0125610828399658203125
167.957569599151611328125
166.8859550952911376953125
168.4729740619659423828125
162.961649417877197265625
163.775325298309326171875
162.9329636096954345703125
171.5919792652130126953125
167.4652521610260009765625
167.3879299163818359375
170.53781890869140625
168.943915843963623046875
165.818640232086181640625
163.576364278793306539228069595992565155029296875
169.302438497543306539228069595992565155029296875
167.075279712677001953125
167.5809862613677978515625
170.4572465419769287109375
166.3681037425994873046875
165.4770753383636474609375
170.9281313419342041015625
166.0910856723785400390625
168.4256227016448974609375
170.4746856689453125
171.0118677616119384765625
170.405280590057373046875
166.2458746433258056640625
162.475110530853271484375
172.509226322174072265625
169.2066555023193359375
169.459671497344970703125
172.99321460723876953125
163.205541133880615234375
164.4403426647186279296875
