0.276737749576568603515625
0.461390674114227294921875
0.3256404101848602294921875
0.2682808935642242431640625
0.228577911853790283203125
0.2128487527370452880859375
0.2867675721645355224609375
0.37338554859161376953125
0.2815454006195068359375
0.3116320073604583740234375
0.2607529163360595703125
0.333322346210479736328125
0.2806381285190582275390625
0.2297335565090179443359375
0.338577210903167724609375
0.62205028533935546875
0.30058586597442626953125
0.29902398586273193359375
0.2633836269378662109375
0.3234827518463134765625
0.365610182285308837890625
0.26249420642852783203125
0.365031778812408447265625
0.420159161090850830078125
0.1975834071636199951171875
0.418051421642303466796875
0.815151214599609375
0.3762256801128387451171875
0.2489950954914093017578125
0.322532832622528076171875
0.281910240650177001953125
0.352103412151336669921875
0.3232377469539642333984375
0.270065844058990478515625
0.4494465887546539306640625
0.258220851421356201171875
0.260875701904296875
0.324135720729827880859375
0.316361725330352783203125
0.3137739002704620361328125
0.434725344181060791015625
0.45271146297454833984375
0.350661933422088623046875
0.423585712909698486328125
0.3261999189853668212890625
0.3327175080776214599609375
0.324551105499267578125
0.2852401435375213623046875
0.23721413314342498779296875
0.2524745464324951171875
0.2680400311946868896484375
0.2956469357013702392578125
0.294558942317962646484375
0.290274441242218017578125
0.2386255562305450439453125
0.223627507686614990234375
0.2955994904041290283203125
0.304888665676116943359375
0.3637763559818267822265625
0.361901223659515380859375
0.319111645221710205078125
0.3653045594692230224609375
0.335926115512847900390625
0.32626688480377197265625
0.3064666688442230224609375
0.21732945740222930908203125
0.27165448665618896484375
0.2952590882778167724609375
0.45763301849365234375
0.354849278926849365234375
0.3132463395595550537109375
0.4015581607818603515625
0.343856990337371826171875
0.334626495838165283203125
0.2594425976276397705078125
0.3244616985321044921875
0.28096306324005126953125
0.360744178295135498046875
0.2846164405345916748046875
0.4753251373767852783203125
0.362940609455108642578125
0.3327288329601287841796875
0.322805106639862060546875
0.3332937657833099365234375
0.344746887683868408203125
0.281651794910430908203125
0.284010112285614013671875
0.397362053394317626953125
0.4282645881175994873046875
0.213064968585968017578125
0.2987374365329742431640625
0.28607332706451416015625
0.355505168437957763671875
0.43441236019134521484375
0.309162139892578125
0.291038930416107177734375
0.39156973361968994140625
0.2535134255886077880859375
0.28328037261962890625
0.367985546588897705078125
0.3059799671173095703125
0.298859417438507080078125
0.37537992000579833984375
0.4241997301578521728515625
0.3697238266468048095703125
0.394123971462249755859375
0.2569043934345245361328125
0.28259265422821044921875
0.30152130126953125
0.339059770107269287109375
0.3420894145965576171875
0.3283899128437042236328125
0.305226266384124755859375
0.2307380735874176025390625
0.357113063335418701171875
0.3762428760528564453125
0.55269515514373779296875
0.3823268413543701171875
0.2932507991790771484375
0.321081817150115966796875
0.337270319461822509765625
0.29722106456756591796875
0.282171726226806640625
0.30325591564178466796875
0.324921905994415283203125
0.290627956390380859375
0.357733547687530517578125
0.3224664032459259033203125
0.204958438873291015625
0.352358400821685791015625
0.340405166149139404296875
0.2488308846950531005859375
0.268222510814666748046875
0.2293162643909454345703125
0.308010995388031005859375
0.23077951371669769287109375
0.27452337741851806640625
0.3323352336883544921875
0.2623083591461181640625
0.34946238994598388671875
0.3855249583721160888671875
0.258911192417144775390625
0.329014241695404052734375
0.304298579692840576171875
0.2644475996494293212890625
0.348151981830596923828125
0.31815445423126220703125
0.26297664642333984375
0.4114994108676910400390625
0.2110827863216400146484375
0.307033538818359375
