21.023255813953486637046808027662336826324462890625
20.5
22.5
22
21
22.565217391304347671621144399978220462799072265625
23.5
22.066666666666666429819088079966604709625244140625
22
24.719999999999998863131622783839702606201171875
22
23.08510638297872219482087530195713043212890625
22.04444444444444428654605871997773647308349609375
23
22.022222222222222143273029359988868236541748046875
23.042553191489361097410437650978565216064453125
21.5
22.04444444444444428654605871997773647308349609375
21.046511627906976826807294855825603008270263671875
21
23.0212765957446805487052188254892826080322265625
20.52380952380952550129222800023853778839111328125
22.521739130434781372969155199825763702392578125
22.066666666666666429819088079966604709625244140625
21.16279069767441711746869259513914585113525390625
22.5
24.081632653061223692247949657030403614044189453125
21.023255813953486637046808027662336826324462890625
21.52272727272727337322066887281835079193115234375
22
23.625
25.058823529411764496899195364676415920257568359375
23.5625
22
23.645833333333332149095440399833023548126220703125
22
24.081632653061223692247949657030403614044189453125
21
22.673913043478261641894278000108897686004638671875
24.16326530612244738449589931406080722808837890625
22.586956521739129044590299599803984165191650390625
21.5
21.5454545454545467464413377456367015838623046875
21.5454545454545467464413377456367015838623046875
24.142857142857142349612331599928438663482666015625
21.681818181818183433051672182045876979827880859375
21
22.565217391304347671621144399978220462799072265625
22
22
22.60869565217391397027313360013067722320556640625
22.333333333333332149095440399833023548126220703125
21.046511627906976826807294855825603008270263671875
22.543478260869566298651989200152456760406494140625
21.52272727272727337322066887281835079193115234375
24.519999999999999573674358543939888477325439453125
21.52272727272727337322066887281835079193115234375
22.066666666666666429819088079966604709625244140625
21.09302325581395365361458971165120601654052734375
23.0638297872340416461156564764678478240966796875
24.204081632653061006976713542826473712921142578125
23.0212765957446805487052188254892826080322265625
21.590909090909089940168996690772473812103271484375
23.234042553191489588471085880883038043975830078125
21
22.5
23.08510638297872219482087530195713043212890625
21.52272727272727337322066887281835079193115234375
22.022222222222222143273029359988868236541748046875
23.042553191489361097410437650978565216064453125
21.590909090909089940168996690772473812103271484375
22
21.568181818181816566948327817954123020172119140625
22.5
22.84782608695652328378855600021779537200927734375
21.5454545454545467464413377456367015838623046875
22.022222222222222143273029359988868236541748046875
21.5454545454545467464413377456367015838623046875
23.0212765957446805487052188254892826080322265625
23.791666666666667850904559600166976451873779296875
23
22.5
21.5
21.52272727272727337322066887281835079193115234375
20.5
22
21.613636363636363313389665563590824604034423828125
22
23.276595744680850685881523531861603260040283203125
21.52272727272727337322066887281835079193115234375
21.5
24.5
21.5
23
22
21.52272727272727337322066887281835079193115234375
23.297872340425531234586742357350885868072509765625
26
21.5
22.543478260869566298651989200152456760406494140625
21.5
21
22.5
23.666666666666667850904559600166976451873779296875
21.5
22
22
21.590909090909089940168996690772473812103271484375
22.521739130434781372969155199825763702392578125
22.521739130434781372969155199825763702392578125
21
22.7391304347826093135154224000871181488037109375
21.568181818181816566948327817954123020172119140625
23.583333333333332149095440399833023548126220703125
23
23
22.022222222222222143273029359988868236541748046875
22.586956521739129044590299599803984165191650390625
23
23.0638297872340416461156564764678478240966796875
21.5
24
21.023255813953486637046808027662336826324462890625
25
21.5
22.5
22.04444444444444428654605871997773647308349609375
22.5
21.5454545454545467464413377456367015838623046875
22
22.04444444444444428654605871997773647308349609375
21.5
21.5
22
22.022222222222222143273029359988868236541748046875
22
24
21.590909090909089940168996690772473812103271484375
23.5
22.565217391304347671621144399978220462799072265625
21.5454545454545467464413377456367015838623046875
24.53999999999999914734871708787977695465087890625
21.5454545454545467464413377456367015838623046875
24.519999999999999573674358543939888477325439453125
22.066666666666666429819088079966604709625244140625
21.636363636363636686610334436409175395965576171875
21.5
21.5
22.521739130434781372969155199825763702392578125
23.042553191489361097410437650978565216064453125
23.170212765957447942355429404415190219879150390625
