119533207028418.4375
121380846607984.4375
115563585278184.0625
120142201302392.625
122704253722390.125
119444546789324.9375
112269162277193.375
117725269689737
118389136686795.25
120468747200781
120690160037360.125
120255808226039.9375
118778254237814.4375
118366322715292.8125
117360589886826.6875
118702130736251.25
118680453611349.8125
118583712729915.875
122738951221590.1875
116698541846658.875
112683607692147.125
122634668626115.25
117379731885631
117624494070166.125
115310046000106.3125
116863156581637
123016241368885.5
118970325550843.5
119799780829279.75
110802101757673.625
119081904784758.875
122771405758498.5625
115925594277643.75
117000819832094.875
117679716264869
113412626220195.4375
115382121281984.25
112655975853587.1875
115068206330130.9375
119593816914712.3125
118227604757069.75
118589883094463.6875
119066506402420
122592306129482.375
121651873088985.625
113973643895585.625
119117760086526
119404859825849.1875
115249249026966.3125
113410268130646.25
121953272327713.1875
118079904849857.3125
117079551301491.375
121453727274637.3125
117750078190771.9375
120392991675313.9375
122866229697433.1875
116569724576309.125
114645984395937
117729800884228.6875
116839738885630.875
116080325308263
119264467232397.8125
120802393670565.1875
124036405180113.5625
117400575178026.5
123255384259841.0625
114236281513014.6875
109154857628936.3125
118673461184881
118712136907476.6875
122844411438885.0625
123301233893604.6875
119312332381450.4375
118591652217083.4375
118022832393555.1875
113512987609021.5625
116843434430322.625
120321847057515.0625
114274044882764.875
112425457476012.75
114868205176444.5625
117941597458596.1875
117770483324042.4375
120285917217897.4375
118555970511077.1875
120106120726400.375
117186734097482.4375
120277459407676.125
113282094106661.375
120608706470221.3125
118289875378895.25
119001036725051.9375
120283428620393.625
116023574402245.75
117735044939248.25
114098889454881.0625
121121780091860.9375
121964824441591.875
120531005695656.0625
123240211728260.625
124268889919051.875
120871898217540.6875
119241783827404.0625
116421116441406.5625
119969416325444.4375
118831820777596.5
118573587711309.6875
122633276392463.5625
121592908737748.375
119025633255558.9375
110603943249617.1875
117581090963214.3125
114872543588357.5
118720192792561.0625
118767678133999.4375
121193713529787.25
119402788604251.25
121349956156612.875
122037169105388.5625
121191912965826.75
117206846079533.1875
120192812357669.875
112419299872303.5625
120747825837849.8125
111860460949553.8125
117323819606191.5
116694854052204.875
116455970389017.6875
122683856692443.0625
117031025056255.9375
118556797074412.125
121650907157898.5
122028225484099.375
122692837533400.25
115443787500951.375
120962297032486.375
115677895714303.3125
117920618194554.125
121045350854237.1875
119053740881594.75
117864402051978.625
123903852192541.5
117938588502352.625
121721717504510.125
126994071107129.8125
122562838477648.625
121187985571340.0625
120480647533061.75
117137347266398.875
116806715982279.5625
