169.87246799468994140625
164.139746189117431640625
51.602179050445556640625
169.2925183773040771484375
175.4267675876617431640625
167.4359989166259765625
167.193818569183349609375
175.4865243434906005859375
165.7906658649444580078125
168.93749523162841796875
171.5946128368377685546875
166.55487346649169921875
167.29441070556640625
168.949581623077392578125
168.02389240264892578125
169.5486848354339599609375
173.767923831939697265625
172.487143993377685546875
163.98126316070556640625
171.860275745391845703125
170.48157501220703125
166.136521816253662109375
161.5161225795745849609375
169.0327961444854736328125
177.7373340129852294921875
168.9289605617523193359375
159.9309985637664794921875
172.2350628376007080078125
164.997357845306396484375
168.2845437526702880859375
167.35794353485107421875
164.4144208431243896484375
173.1905887126922607421875
164.67799282073974609375
164.0170910358428955078125
166.5680639743804931640625
169.6167209148406982421875
175.6929385662078857421875
173.992294788360595703125
159.7751557826995849609375
167.75353240966796875
165.4064729213714599609375
163.20757770538330078125
170.261184215545625875165569595992565155029296875
169.678112030029296875
169.9364566802978515625
164.1401674747467041015625
167.3945443630218505859375
161.4241440296173095703125
169.337499141693115234375
171.665883541107177734375
165.835784435272216796875
167.9314954280853271484375
168.930102825164794921875
168.5823071002960205078125
164.957755565643310546875
166.6481010913848876953125
172.6941983699798583984375
174.0533201694488525390625
169.7540071010589599609375
169.859675884246826171875
166.962877750396728515625
170.716807842254638671875
162.6144979000091552734375
164.0607178211212158203125
161.252645969390869140625
162.5943844318389892578125
164.9706096649169921875
169.3594024181365966796875
166.976323604583740234375
163.81990146636962890625
167.2436530590057373046875
167.45339488983154296875
165.127138614654541015625
172.329376697540283203125
172.008275508880615234375
172.3361263275146484375
167.2330319881439208984375
166.804302692413330078125
169.3517563343048095703125
164.71933746337890625
170.7738440036773681640625
169.6263830661773681640625
168.5336329936981201171875
169.772953510284423828125
171.85687732696533203125
170.189403057098388671875
167.08535003662109375
164.1911027431488037109375
166.616851806640625
165.9761517047882080078125
165.2388675212860107421875
169.0206105709075927734375
167.843537807464599609375
168.37227153778076171875
171.7915165424346923828125
171.89026355743408203125
172.2650153636932373046875
171.550770282745361328125
169.583797454833984375
171.00003814697265625
170.210643291473388671875
164.9529922008514404296875
174.13169765472412109375
166.69167423248291015625
166.936368465423583984375
168.03065776824951171875
166.726363658905029296875
168.9374148845672607421875
170.1877310276031494140625
172.2684490680694580078125
168.1613495349884033203125
167.8604195117950439453125
169.32082653045654296875
166.3780782222747802734375
164.0538060665130615234375
172.744987010955810546875
170.4468195438385009765625
167.4560720920562744140625
169.329960346221923828125
169.135498046875
163.7956562042236328125
164.41163349151611328125
163.7719268798828125
172.277431964874267578125
171.830428600311279296875
166.791912078857421875
166.0351169109344482421875
170.151706695556640625
163.812877655029296875
165.2400028705596923828125
167.016988277435302734375
169.39392185211181640625
167.966820240020751953125
171.089136600494384765625
166.64048480987548828125
166.54880809783935546875
172.2495682239532470703125
174.695763111114501953125
169.3361790180206298828125
171.2620487213134765625
171.66990947723388671875
170.452232837677001953125
167.420758724212646484375
164.274560451507568359375
173.4866211414337158203125
166.501565456390380859375
168.108206033706693460771930404007434844970703125
172.385814189910888671875
164.1833865642547607421875
163.9731061458587646484375
