4.4935882091522216796875
4.568431377410888671875
4.535845279693603515625
4.62874603271484375
4.6357707977294921875
4.5551249980926513671875
4.5688312053680419921875
4.43848514556884765625
4.5113427639007568359375
4.5244696140289306640625
4.4787323474884033203125
4.5641248226165771484375
4.5402209758758544921875
4.501910686492919921875
4.5620212554931640625
4.6069114208221435546875
4.4585583209991455078125
4.4895236492156982421875
4.4218585491180419921875
4.524370670318603515625
4.5587446689605712890625
4.4071605205535888671875
4.524667263031005859375
4.6000306606292724609375
4.498310089111328125
4.661451816558837890625
4.5572402477264404296875
4.688024044036865234375
4.5815360546112060546875
4.582463741302490234375
4.496613025665283203125
4.6216804981231689453125
4.4866745471954345703125
4.5616519451141357421875
4.4831926822662353515625
4.5896728038787841796875
4.6168849468231201171875
4.634284496307373046875
4.4391100406646728515625
4.518646717071533203125
4.551828861236572265625
4.44838237762451171875
4.5252091884613037109375
4.5409538745880126953125
4.5058257579803466796875
4.4864175319671630859375
4.7291376590728759765625
4.4849689006805419921875
4.4436786174774169921875
4.642276763916015625
4.599089145660400390625
4.414391040802001953125
4.4019606113433837890625
4.5232112407684326171875
4.426974773406982421875
4.5787103176116943359375
4.4928128719329833984375
4.5297954082489013671875
4.4732100963592529296875
4.54747867584228515625
4.5269901752471923828125
4.5501444339752197265625
4.5967347621917724609375
4.5816104412078857421875
4.461371898651123046875
4.503348827362060546875
4.500582218170166015625
4.531215667724609375
4.5478427410125732421875
4.59402179718017578125
4.629597187042236328125
4.5459506511688232421875
4.5721671581268310546875
4.6346645355224609375
4.6312248706817626953125
4.5653541088104248046875
4.57481098175048828125
4.5229866504669189453125
4.507642269134521484375
4.522625446319580078125
4.4881560802459716796875
4.5394284725189208984375
4.50068569183349609375
4.5356290340423583984375
4.60794544219970703125
4.535805225372314453125
4.515747547149658203125
4.5042707920074462890625
4.470751285552978515625
4.5662648677825927734375
4.56128025054931640625
4.427343845367431640625
4.4959766864776611328125
4.51678466796875
4.552665233612060546875
4.55031585693359375
4.566350460052490234375
4.532609462738037109375
4.56232452392578125
4.499872684478759765625
4.499815464019775390625
4.5534865856170654296875
4.4643814563751220703125
4.6291258335113525390625
4.6456305980682373046875
4.519363880157470703125
4.5305387973785400390625
4.370934963226318359375
4.5033061504364013671875
4.5279238224029541015625
4.520519733428955078125
4.4840075969696044921875
4.6675126552581787109375
4.6328275203704833984375
4.4821383953094482421875
4.516683101654052734375
4.4619843959808349609375
4.557618618011474609375
4.5656669139862060546875
4.406771183013916015625
4.4691541194915771484375
4.6638164520263671875
4.478626728057861328125
4.5893104076385498046875
4.556800365447998046875
4.531588077545166015625
4.6100866794586181640625
4.566927433013916015625
4.4291646480560302734375
4.675419330596923828125
4.51024723052978515625
4.4775104522705078125
4.4640200138092041015625
4.492082118988037109375
4.5639092922210693359375
4.5467989444732666015625
4.5813686847686767578125
4.5560209751129150390625
4.57638072967529296875
4.5928652286529541015625
4.936873912811279296875
4.5951335430145263671875
4.550948619842529296875
4.550441741943359375
4.5361173152923583984375
4.5374829769134521484375
4.5362071990966796875
4.491768360137939453125
4.602596282958984375
4.5858428478240966796875
4.5938098430633544921875
