0.416379649055998168893921729249996133148670196533203125
0.418316414229575495031809850843274034559726715087890625
0.414344991036509291415512734602089039981365203857421875
0.418297190057776491212138125774799846112728118896484375
0.417238111536426925507470286902389489114284515380859375
0.416638420525031805130566908701439388096332550048828125
0.415169120657945978081215798738412559032440185546875
0.417485704606016250206579343284829519689083099365234375
0.417382173928031063869781291941762901842594146728515625
0.418091885630690163200284814593032933771610260009765625
0.413146578677138609503316502014058642089366912841796875
0.414991440188026083912831154520972631871700286865234375
0.4176759103511622495119581799372099339962005615234375
0.4106155992250728470338572151376865804195404052734375
0.416494763762703945619847445414052344858646392822265625
0.412727328606816101785881301111658103764057159423828125
0.415317778641083490409613432348123751580715179443359375
0.416754471982046570399660367911565117537975311279296875
0.418614637743870809938329102806164883077144622802734375
0.416433389729936320744485556133440695703029632568359375
0.414741136964372147932778034373768605291843414306640625
0.417283315660317455364491934233228676021099090576171875
0.4136420933390605458868094501667656004428863525390625
0.41460597364347384630178794395760633051395416259765625
0.415188098157284690703505702913389541208744049072265625
0.415792951318516845748973764784750528633594512939453125
0.417709127426458881604531825360027141869068145751953125
0.41781968098333710504022064924356527626514434814453125
0.4169911947967743781617855347576551139354705810546875
0.41455678522454453283074826686060987412929534912109375
0.415390205649633081907978748859022743999958038330078125
0.417421714936060006539975120176677592098712921142578125
0.41572610038021606815306085991323925554752349853515625
0.416562472643638159741641402433742769062519073486328125
0.416392844543350848507401451570331119000911712646484375
0.41145894960344697732779195575858466327190399169921875
0.411716496055972991374716229984187521040439605712890625
0.414815823748155398931203308166004717350006103515625
0.4159002300911460725529877890949137508869171142578125
0.41562217476485574518818566502886824309825897216796875
0.41600668798413387161616583398426882922649383544921875
0.416225128083505258036467466808971948921680450439453125
0.415782659762333917097265612028422765433788299560546875
0.418374785586808350945631218564813025295734405517578125
0.416374673648216842014591065890272147953510284423828125
0.414524179056595942771679119687178172171115875244140625
0.417536901939699445218678874880424700677394866943359375
0.4175634501212359683819386191316880285739898681640625
0.415588738436397930886556650875718332827091217041015625
0.41404519741686385270185155604849569499492645263671875
0.418454388038257907300732085786876268684864044189453125
0.414574880815947011125643939521978609263896942138671875
0.416503764450270541619403275035438127815723419189453125
0.41710415540384382371286164925550110638141632080078125
0.413002207477468463725500669170287437736988067626953125
0.4175148749482120447140687247156165540218353271484375
0.418189475472392657717790598326246254146099090576171875
0.4155293999987763609027524580596946179866790771484375
0.414034957749799925608158446266315877437591552734375
0.416052917917184739149405459102126769721508026123046875
0.41403231278399044157367825391702353954315185546875
0.41682223898745751622385569135076366364955902099609375
0.416731391775361503793106976445415057241916656494140625
0.41681515244854805413154963389388285577297210693359375
0.417655712668231482442848800928913988173007965087890625
0.417483906637065860234514502735692076385021209716796875
0.4176467850025618044895736602484248578548431396484375
0.414280671788621435158717076774337328970432281494140625
0.4122605809534760634704753101686947047710418701171875
0.416921721215264884374818166179466061294078826904296875
0.416276515157718518533869200837216340005397796630859375
0.41857267064954750690475293595227412879467010498046875
0.41732074685827569293650185500155203044414520263671875
0.416869024508714713928014816701761446893215179443359375
0.415011218214552279892615160861168988049030303955078125
0.4170328250173869211181454375036992132663726806640625
0.41454171868473099760166178384679369628429412841796875
0.416305178616919846490418422035872936248779296875
0.417922137448834163375721573174814693629741668701171875
0.413243953254731455349002544608083553612232208251953125
0.410151659672856272464969151769764721393585205078125
0.415468720592013063264147376685286872088909149169921875
0.41569256471992399593062827989342622458934783935546875
0.41130072915948667766627977471216581761837005615234375
0.417565449827662027448837989140884019434452056884765625
0.416642098197545884818993044973467476665973663330078125
0.417487271191718634089085071536828763782978057861328125
0.416224111321721768064207935822196304798126220703125
0.41655661545773636778022819271427579224109649658203125
0.41297145308960814258369964591111056506633758544921875
0.416771366428050182850739702189457602798938751220703125
0.416412553662286855082896863677888177335262298583984375
0.4166316084272259079313016627565957605838775634765625
0.417227441670867837952840773141360841691493988037109375
0.413970198211174145175306193777942098677158355712890625
0.417617787689986308397038783368770964443683624267578125
0.415395428570363212106286709968117065727710723876953125
0.415644011855218431517045019063516519963741302490234375
0.417712811989323251626871069674962200224399566650390625
0.41433708988122430749712066244683228433132171630859375
0.417844155041160458807780742063187062740325927734375
0.41786001880384560092096535299788229167461395263671875
0.418628572348000826952585384788108058273792266845703125
0.415652069384573497057289159783977083861827850341796875
0.4149625730444748139547073151334188878536224365234375
0.41537441676955888514299886082881130278110504150390625
0.41659313520044360945604466905933804810047149658203125
0.4167289564211100749702154644182883203029632568359375
0.417708103786358753151120026814169250428676605224609375
0.417572058082645580778802241184166632592678070068359375
0.416646205691250715030804485650151036679744720458984375
0.41002269618479625368223651094012893736362457275390625
0.416207817337705510141177001059986650943756103515625
0.41488698800298384750107061336166225373744964599609375
0.4170071852832568648494770968682132661342620849609375
0.416102915359266856132336442897212691605091094970703125
0.413708106197018199434722873775172047317028045654296875
0.417433470403064887932487181387841701507568359375
0.41856138264729347842063589268946088850498199462890625
0.4180671868119210099479232667363248765468597412109375
0.4174035920475684946495675831101834774017333984375
0.415326786078426157811094299177057109773159027099609375
0.416190342245232158813195155744324438273906707763671875
0.41450719660392276733062999483081512153148651123046875
0.41606783270548752806661241265828721225261688232421875
0.40990309686832560043256989956717006862163543701171875
0.41597766407311398406676516970037482678890228271484375
0.41611211484258003867608977088821120560169219970703125
0.41556840127503813508980101687484420835971832275390625
0.4175597871666958393888080536271445453166961669921875
0.415809138260078203774838812023517675697803497314453125
0.416289149307178918402172485002665780484676361083984375
0.417022091384334159247515572133124805986881256103515625
0.41654592395662570769587773611419834196567535400390625
0.418035458241159119108232289363513700664043426513671875
0.4150361860201641217571477682213298976421356201171875
0.4174195699874927445449657170684076845645904541015625
0.416628611854371000422503357185632921755313873291015625
0.415343927784621536059006530194892548024654388427734375
0.417987311880747502979005503220832906663417816162109375
0.417677018514688358497011222425498999655246734619140625
0.416015000586479555266805618884973227977752685546875
0.4185588145406466953346580339712090790271759033203125
0.4167050045770055444194213123410008847713470458984375
0.416657917960582990790641133571625687181949615478515625
0.419142694754772893173111469877767376601696014404296875
0.418281724646430042025002649097586981952190399169921875
0.41725082344087038865865224579465575516223907470703125
0.416857360671344434610574580801767297089099884033203125
0.4153371132678438382157537489547394216060638427734375
0.4161877069134354290014243815676309168338775634765625
