17.0306720733642578125
19.5027484893798828125
17.78276824951171875
17.5395355224609375
17.8516597747802734375
15.09961414337158203125
15.90828990936279296875
17.7145862579345703125
14.87239170074462890625
17.616466522216796875
13.7581577301025390625
17.06473541259765625
16.2273082733154296875
16.280132293701171875
16.1161098480224609375
17.452075958251953125
16.278564453125
15.320095062255859375
16.213397979736328125
17.7190704345703125
15.5597782135009765625
17.690822601318359375
16.0474948883056640625
17.488010406494140625
15.68057155609130859375
18.06227874755859375
17.321147918701171875
16.111080169677734375
17.546504974365234375
16.52264404296875
15.8604183197021484375
16.27924346923828125
18.1093120574951171875
16.6284942626953125
17.15494537353515625
15.059940338134765625
17.3960933685302734375
16.4513530731201171875
14.0283184051513671875
16.16534423828125
17.0546894073486328125
17.922637939453125
14.86921787261962890625
18.025775909423828125
16.5923900604248046875
16.809543609619140625
16.888896942138671875
17.322551727294921875
16.3499279022216796875
15.88275241851806640625
14.7053127288818359375
15.609344482421875
17.3897266387939453125
17.4654712677001953125
15.05403900146484375
16.0140132904052734375
17.3370609283447265625
17.13770294189453125
17.8374481201171875
16.9071197509765625
16.733058929443359375
16.55155181884765625
17.6304931640625
14.51631641387939453125
17.083415985107421875
15.44977092742919921875
16.54041290283203125
16.963352203369140625
17.7668552398681640625
18.39031219482421875
16.481090545654296875
16.5384979248046875
17.02724456787109375
17.402202606201171875
15.119110107421875
17.6691379547119140625
16.0930118560791015625
16.3063564300537109375
14.261325836181640625
16.5503940582275390625
15.5046825408935546875
16.195064544677734375
16.729106903076171875
17.091800689697265625
16.9474697113037109375
17.7172451019287109375
17.194156646728515625
19.6703968048095703125
15.5974597930908203125
17.0999164581298828125
15.8323993682861328125
16.553989410400390625
17.6938648223876953125
16.974628448486328125
17.2995548248291015625
16.790561676025390625
16.5786991119384765625
15.0360965728759765625
16.095676422119140625
15.7387523651123046875
25.488689422607421875
15.78533935546875
15.8717746734619140625
19.297298431396484375
16.6396636962890625
15.59527111053466796875
17.63663482666015625
17.755401611328125
17.5940723419189453125
17.2508029937744140625
16.1422748565673828125
16.470630645751953125
14.87290191650390625
16.42566680908203125
16.7852954864501953125
17.581813812255859375
17.87857818603515625
18.8905029296875
16.2608547210693359375
17.51312255859375
18.07123565673828125
15.8561229705810546875
16.6327991485595703125
19.18805694580078125
18.719249725341796875
16.137546539306640625
16.95543670654296875
16.557018280029296875
14.75663852691650390625
17.51554107666015625
18.654285430908203125
15.69367313385009765625
15.21685791015625
14.87260913848876953125
16.5458221435546875
15.8130512237548828125
16.5616054534912109375
17.65425872802734375
17.4007415771484375
16.552860260009765625
17.694393157958984375
16.974941253662109375
16.303104400634765625
15.25796985626220703125
17.869113922119140625
16.6560306549072265625
18.014377593994140625
16.3306827545166015625
15.42800426483154296875
13.9335193634033203125
14.91516399383544921875
