0.999598681926727294921875
0.999718189239501953125
0.997308909893035888671875
0.99976253509521484375
0.999435126781463623046875
0.999574363231658935546875
0.999614894390106201171875
0.99969828128814697265625
0.999540269374847412109375
0.99964046478271484375
0.9924690723419189453125
0.99831163883209228515625
0.99947869777679443359375
0.990612566471099853515625
0.99937331676483154296875
0.993506729602813720703125
0.99775755405426025390625
0.99971807003021240234375
0.99971449375152587890625
0.999624311923980712890625
0.999812901020050048828125
0.99877941608428955078125
0.998895108699798583984375
0.998249232769012451171875
0.99924170970916748046875
0.99857771396636962890625
0.999144017696380615234375
0.9997441768646240234375
0.999622523784637451171875
0.999662935733795166015625
0.99878871440887451171875
0.999619543552398681640625
0.999416768550872802734375
0.999679028987884521484375
0.999693334102630615234375
0.99588859081268310546875
0.991506874561309814453125
0.999581873416900634765625
0.999497711658477783203125
0.9994628429412841796875
0.999713420867919921875
0.99932384490966796875
0.9983389377593994140625
0.999516308307647705078125
0.99945032596588134765625
0.999447762966156005859375
0.999631822109222412109375
0.998508453369140625
0.9994716644287109375
0.999650180339813232421875
0.999721109867095947265625
0.998777329921722412109375
0.999439656734466552734375
0.998281002044677734375
0.989085674285888671875
0.999535858631134033203125
0.999250710010528564453125
0.999559104442596435546875
0.9977643489837646484375
0.999715030193328857421875
0.997857153415679931640625
0.999211251735687255859375
0.99969398975372314453125
0.99945068359375
0.998889446258544921875
0.99943244457244873046875
0.999835968017578125
0.999781668186187744140625
0.993266582489013671875
0.9991118907928466796875
0.9994351863861083984375
0.99953854084014892578125
0.998918712139129638671875
0.999655783176422119140625
0.999646246433258056640625
0.999578177928924560546875
0.998604357242584228515625
0.999682247638702392578125
0.99964487552642822265625
0.9994871616363525390625
0.9913547039031982421875
0.999473750591278076171875
0.99952328205108642578125
0.990748584270477294921875
0.999554097652435302734375
0.999538123607635498046875
0.9994008541107177734375
0.998787820339202880859375
0.99950206279754638671875
0.99954164028167724609375
0.999480068683624267578125
0.99951159954071044921875
0.99959838390350341796875
0.999371826648712158203125
0.998279035091400146484375
0.99964606761932373046875
0.9995925426483154296875
0.996025979518890380859375
0.999555885791778564453125
0.99259316921234130859375
0.998864710330963134765625
0.999245464801788330078125
0.9998385906219482421875
0.999775588512420654296875
0.9983589649200439453125
0.997281968593597412109375
0.999484539031982421875
0.999583721160888671875
0.9996411800384521484375
0.99928987026214599609375
0.999618232250213623046875
0.996235907077789306640625
0.998646438121795654296875
0.99970543384552001953125
0.999585688114166259765625
0.999139964580535888671875
0.99385964870452880859375
0.9989082813262939453125
0.999759376049041748046875
0.999554455280303955078125
0.999583184719085693359375
0.998912036418914794921875
0.996990501880645751953125
0.99972820281982421875
0.999575078487396240234375
0.991490542888641357421875
0.99980580806732177734375
0.999690592288970947265625
0.999719798564910888671875
0.99846661090850830078125
0.998697757720947265625
0.999638080596923828125
0.999632656574249267578125
0.9994251728057861328125
0.999511659145355224609375
0.99972629547119140625
0.999198973178863525390625
0.99978542327880859375
0.999818503856658935546875
0.999574244022369384765625
0.9995391368865966796875
0.99973857402801513671875
0.999278843402862548828125
0.99963891506195068359375
0.999384939670562744140625
0.999551475048065185546875
0.9983470439910888671875
0.999456465244293212890625
0.99961507320404052734375
0.999238550662994384765625
0.999501287937164306640625
