0.0290636045858263976360280622657228377647697925567626953125
0.022205944289453327655792236328125
0.0280443737749010331417043317969728377647697925567626953125
0.0206908306106925003742258439842771622352302074432373046875
0.026456906460225582122802734375
0.028253754484467208385467529296875
0.0186855349922552711749990095313478377647697925567626953125
0.017480123415589333968345187031445675529539585113525390625
0.0209452598355710506439208984375
0.022418131330050529437247774922070675529539585113525390625
0.0248672719579190008853952775780271622352302074432373046875
0.03208829760551452914274506156289135105907917022705078125
0.0210585073335096233104746232811521622352302074432373046875
0.027594770747236908869925997578320675529539585113525390625
0.0208289806498214609409291853125978377647697925567626953125
0.0257448273012414567684214006249021622352302074432373046875
0.0275449099252000444149057756249021622352302074432373046875
0.02654622751288115978240966796875
0.023877435154281555218513943827929324470460414886474609375
0.025061466475017370181266329609570675529539585113525390625
0.028261485835537315802756808125195675529539585113525390625
0.027753344387747347354888916015625
0.0341168376617133617401123046875
0.0240530946059152490879018415625978377647697925567626953125
0.025399129115976394610587618672070675529539585113525390625
0.027600776660256086392219998515429324470460414886474609375
0.02635293942876160144805908203125
0.024496461474336685137931368672070675529539585113525390625
0.025208014412783086299896240234375
0.022373031219467522101584933125195675529539585113525390625
0.0301115413196384913707692732032228377647697925567626953125
0.0262873159255832440639455427344728377647697925567626953125
0.0250598362646996981883962263282228377647697925567626953125
0.023675825889222325282279513203320675529539585113525390625
0.0266733034979552037502248396094728377647697925567626953125
0.023994963360019029574576876484570675529539585113525390625
0.022150709736160935359183810078320675529539585113525390625
0.0208751943893730647350270857032228377647697925567626953125
0.023398373881354926628883816874804324470460414886474609375
0.03327891579829156398773193359375
0.029018949694000185923759005390820675529539585113525390625
0.0233774931868538267398793806250978377647697925567626953125
0.024512838665395976500693819843945675529539585113525390625
0.0240949786268174655223806013282228377647697925567626953125
0.03053050884045660495758056640625
0.023292358173057435555275418437304324470460414886474609375
0.021164444624446332454681396484375
0.0198593793204054243350942243750978377647697925567626953125
0.026004847954027354717254638671875
0.0295278417645022280002553571875978377647697925567626953125
0.0211057406384497873996775041405271622352302074432373046875
0.0305972720263525850559194196875978377647697925567626953125
0.024211696092970670657340548359570675529539585113525390625
0.021683693723753096060935519062695675529539585113525390625
0.0292967495741322629665415178124021622352302074432373046875
0.0214635394047945730899851213280271622352302074432373046875
0.026222650799900291962440945781054324470460414886474609375
0.02595336432568728923797607421875
0.0268777894554659731174428571875978377647697925567626953125
0.026134529500268399715423583984375
0.03332087183371186533964447562539135105907917022705078125
0.017733872868120670318603515625
0.027678034477867187457267306172070675529539585113525390625
0.026796131185255943341072537577929324470460414886474609375
0.028425253485329447789009549296679324470460414886474609375
0.0190558741567656390880625139061521622352302074432373046875
0.027524340455420313877876736796679324470460414886474609375
0.030700992769561709361259005390820675529539585113525390625
0.020424596755765377087410428202929324470460414886474609375
0.0189516424899920828128774275000978377647697925567626953125
0.027409281022846697373207547343554324470460414886474609375
0.0260208670981228358531911482032228377647697925567626953125
0.0246039913734421127056162248436521622352302074432373046875
0.0248049700632691390300710310157228377647697925567626953125
0.034042609063908456368263699687304324470460414886474609375
0.024376883194781838459785916484179324470460414886474609375
0.0235187332145869731903076171875
0.027241029194556176662445068359375
0.0224450268317013985897023786719728377647697925567626953125
0.0287782911444082849239389787499021622352302074432373046875
0.026576255541294814543906710468945675529539585113525390625
0.0217322406359016888355295549217771622352302074432373046875
0.029804357467219232125099637187304324470460414886474609375
0.0290251789148896939540822614844728377647697925567626953125
0.024639079673215748267356417500195675529539585113525390625
0.023578873160295187039192654765429324470460414886474609375
0.023005421832203866439048312031445675529539585113525390625
0.020076375710777936978157498515429324470460414886474609375
0.0272965555079281337047536482032228377647697925567626953125
0.03407189710997045317686371390664135105907917022705078125
0.0292278747074306011199951171875
0.0258072583936154835437815080467771622352302074432373046875
0.026354964240454137325286865234375
0.0228116793325170881534535993750978377647697925567626953125
0.0267125667771324522281606306250978377647697925567626953125
0.021071481308899818463142850077929324470460414886474609375
0.0265690020285546772693674455467771622352302074432373046875
0.023957908130250872569266817890820675529539585113525390625
0.023269430850632488727569580078125
0.0291199271567165844654123674217771622352302074432373046875
0.02558142854832112789154052734375
0.027031064825132490592185519062695675529539585113525390625
0.0244210935663431889797170271094728377647697925567626953125
0.0302359157241880900646169294532228377647697925567626953125
0.0276114090345799916004221330467771622352302074432373046875
0.025499886833131313323974609375
0.0264057786436751491809804548438478377647697925567626953125
0.0227450445061549537395517717186521622352302074432373046875
0.0273286704206839210773427595313478377647697925567626953125
0.022983066737651824951171875
0.0280303591163828975940663923438478377647697925567626953125
0.02800973760895431041717529296875
0.025837371149100361866768338359179324470460414886474609375
0.027664319355972112612906954609570675529539585113525390625
0.0224119495134800679470021833594728377647697925567626953125
0.0248539094347506768489797224219728377647697925567626953125
0.0197589968563988797878305803124021622352302074432373046875
0.019187891483306886153403780781445675529539585113525390625
0.019801167678087948365028836406054324470460414886474609375
0.025641087093390524387359619140625
0.0290924038970842950557749162499021622352302074432373046875
0.027142045088112354278564453125
0.025075026461854575676735379374804324470460414886474609375
0.025101956096477806568145751953125
0.029957036278210578961189725077929324470460414886474609375
0.027621873049065472083274386250195675529539585113525390625
0.026396464766003192858878634297070675529539585113525390625
0.025485727912746371226493380390820675529539585113525390625
0.030450541269965471224967501484570675529539585113525390625
0.02143865707330405712127685546875
0.024920986057259141011055447734179324470460414886474609375
0.0270278492942452423786203752342771622352302074432373046875
0.0267345859436318271373789201561521622352302074432373046875
0.032458121515810491042319796406445675529539585113525390625
0.026811513607390223545845486796679324470460414886474609375
0.0275975910015404217456858049217771622352302074432373046875
0.021638417057693003220375516093554324470460414886474609375
0.019929397059604524178322293437304324470460414886474609375
0.030200179107487200302895047343554324470460414886474609375
0.022778357728384435176849365234375
0.021223997906781734423820040547070675529539585113525390625
0.024725555768236519293967745625195675529539585113525390625
0.02607533405534923076629638671875
0.023186188633553685145560763203320675529539585113525390625
0.0252239222871139638637583146874021622352302074432373046875
0.0267528085270896560932119001563478377647697925567626953125
0.020243122591637074947357177734375
0.027211910369805990261848904765429324470460414886474609375
0.0270063304342329502105712890625
0.0276411764323711388324777971092771622352302074432373046875
0.0243953042663633823394775390625
