169.9488852024078369140625
164.3556654453277587890625
161.1132831573486328125
168.6745226383209228515625
173.8175079822540283203125
166.9363982677459716796875
167.958027362823486328125
174.5168831348419189453125
163.408002376556396484375
168.934471607208251953125
170.9463264942169189453125
166.0932681560516357421875
167.254199981689453125
168.7257168292999267578125
166.452848911285400390625
168.6303832530975341796875
174.1787316799163818359375
172.45481586456298828125
162.4254648685455322265625
172.5824849605560302734375
170.6269905567169189453125
167.2518284320831298828125
161.3099977970123291015625
167.42377758026123046875
176.57287120819091796875
167.254436969757080078125
161.381267547607421875
163.3831975460052490234375
164.660387516021728515625
169.1739523410797119140625
166.744049549102783203125
164.5166347026824951171875
173.578160762786893656084430404007434844970703125
165.1468236446380615234375
162.930743694305419921875
164.709026813507080078125
169.33833217620849609375
174.2351901531219482421875
172.50565338134765625
158.8927059173583984375
166.8383162021636962890625
164.544234752655029296875
162.2590577602386474609375
169.50913906097412109375
169.10432147979736328125
169.3807103633880615234375
165.1616747379302978515625
166.1949369907379150390625
161.272370815277099609375
169.4812858104705810546875
171.690729618072509765625
169.3152105808258056640625
166.7675197124481201171875
169.28900241851806640625
167.8362357616424560546875
165.880834102630615234375
166.12232685089111328125
170.4731562137603759765625
173.567917346954374124834430404007434844970703125
168.2723102569580078125
170.3849127292633056640625
168.31840991973876953125
169.8948767185211181640625
162.5516021251678466796875
163.601402759552001953125
160.3886814117431640625
163.8418252468109130859375
163.4063408374786376953125
167.931291818618745992353069595992565155029296875
166.672056674957275390625
163.760748386383056640625
165.121110439300537109375
167.3336474895477294921875
163.9091637134552001953125
171.3364794254302978515625
168.42336750030517578125
171.7872240543365478515625
166.24547290802001953125
167.44455432891845703125
167.340749263763427734375
162.8498871326446533203125
171.536310672760009765625
168.6028769016265869140625
169.527944087982177734375
168.834614276885986328125
171.24039363861083984375
168.386013031005859375
166.5313396453857421875
159.8775203227996826171875
170.7711713314056396484375
165.579621791839599609375
163.397929430007906148603069595992565155029296875
169.08917331695556640625
167.9137580394744873046875
167.495086669921875
170.9818246364593505859375
172.195200443267822265625
171.72366428375244140625
170.1928317546844482421875
168.5839259624481201171875
169.8111722469329833984375
168.4717762470245361328125
165.059619426727294921875
173.5759208202362060546875
166.020695209503173828125
163.2628209590911865234375
168.665247440338106343915569595992565155029296875
166.4076955318450927734375
167.532890796661376953125
169.4578468799591064453125
171.8426949977874755859375
167.1359984874725341796875
166.7705657482147216796875
168.1120455265045166015625
166.8860843181610107421875
162.274352550506591796875
172.27733135223388671875
169.9276630878448486328125
166.351627826690673828125
166.895185470581026265790569595992565155029296875
168.6474034786224365234375
162.8221976757049560546875
163.8423731327056884765625
163.2916774749755859375
171.4421527385711669921875
171.5890123844146728515625
169.4855859279632568359375
165.109342098236083984375
168.4478738307952880859375
164.1848347187042236328125
164.113132953643798828125
171.7587296962738037109375
170.0636870861053466796875
166.939487457275390625
170.65753459930419921875
166.18395519256591796875
165.56543827056884765625
171.5334279537200927734375
173.4621088504791259765625
168.3697521686553955078125
171.2769825458526611328125
170.9208977222442626953125
169.781355381011962890625
166.0294301509857177734375
163.373405933380126953125
171.7676875591278076171875
165.9887340068817138671875
172.2090301513671875
172.825092315673828125
163.2137377262115478515625
163.2375752925872802734375
