4.5503695011138916015625
4.5400869846343994140625
4.5469691753387451171875
4.6670968532562255859375
4.664025783538818359375
4.5132644176483154296875
4.593387126922607421875
4.4590780735015869140625
4.5369536876678466796875
4.4971950054168701171875
4.4840652942657470703125
4.6592276096343994140625
4.5920617580413818359375
4.5145938396453857421875
4.6231288909912109375
4.577288150787353515625
4.484573841094970703125
4.5055706501007080078125
4.45711231231689453125
4.604176998138427734375
4.5225560665130615234375
4.39098072052001953125
4.5399348735809326171875
4.6349618434906005859375
4.525299549102783203125
4.6982533931732177734375
4.6090991497039794921875
4.72538852691650390625
4.6838853359222412109375
4.58305835723876953125
4.536252498626708984375
4.6643083095550537109375
4.5042552947998046875
4.5672099590301513671875
4.502781391143798828125
4.6017224788665771484375
4.6156456470489501953125
4.6542117595672607421875
4.4934177398681640625
4.5470368862152099609375
4.5908052921295166015625
4.5231239795684814453125
4.5196912288665771484375
4.5801694393157958984375
4.5441913604736328125
4.517048358917236328125
4.7829635143280029296875
4.5233228206634521484375
4.4457805156707763671875
4.6561849117279052734375
4.6185309886932373046875
4.4197719097137451171875
4.4365062713623046875
4.5321094989776611328125
4.406298160552978515625
4.7375390529632568359375
4.5146167278289794921875
4.5759861469268798828125
4.5449657440185546875
4.5428669452667236328125
4.57522487640380859375
4.58858489990234375
4.58942317962646484375
4.5640227794647216796875
4.5438764095306396484375
4.50340557098388671875
4.558481693267822265625
4.54467868804931640625
4.5314388275146484375
4.5473291873931884765625
4.65274810791015625
4.61028003692626953125
4.5519716739654541015625
4.638503551483154296875
4.62533473968505859375
4.583169460296630859375
4.5870034694671630859375
4.6152203083038330078125
4.5057532787322998046875
4.538606166839599609375
4.5246565341949462890625
4.5097587108612060546875
4.5033168792724609375
4.5562698841094970703125
4.602490901947021484375
4.56856536865234375
4.5043637752532958984375
4.5335342884063720703125
4.4728546142578125
4.613086700439453125
4.632095813751220703125
4.396005153656005859375
4.4828479290008544921875
4.5764076709747314453125
4.5646498203277587890625
4.583384990692138671875
4.575313091278076171875
4.5819318294525146484375
4.6596469879150390625
4.53963375091552734375
4.5286958217620849609375
4.59051227569580078125
4.4464938640594482421875
4.6333792209625244140625
4.6386458873748779296875
4.5377476215362548828125
4.5839960575103759765625
4.277017116546630859375
4.546308994293212890625
4.5631177425384521484375
4.52361965179443359375
4.5210802555084228515625
4.6110837459564208984375
4.6070787906646728515625
4.4642217159271240234375
4.5521528720855712890625
4.505400180816650390625
4.594330310821533203125
4.560004711151123046875
4.4703800678253173828125
4.4895699024200439453125
4.6799571514129638671875
4.72979831695556640625
4.64461803436279296875
4.591313838958740234375
4.532235622406005859375
4.5724391937255859375
4.5087983608245849609375
4.423074245452880859375
4.6659438610076904296875
4.5501716136932373046875
4.51091766357421875
4.4907734394073486328125
4.599414348602294921875
4.5684335231781005859375
4.5790789127349853515625
4.596012592315673828125
4.5660305023193359375
4.6068956851959228515625
4.6170825958251953125
4.989295482635498046875
4.6206309795379638671875
4.6048901081085205078125
4.590115070343017578125
4.584191799163818359375
4.5738315582275390625
4.5637557506561279296875
4.51900768280029296875
4.6072299480438232421875
4.61247158050537109375
4.593853473663330078125
