0.94022696777764147579858899916871450841426849365234375
0.9719412852783502199116583142313174903392791748046875
1.0336829882492823973194617792614735662937164306640625
0.94751056949170087140288387672626413404941558837890625
0.95180807048617765975251359122921712696552276611328125
0.8895216376530166169089852701290510594844818115234375
0.92694127137443782515902057639323174953460693359375
1.008092728689451877954752490040846168994903564453125
0.85501039660406974451944961401750333607196807861328125
1.0412001892846503015022108229459263384342193603515625
0.89711934441936669326622677544946782290935516357421875
0.917043516279262060919563737115822732448577880859375
0.9523694944503480197539602158940397202968597412109375
0.96345661284656569645079571273527108132839202880859375
0.99212211889477741610932071125716902315616607666015625
0.9744420678122927004238817971781827509403228759765625
0.97430029507729576376817703931010328233242034912109375
0.8446793352136723331824441629578359425067901611328125
0.91072197668293686234619599417783319950103759765625
0.93687207946029837923873628824367187917232513427734375
0.9479390985746987130511342911631800234317779541015625
1.062204893486804024860248318873345851898193359375
0.87163866912429555089403265810688026249408721923828125
0.9548820255857748406924656592309474945068359375
0.9273912763585949736722113811993040144443511962890625
0.97005933326533266836122493259608745574951171875
0.997838957473263565844945333083160221576690673828125
0.93611826736047165642418121933587826788425445556640625
1.0145785255897894483467780446517281234264373779296875
0.9345682768230905157480492562172003090381622314453125
0.915526460224862947967494619661010801792144775390625
0.981456705916262439615138646331615746021270751953125
1.0358511112682589061506632788223214447498321533203125
0.9758786983203739939796150792972184717655181884765625
1.035089753141272606029588132514618337154388427734375
0.83860056915441116842657720553688704967498779296875
1.00488716297141511546442416147328913211822509765625
0.94067327718712601125616856734268367290496826171875
0.85867689418875503548633787431754171848297119140625
0.96401416589566035764136131547274999320507049560546875
0.92779990653323463067891907485318370163440704345703125
0.971635863157576107340673843282274901866912841796875
0.89296431224979500029803602956235408782958984375
0.9971534604123324374569392603007145226001739501953125
1.0252473006880593597855977350263856351375579833984375
1.0229632656845486504693099050200544297695159912109375
0.98149761292846215976481971665634773671627044677734375
0.95087785945282465860373122268356382846832275390625
0.9193188345889014012612960868864320218563079833984375
0.914394121834896989042817949666641652584075927734375
0.91262625535296149070774163192254491150379180908203125
0.91190000364895473783377610743627883493900299072265625
1.0258687246388387137585596065036952495574951171875
0.98934919052237957348694408210576511919498443603515625
0.88786633671429993075463471541297622025012969970703125
0.875995847124436455288787328754551708698272705078125
0.99159344415624850466173256791080348193645477294921875
0.9938282360445265251058799549355171620845794677734375
0.97330801439953285036921215578331612050533294677734375
0.96925206698552468509433310828171670436859130859375
0.966833611987549801369823398999869823455810546875
0.9276795716157988369587883425992913544178009033203125
1.0271731027181754125621182538452558219432830810546875
0.84118797102611686522521949882502667605876922607421875
0.95602035296394849428480711139854975044727325439453125
0.90742075120514120722958750775433145463466644287109375
0.91956642048283632195904147010878659784793853759765625
0.936837722160440922181123823975212872028350830078125
0.9849290976552449450309723033569753170013427734375
0.99193360591078327814784643123857676982879638671875
0.9653235825973052186554923537187278270721435546875
0.9068377930586895008246983707067556679248809814453125
0.94816248069570019385565728953224606812000274658203125
1.0447100457000668694007572412374429404735565185546875
0.91264985936000353472508095364901237189769744873046875
1.0604271601626893417602559566148556768894195556640625
0.92372849854359684318438894479186274111270904541015625
0.93024939719734967003006431696121580898761749267578125
0.91809151907660069280581183193135075271129608154296875
0.93444521981494566009729396682814694941043853759765625
0.8951403810311477915462319288053549826145172119140625
0.934901786103809140371367902844212949275970458984375
1.0051394667121840154067058392683975398540496826171875
0.9395387880373562428104605714906938374042510986328125
1.006279364331902126394879815052263438701629638671875
1.0332036656069865099283333620405755937099456787109375
1.0004414248286057631531775768962688744068145751953125
0.9657684083028381660795957941445522010326385498046875
0.956466165906298737553470346028916537761688232421875
0.98208865502523112755994816325255669653415679931640625
0.93156700861574026628630917912232689559459686279296875
0.96539339040159910521055053322925232350826263427734375
1.0878529541398858082601464047911576926708221435546875
1.028762103022160534493423256208188831806182861328125
0.988228275808188616480265409336425364017486572265625
0.98132655674340096840779779086005873978137969970703125
0.95327386306780026448137732586474157869815826416015625
0.9718624764438408281108650044188834726810455322265625
0.956819327591539536825848699663765728473663330078125
0.86938881446285687371045014515402726829051971435546875
1.042868266318153214200492584495805203914642333984375
0.8982345205080541905573454641853459179401397705078125
0.9726738727210182400284566028858534991741180419921875
1.0590435585080444358396789539256133139133453369140625
0.97642410882315477937964942611870355904102325439453125
0.973114571853416432389849433093331754207611083984375
0.96942055999765752716257338761352002620697021484375
0.94166984257961561244343329235562123358249664306640625
0.9828974214059196246040528421872295439243316650390625
1.0124485935087685906097476618015207350254058837890625
0.93923297080201717523806337339919991791248321533203125
0.9634966722890876411611316143535077571868896484375
0.9523005372054758055355705437250435352325439453125
1.0267943789892857164858241958427242934703826904296875
0.9888096862670316955501448319409973919391632080078125
0.95548128664472542492802631386439315974712371826171875
1.021987823027673325526620828895829617977142333984375
1.0198959419626916211853995264391414821147918701171875
0.86450994564076300008537145913578569889068603515625
1.0086416740302979189181087349425069987773895263671875
1.00832913088688602698539398261345922946929931640625
0.8951163938255184415737630843068473041057586669921875
1.0374830769135019448157208898919634521007537841796875
1.05875093589737279131668401532806456089019775390625
1.0185223425972242949910651077516376972198486328125
0.853200137506323397218466197955422103404998779296875
0.97915149751231733699086134947719983756542205810546875
0.99186197303028877936270646387129090726375579833984375
0.87408471000049969834577723304391838610172271728515625
0.91032723057267517230428666152874939143657684326171875
1.0656546067727032944816301096579991281032562255859375
0.88464876601094843966421876757522113621234893798828125
0.87488371360028638346051366170286200940608978271484375
0.8460815115066082636730016020010225474834442138671875
1.0617318871045491324167642233078368008136749267578125
0.9634234392034433103191304326173849403858184814453125
0.97964429109161577091668959837988950312137603759765625
1.04485966233108218403913269867189228534698486328125
1.0234452870335104535115533508360385894775390625
0.95682936570153309663311347321723587810993194580078125
1.0114791430749507927799868411966599524021148681640625
0.97636912211270499017956581155885942280292510986328125
0.94053669262423167385378519611549563705921173095703125
0.91559912797196008060751637458452023565769195556640625
0.97269096067843274777686701781931333243846893310546875
0.9967945775302118338601076175109483301639556884765625
1.0334070422137930922446003023651428520679473876953125
0.9777422124812602532983873970806598663330078125
0.98383723288254854022483186781755648553371429443359375
0.91107188677221551120766207532142288982868194580078125
0.903816579231810468542107628309167921543121337890625
