0.9999090147283171692293990417965687811374664306640625
1.0000109180199050484816325479187071323394775390625
1.0008502012931217439728470708359964191913604736328125
0.99998976834093078469578586009447462856769561767578125
0.9999392798595818643292432170710526406764984130859375
0.99998593559884618731103955724393017590045928955078125
0.9999638326660200693396518545341677963733673095703125
0.99994622736690796926950497436337172985076904296875
0.9999348736469755305478201989899389445781707763671875
0.9999738929632659978352648977306671440601348876953125
1.000388591728353926413319641142152249813079833984375
0.99960156371632413740968559068278409540653228759765625
1.0000258627885900697407350889989174902439117431640625
1.000259792850939799535581187228672206401824951171875
0.9998905536043760644560052242013625800609588623046875
0.999296530060956200713917496614158153533935546875
0.99967247666400893546523320765118114650249481201171875
0.999964685425911437022250538575462996959686279296875
0.999984334968279764410681309527717530727386474609375
0.9999408435609833389889899990521371364593505859375
1.00000935222844145044973629410378634929656982421875
0.9997917896855776920261860141181387007236480712890625
0.9997223772313941214662236234289593994617462158203125
0.99980789872580155819292713204049505293369293212890625
1.000034797211069470534994252375327050685882568359375
0.99982931807593400375111514222226105630397796630859375
0.99995674206718698773244113908731378614902496337890625
1.000003189608006604061074540368281304836273193359375
0.9999193847571048454625497470260597765445709228515625
0.99990437027685741266935792737058363854885101318359375
0.99987149744217795888090449807350523769855499267578125
0.9999469419991395824354185606352984905242919921875
0.9998634380777089436520554954768158495426177978515625
1.000059638688226559821714545250870287418365478515625
0.99994992924664971578607719493447802960872650146484375
0.999751853398359369151648934348486363887786865234375
1.0001289750899482466905965338810347020626068115234375
0.9999282946218179812802873129840008914470672607421875
0.9999237443196522523436442497768439352512359619140625
0.9999865902670175277222597287618555128574371337890625
0.999989521824980354125500525697134435176849365234375
0.9998908410856086614870719131431542336940765380859375
0.999767051285278096628417188185267150402069091796875
1.0000376649603015533074312770622782409191131591796875
0.99985962738377820446800114950747229158878326416015625
0.9998604442129188640819847933016717433929443359375
0.99995881803252084640831753858947195112705230712890625
0.9999737664254391145135514307185076177120208740234375
0.999946035377179409664449849515222012996673583984375
0.9999753242620024185072225009207613766193389892578125
0.9999884934339837716521515176282264292240142822265625
0.99987484027874717895656431210227310657501220703125
0.9999579817325414676787431744742207229137420654296875
0.999486565115554004279374566976912319660186767578125
0.9976180533153780061184079386293888092041015625
0.99994702624981979255380792892538011074066162109375
0.99978777551174446980297716436325572431087493896484375
0.9999326641318493358312480268068611621856689453125
0.99996152221347400779194458664278499782085418701171875
0.9999794836050976964969549953821115195751190185546875
0.99994140050465418756431290603359229862689971923828125
0.9996869602441595947794894527760334312915802001953125
0.999957612317967647896921334904618561267852783203125
0.9999046906623203501141006199759431183338165283203125
0.99969703988967328900372422140208072960376739501953125
0.9999522413057559955262831863365136086940765380859375
0.99997460639767365986330105442903004586696624755859375
0.99999088634396071650911608230671845376491546630859375
1.0002921866646647952592275032657198607921600341796875
0.99981931383585165296068453244515694677829742431640625
0.99990489606759658247625566218630410730838775634765625
0.99992934670264632668335025300621055066585540771484375
0.99981964578387227948752524753217585384845733642578125
0.9999919508613801522045605452149175107479095458984375
1.000005805899724098395608962164260447025299072265625
0.9999597925998708891626165495836175978183746337890625
0.9999149000910814155673733694129623472690582275390625
1.00003378402348541698074768646620213985443115234375
0.9999799600028784762884015435702167451381683349609375
0.999967027853772005840937708853743970394134521484375
1.000394580012935019652786650112830102443695068359375
0.9999529500504678036776340377400629222393035888671875
0.999894025930170737836988337221555411815643310546875
0.999968836228285251621628049178980290889739990234375
0.99996297928079957983982239966280758380889892578125
0.99989129685040911699189791761455126106739044189453125
0.999889853579118526027968982816673815250396728515625
1.00012433210825602003524181782267987728118896484375
0.99992467046233735050719815262709744274616241455078125
0.99996348787761757392900108243338763713836669921875
0.9998995242867729782432206775411032140254974365234375
0.99996598397913982747553518493077717721462249755859375
0.99997860293231199957375565645634196698665618896484375
0.999930597719186575744743095128796994686126708984375
0.999843174759110553395657916553318500518798828125
1.0000913988188615544316917294054292142391204833984375
0.99990994125173859874422532811877317726612091064453125
1.0005933944589031625582720153033733367919921875
0.999991786323486397947135628783144056797027587890625
1.000234084655799993157643257291056215763092041015625
0.99984057064896625366401394785498268902301788330078125
0.99992249476882555381251904691453091800212860107421875
0.999987257840094567740152342594228684902191162109375
0.99998479080765656501483817919506691396236419677734375
0.99996846785179993588599245413206517696380615234375
1.000178674146998236693661965546198189258575439453125
0.9998422980082064537299402218195609748363494873046875
1.000060605899787180561588684213347733020782470703125
0.9999627243440050161638055215007625520229339599609375
0.9998657258498211408692668555886484682559967041015625
0.9999720371813669572702565346844494342803955078125
1.00045628487145421559034730307757854461669921875
0.99990516139775931225841532068443484604358673095703125
0.9999946862816455617206656825146637856960296630859375
0.999856360919964881617261198698543012142181396484375
0.9999526483577427793392189414589665830135345458984375
0.9992492161220096758000863701454363763332366943359375
0.99976086143012155016407405128120444715023040771484375
0.999940032169224224389836308546364307403564453125
0.9999920991719097873584587432560510933399200439453125
0.9999809865957811627623641470563597977161407470703125
0.9999099391451691243304367162636481225490570068359375
0.999690938348202440266732082818634808063507080078125
0.99993750279065285457846812278148718178272247314453125
1.0000035553404165167279415982193313539028167724609375
0.9994743673807946482412489785929210484027862548828125
0.999985521418791822867433438659645617008209228515625
0.9999715103103612445778480832814238965511322021484375
0.999971152653806871768438213621266186237335205078125
0.9997599066413120905139066962874494493007659912109375
0.99990048502919515183151588644250296056270599365234375
0.99997592762989973014242650606320239603519439697265625
0.9999575651689898148077872974681667983531951904296875
0.9999746776752063137649884083657525479793548583984375
0.9999436044410277002469911167281679809093475341796875
0.9999558247404702893135208796593360602855682373046875
0.99985500449178965620689041315927170217037200927734375
0.999985275217218916310457643703557550907135009765625
0.99999947092085650357518034070380963385105133056640625
0.99994123710405957705660284773330204188823699951171875
0.9999460398850512632407117052935063838958740234375
0.99995446343575589143171100658946670591831207275390625
0.999870302683720790781762843835167586803436279296875
0.999913164803054588247732681338675320148468017578125
0.99987473616112954033496862393803894519805908203125
0.999997920503796766666937401168979704380035400390625
0.999733921098943323357843837584368884563446044921875
0.99982765527717043507749394848360680043697357177734375
1.000042752836668658034113832400180399417877197265625
0.99995309877273241827566607753396965563297271728515625
0.9998776272179126234362911418429575860500335693359375
