0.2256199760623305017315232134933467023074626922607421875
0.2355644024905509947842574547394178807735443115234375
0.258914320751063187220353256634552963078022003173828125
0.225964117439250211649692801074706949293613433837890625
0.21240351734267159944380409797304309904575347900390625
0.23077930952227110328323078647372312843799591064453125
0.25171670052300909592446487295092083513736724853515625
0.228129761003938502650356667800224386155605316162109375
0.257149353498297983389164755863021127879619598388671875
0.24785939848246518746321953585720621049404144287109375
0.2504759955963187234573297246242873370647430419921875
0.20796998013260969973003966515534557402133941650390625
0.2333594765240493973390556448066490702331066131591796875
0.255973621741203694046618011270766146481037139892578125
0.2354039102151340989710348594599054194986820220947265625
0.25722390436587028172965574412955902516841888427734375
0.29280203927444892197939907418913207948207855224609375
0.25003190618177051351977979720686562359333038330078125
0.2268625167980294066172319844554294832050800323486328125
0.2425897800439029972086046882395748980343341827392578125
0.221087102152546510769326459922012872993946075439453125
0.27664608522665201650880817396682687103748321533203125
0.223074143476467090518866598358727060258388519287109375
0.24595667644338858881525311517179943621158599853515625
0.2302884571913285938205007141732494346797466278076171875
0.27352358087823247512204716258565895259380340576171875
0.230105266943177289018507281070924364030361175537109375
0.290854204347109013273353639306151308119297027587890625
0.2483469352032595944823611944229924120008945465087890625
0.258003850692508474029551734929555095732212066650390625
0.2085661679671740043051642032878589816391468048095703125
0.2221351209189451891834465868669212795794010162353515625
0.245320407974304710574386945154401473701000213623046875
0.2358495836780271914800977128834347240626811981201171875
0.287093261021994117232480903112445957958698272705078125
0.2152162917830867938651095983004779554903507232666015625
0.235816504830987094809557902408414520323276519775390625
0.23880776771888079235139912270824424922466278076171875
0.277926740358995394419849844780401326715946197509765625
0.2235091033713083874534532924371887929737567901611328125
0.265125777653633487584983186025056056678295135498046875
0.2190122840172457896468216631546965800225734710693359375
0.2498168860451167871961075661602080799639225006103515625
0.279007529876800719481622081730165518820285797119140625
0.26040116509247812626171025840449146926403045654296875
0.27642033288709999538923511863686144351959228515625
0.2372093187663850966107048634512466378509998321533203125
0.258169284442713087290854900857084430754184722900390625
0.21430534757768360254459594216314144432544708251953125
0.25235321791071518848781352062360383570194244384765625
0.2377223315681434023804996513717924244701862335205078125
0.2073759114275343928834871576327714137732982635498046875
0.254405480883898693633682341896928846836090087890625
0.259317171230936782677645169314928352832794189453125
0.227857381928096902612423946266062557697296142578125
0.2665930661736604090350510887219570577144622802734375
0.217280639479228099286700626180390827357769012451171875
0.2210838660460834048659961581506649963557720184326171875
0.2012817484734054918060763839093851856887340545654296875
0.2623752411000312978472948088892735540866851806640625
0.2120106377494929972282733388055930845439434051513671875
0.2399733599795683958166847560278256423771381378173828125
0.2482908928488661015610006188580882735550403594970703125
0.2021053028478785040800147498885053209960460662841796875
0.2096505772227907071769692493035108782351016998291015625
0.226834834201620705318447335230302996933460235595703125
0.231496437246272612764386167327756993472576141357421875
0.215094431615057091189413540632813237607479095458984375
0.1952482853518643091117468202355667017400264739990234375
0.2445365818816898906273848979253671132028102874755859375
0.210472753269915102691811625845730304718017578125
0.254224736736343992493658561215852387249469757080078125
0.30873380857318777348297089702100493013858795166015625
0.213516442792106297954290994312032125890254974365234375
0.24103221483343040265623358209268189966678619384765625
0.1970684831998285868603915105268242768943309783935546875
0.240794048119422399167888215743005275726318359375
0.2779077554971067787192851028521545231342315673828125
0.2091584269674240104119888883360545150935649871826171875
0.224933297048586611222020792411058209836483001708984375
0.26456543812921651248615262375096790492534637451171875
0.27988794609944089852859860911848954856395721435546875
0.2154750359643569923573380719972192309796810150146484375
0.266794180255616686370245815851376391947269439697265625
0.255543291629585389568291020623291842639446258544921875
0.2146766777631461120545708354256930761039257049560546875
0.2308000836920540976837656899078865535557270050048828125
0.2272175128852844949722822320836712606251239776611328125
0.278539172629310993745122004838776774704456329345703125
0.263785216969505909023752110442728735506534576416015625
0.2158661734561123923814562886036583222448825836181640625
0.23987173774251691060754865247872658073902130126953125
0.2921391199026051044285168245551176369190216064453125
0.251395024853380777418720981586375273764133453369140625
0.273630777770103417179115012913825921714305877685546875
0.227193113998652496121621879865415394306182861328125
0.249067718358667200551082032689009793102741241455078125
0.262451715272575103465868551211315207183361053466796875
0.1626555186369174899052580940406187437474727630615234375
0.263671146180921411872333237624843604862689971923828125
0.233450268805173999364654946475639007985591888427734375
0.254806567634058678262221064869663678109645843505859375
0.2197525271697439996909650972156669013202190399169921875
0.25337742951204400565501373421284370124340057373046875
0.2465579992958044919237892145247315056622028350830078125
0.257049016263612595256660142695182003080844879150390625
0.285978926896438390148347252761595882475376129150390625
0.24601468337748799708464275681762956082820892333984375
0.2307031913544979051522432200727052986621856689453125
0.23136010234813308983348179026506841182708740234375
0.274476504303678925378306985294329933822154998779296875
0.267718600712790522067052734200842678546905517578125
0.2768368353372963053260491506080143153667449951171875
0.2300716717070890038332464655468356795608997344970703125
0.218091451665377189517158740272861905395984649658203125
0.26487675588761760980816006849636323750019073486328125
0.2265770695958100044986593957219156436622142791748046875
0.2195829402185636991529094075303873978555202484130859375
0.261877183812615488278652264853008091449737548828125
0.252440060999515492046185727303964085876941680908203125
0.2189967059574134122801325474938494153320789337158203125
0.26230897718551637876061022325302474200725555419921875
0.254960645441514810460859052909654565155506134033203125
0.2414748447872188119589509369689039885997772216796875
0.2866235012936539927608237121603451669216156005859375
0.2207863641453156888783126987618743441998958587646484375
0.236860048520671606642196138636791147291660308837890625
0.20825186469546330680913115429575555026531219482421875
0.227992515978950704980121599874109961092472076416015625
0.2030039229713894999296286414391943253576755523681640625
0.2446277186879929066432026729671633802354335784912109375
0.271149887601134176318140589501126669347286224365234375
0.247406686257356012159647207226953469216823577880859375
0.2484657991910121932477295558783225715160369873046875
0.2500240020412409780448115270701237022876739501953125
0.23128553080507430195211782120168209075927734375
0.2317572867298672012470461822886136360466480255126953125
0.29946171636248941627655995034729130566120147705078125
0.2283721076166392027761986582845565862953662872314453125
0.273403271150618021323452921933494508266448974609375
0.22837854682307490161718988019856624305248260498046875
0.2656590845680775192505507220630533993244171142578125
0.2434088706230251031303879472034168429672718048095703125
0.2181147820099205991706270424401736818253993988037109375
0.254108862037091876029393233693554066121578216552734375
0.264080407036789976960022841012687422335147857666015625
0.2414685418838443953237771211206563748419284820556640625
0.25954148152603828680895503566716797649860382080078125
0.23814965611742200390921198049909435212612152099609375
0.242475690021890510905677729169838130474090576171875
0.2356600581582311004780194707564078271389007568359375
