0.1592832351088382114578934078963357023894786834716796875
0.157804060188704797784708944163867272436618804931640625
0.1373266290070007944468244431845960207283496856689453125
0.15508789011872059493413189557031728327274322509765625
0.12339264046548299724737063343127374537289142608642578125
0.141218922479888486787302781522157602012157440185546875
0.1498365399641216899606632750874268822371959686279296875
0.156847559247700996110097548807971179485321044921875
0.152926916326522388533959428968955762684345245361328125
0.1518164956030366996575509119793423451483249664306640625
0.144489428188295410127039986036834307014942169189453125
0.142069848462193892846272547103581018745899200439453125
0.1560605917873993109257213518503704108297824859619140625
0.151781632815402300895613052489352412521839141845703125
0.1404817552723016949034473555002477951347827911376953125
0.1697358331997851077499461780462297610938549041748046875
0.170703883115151888727467621720279566943645477294921875
0.14753953748463699557902373271645046770572662353515625
0.1527453304050759019805383331913617439568042755126953125
0.1627052150095510130167753004570840857923030853271484375
0.1469276055699060001824562959882314316928386688232421875
0.160867156609093286956380097763030789792537689208984375
0.15315004648276409060514424709253944456577301025390625
0.15537724978287770216667240674723871052265167236328125
0.1455684035554515032284683684338233433663845062255859375
0.152294909599296202085128015824011527001857757568359375
0.1431400134716304950455167954714852385222911834716796875
0.1745770017659080963756679238940705545246601104736328125
0.1516807224483207872101075963655603118240833282470703125
0.1584886166524500927810237271842197515070438385009765625
0.1462662356030519916760823662116308696568012237548828125
0.1430340132525542984343047692163963802158832550048828125
0.1598962190636560032341861870008870027959346771240234375
0.149207541927049991414833129965700209140777587890625
0.1523433863223755124760572243758360855281352996826171875
0.1451567480045888036688239708382752723991870880126953125
0.14736435879211240429498275261721573770046234130859375
0.1508352523885859997054836867391713894903659820556640625
0.1607034793420573925981642560145701281726360321044921875
0.1498803674375321082212764167707064189016819000244140625
0.1668672331388330876134062918936251662671566009521484375
0.1316098729069661021906512132773059420287609100341796875
0.1481274198569157984906041747308336198329925537109375
0.150398393962322296513178798704757355153560638427734375
0.1507022744235178013383347206399776041507720947265625
0.1572430551520027919298883034571190364658832550048828125
0.1689428275259650946704681473420350812375545501708984375
0.140556318245653788512328219439950771629810333251953125
0.11989043225136329640090337989022373221814632415771484375
0.1687389891956279919238426145966514013707637786865234375
0.15345190296610489166795332494075410068035125732421875
0.1449579790097055009834292604864458553493022918701171875
0.137856187001788088597464820850291289389133453369140625
0.1853884678267387065009330626708106137812137603759765625
0.161019100430373207633039100983296521008014678955078125
0.1584816225176723936129974390496499836444854736328125
0.152468205096734699122151823758031241595745086669921875
0.146037821090635400178570080242934636771678924560546875
0.1490021413392212112913881583153852261602878570556640625
0.159418843637657292600096070600557141005992889404296875
0.14673168253566049035185869797714985907077789306640625
0.167255558892840106022248392036999575793743133544921875
0.1570060692852330019864126597894937731325626373291015625
0.13694111824949850575450227552209980785846710205078125
0.1402776299295734052652306900199619121849536895751953125
0.1478359692614951981237680911362986080348491668701171875
0.1519543726973459907281238656651112250983715057373046875
0.15319950748653499150719881072291173040866851806640625
0.149173263918607801326032813449273817241191864013671875
0.15118005751647201062581871155998669564723968505859375
0.1344183570616273026843145999009720981121063232421875
0.1539464259233425946771234293919405899941921234130859375
0.1819617463073492924507945645018480718135833740234375
0.1518344483008721990113798483434948138892650604248046875
0.16385899251948499166786632486036978662014007568359375
0.1419694702636911942672526265596388839185237884521484375
0.1538343308242106910466162617012741975486278533935546875
0.180202133114931106749878608752624131739139556884765625
0.150095552541855192796305118463351391255855560302734375
0.1413621658839014916253518094890750944614410400390625
0.15291920039297790534504883908084593713283538818359375
0.1624367070108914956616530389510444365441799163818359375
0.149305127815843208249901863382547162473201751708984375
0.1544548096822609128953018853280809707939624786376953125
0.173680188137444291296418441561399959027767181396484375
0.1288263118685538943797297406490542925894260406494140625
0.1466712087559187971397278715812717564404010772705078125
0.1542113817842679923675319741960265673696994781494140625
0.1500900178377649052396947126908344216644763946533203125
0.15014162254768981252794901593006215989589691162109375
0.14391610695330270264236105504096485674381256103515625
0.144568779399894487003308540806756354868412017822265625
0.16414578482170949502716439383220858871936798095703125
0.1436391541269126104207742855578544549643993377685546875
0.16311398895164330724583123810589313507080078125
0.150140384205257604310901342614670284092426300048828125
0.16836464333325740216906751811620779335498809814453125
0.1707768673634673939343286974690272472798824310302734375
0.00110505560391070006311109441554663135320879518985748291015625
0.14854783932685988734334614491672255098819732666015625
0.1549569610891871895841376272073830477893352508544921875
0.1523971366218520862023666495588258840143680572509765625
0.1390376144770291977348364298450178466737270355224609375
0.14320089265375368636767916541430167853832244873046875
0.1481009097299879895270890983738354407250881195068359375
0.17540973674120718950319997020415030419826507568359375
0.1654828013918017981520591774824424646794795989990234375
0.1831591410865109070815748282257118262350559234619140625
0.166355028700221396764646897281636483967304229736328125
0.1458245262110615947381830892481957562267780303955078125
0.14038639982211009726853490064968355000019073486328125
0.1457674832093530936649727891563088633120059967041015625
0.15440337136420889674326417662086896598339080810546875
0.1453304082097618132873861895859590731561183929443359375
0.1432186004533028966800856096597271971404552459716796875
0.147633013501759891017428572013159282505512237548828125
0.1453278801802715125557341480089235119521617889404296875
0.14778393632074460217751266100094653666019439697265625
0.17896059320639501333261023319209925830364227294921875
0.1530911294735496086527604120419709943234920501708984375
0.151200099215648309236570412394939921796321868896484375
0.1814180443057610003787516461670747958123683929443359375
0.1551198032523236902679997228915453888475894927978515625
0.1489076236022089105848209555915673263370990753173828125
0.186078226758513098904046501047560013830661773681640625
0.1506979393916438869638341202517040073871612548828125
0.1639051808535577914316405667705112136900424957275390625
0.1390859004074657956362415234252694062888622283935546875
0.141306556072638700438659498104243539273738861083984375
0.1343095989636746978579395772612770088016986846923828125
0.1397029557544388900236498329832102172076702117919921875
0.148167515982768394078306073424755595624446868896484375
0.1563948232301791974041549337925971485674381256103515625
0.1643774973745882050923938777486910112202167510986328125
0.1539764876458508957579596199138904921710491180419921875
0.141762647397602192800292186802835203707218170166015625
0.15002596509929200241373337121331132948398590087890625
0.1595238906963173108888298656893311999738216400146484375
0.1449021700375862919951686080821673385798931121826171875
0.160336991483759405685560750498552806675434112548828125
0.1438313425592933902930070644288207404315471649169921875
0.152687556946934588353315120912156999111175537109375
0.174811778125986305720829250276437960565090179443359375
0.1302327388337201907742013418101123534142971038818359375
0.170252932229595088653439916015486232936382293701171875
0.158634815582805288602941118369926698505878448486328125
0.1672390589995061127570608050518785603344440460205078125
0.1513671292930200973358978444593958556652069091796875
0.1620480321634441001066306853317655622959136962890625
0.1473845329015633087710313020579633302986621856689453125
0.1547289635200090052169485943522886373102664947509765625
