0.99875295162200916632144753748434595763683319091796875
0.99280285835266124383480246251565404236316680908203125
0.99190193414688121453792746251565404236316680908203125
0.991213738918304443359375
0.989611327648162841796875
0.98828423023223876953125
0.98899751901626598016292746251565404236316680908203125
0.99502491950988758429019753748434595763683319091796875
0.98868000507354736328125
0.992340028285980224609375
0.99069243669509876593082253748434595763683319091796875
0.99220597743988037109375
0.99558252096176158563167746251565404236316680908203125
0.993832170963287353515625
0.99616664648056041375667746251565404236316680908203125
0.994592607021331787109375
0.99270713329315196649105246251565404236316680908203125
0.992397367954254150390625
0.99487125873565684930355246251565404236316680908203125
0.99484527111053477899105246251565404236316680908203125
0.98914605379104603155582253748434595763683319091796875
0.9902591705322265625
0.98617571592330921514957253748434595763683319091796875
0.99317848682403564453125
0.992105662822723388671875
0.993142783641815185546875
0.990744888782501220703125
0.99286532402038563116519753748434595763683319091796875
0.99144989252090442999332253748434595763683319091796875
0.99801361560821522100894753748434595763683319091796875
0.9963200092315673828125
0.99394452571868896484375
0.995467483997344970703125
0.989355742931365966796875
0.992749392986297607421875
0.99292111396789561883480246251565404236316680908203125
0.99593436717987060546875
0.990742504596710205078125
0.996640264987945556640625
0.995244503021240234375
0.99559366703033436163394753748434595763683319091796875
0.979281485080718994140625
0.98930788040161121710269753748434595763683319091796875
0.989900171756744384765625
0.98850810527801524774105246251565404236316680908203125
0.99106818437576282843082253748434595763683319091796875
0.99725168943405162469417746251565404236316680908203125
0.99026858806610118524105246251565404236316680908203125
0.98291033506393443719417746251565404236316680908203125
0.994899094104766845703125
0.99274837970733642578125
0.98583370447158802374332253748434595763683319091796875
0.98354792594909679070980246251565404236316680908203125
0.99461174011230479852230246251565404236316680908203125
0.992277562618255615234375
0.9905240535736083984375
0.99451726675033558233707253748434595763683319091796875
0.9856014251708984375
0.99634879827499400750667746251565404236316680908203125
0.994968593120574951171875
0.99460500478744517938167746251565404236316680908203125
0.99480831623077403680355246251565404236316680908203125
0.991104900836944580078125
0.99240952730178844110042746251565404236316680908203125
0.98570054769516002313167746251565404236316680908203125
0.99539256095886241570980246251565404236316680908203125
0.99482583999633800164730246251565404236316680908203125
0.99245077371597278936832253748434595763683319091796875
0.99421226978302001953125
0.99252068996429443359375
0.98855793476104736328125
0.99537694454193115234375
0.99541044235229481085269753748434595763683319091796875
0.98627406358718883172542746251565404236316680908203125
0.99707567691802978515625
0.991646945476531982421875
0.99017024040222156866519753748434595763683319091796875
0.99574810266494762078792746251565404236316680908203125
0.99764543771743763311832253748434595763683319091796875
0.98983544111251842156917746251565404236316680908203125
0.99668443202972401007144753748434595763683319091796875
0.98610508441925037725894753748434595763683319091796875
0.99127686023712158203125
0.99328064918518077508480246251565404236316680908203125
0.99659091234207164422542746251565404236316680908203125
0.988939940929412841796875
0.99122846126556396484375
0.99470472335815440789730246251565404236316680908203125
0.99507820606231678350894753748434595763683319091796875
0.99619710445404041632144753748434595763683319091796875
0.987201392650604248046875
0.99501413106918323858707253748434595763683319091796875
0.993971526622772216796875
0.99115538597106922491519753748434595763683319091796875
0.993142783641815185546875
0.99324709177017200811832253748434595763683319091796875
0.99018573760986317022769753748434595763683319091796875
0.993369996547698974609375
0.97702139616012562139957253748434595763683319091796875
0.98833531141281116827457253748434595763683319091796875
0.994127452373504638671875
0.99236220121383678094417746251565404236316680908203125
0.98569071292877197265625
0.99421113729476917608707253748434595763683319091796875
0.9887530803680419921875
0.99592816829681396484375
0.99046552181243896484375
0.997491300106048583984375
0.990356385707855224609375
0.98809552192687999383480246251565404236316680908203125
0.98979336023330677374332253748434595763683319091796875
0.994767367839813232421875
0.99034345149993896484375
0.99351114034652721063167746251565404236316680908203125
0.989565432071685791015625
0.994799911975860595703125
0.991610586643218994140625
0.98969006538391124383480246251565404236316680908203125
0.99708855152130115850894753748434595763683319091796875
0.98918789625167835577457253748434595763683319091796875
0.98605930805206298828125
0.99781703948974598272769753748434595763683319091796875
0.99393308162689197882144753748434595763683319091796875
0.99354153871536243780582253748434595763683319091796875
0.995163619518280029296875
0.99247372150421142578125
0.99496823549270640985042746251565404236316680908203125
0.98428440093994140625
0.99164718389511119500667746251565404236316680908203125
0.9864714145660400390625
0.99012613296508800164730246251565404236316680908203125
0.98724877834320079461605246251565404236316680908203125
0.98737031221389759405582253748434595763683319091796875
0.99380803108215320929019753748434595763683319091796875
0.99032723903655994757144753748434595763683319091796875
0.98982274532318115234375
0.995172798633575439453125
0.994049608707427978515625
0.990760385990142822265625
0.994607627391815185546875
0.99336254596710205078125
0.9942481517791748046875
0.99398505687713623046875
0.98504865169525157586605246251565404236316680908203125
0.98944675922393798828125
0.989932954311370849609375
0.99151057004928599969417746251565404236316680908203125
0.99363124370574962274105246251565404236316680908203125
0.99035423994064319952457253748434595763683319091796875
0.99011641740798961297542746251565404236316680908203125
0.997421920299530029296875
