24.20459714143481733117369003593921661376953125
23.7263294798116390893483185209333896636962890625
26.974187793284155389983425266109406948089599609375
22.56458326399101821380099863745272159576416015625
26.53061771249283395945894881151616573333740234375
28.289288381030129215787383145652711391448974609375
26.26163292616518418753912555985152721405029296875
23.896171943178739383029096643440425395965576171875
24.316834783920679541324716410599648952484130859375
25.92697937951810871481939102523028850555419921875
24.900682137026375784216725151054561138153076171875
25.3380703361255967820397927425801753997802734375
22.360701200688179568487612414173781871795654296875
23.82958488260836560357347480021417140960693359375
24.8323383595333098128321580588817596435546875
26.078189015624740676457804511301219463348388671875
23.87853683540060956147499382495880126953125
27.18121682451465659369205241091549396514892578125
22.789927322559606182039715349674224853515625
23.379299886270747066419062321074306964874267578125
26.530864102431362283596172346733510494232177734375
23.814465765569053701256052590906620025634765625
27.56394445753039690316654741764068603515625
25.940775604694152889351244084537029266357421875
25.382331551127354174468564451672136783599853515625
29.16132688864647803939078585244715213775634765625
26.035337411662556661440248717553913593292236328125
23.710403205845295815379358828067779541015625
27.821281550612763311391972820274531841278076171875
25.616065085178046700775666977278888225555419921875
28.62921581316469854527895222418010234832763671875
21.683854868775700452943056006915867328643798828125
27.134569904885385227544247754849493503570556640625
23.14871505604306634040767676196992397308349609375
24.676268646772694381752444314770400524139404296875
22.621649194767815771456298534758388996124267578125
22.757737201654975933706737123429775238037109375
26.39300573890931644882584805600345134735107421875
24.9131442896630375116728828288614749908447265625
24.165225921134453557215238106437027454376220703125
25.68605578271236566934021539054811000823974609375
22.781601747411713176916236989200115203857421875
26.491593557245977308411966077983379364013671875
26.155888513733874134459256310947239398956298828125
24.204181450356596627671024180017411708831787109375
22.999687045302021459747265907935798168182373046875
23.61999122622744806676564621739089488983154296875
24.218609947833851236964619602076709270477294921875
24.0850449649397120310823083855211734771728515625
25.69819394684594726641080342233180999755859375
26.5124378466052377234518644399940967559814453125
23.075840618408701487851431011222302913665771484375
29.97232785962625456477326224558055400848388671875
24.550695642577682775709035922773182392120361328125
25.660739761486841103987899259664118289947509765625
21.738288099843781964182198862545192241668701171875
27.38998315231587099560783826746046543121337890625
24.417873895046653842655359767377376556396484375
24.7737835598033342421331326477229595184326171875
29.598670301287025807823738432489335536956787109375
23.33049930086055923084131791256368160247802734375
23.372167476345534709025741904042661190032958984375
27.23929513763470566800606320612132549285888671875
25.108161083068328167655636207200586795806884765625
23.002787261851079136931730317883193492889404296875
23.58519490659445949631844996474683284759521484375
26.828652653730348021099416655488312244415283203125
24.74464198986392915458054631017148494720458984375
24.955353990593039270606823265552520751953125
26.65345509920515354451708844862878322601318359375
26.14059443936208282366351340897381305694580078125
26.32053910951691477748681791126728057861328125
24.56520906160174178012312040664255619049072265625
26.9443528849108844269721885211765766143798828125
24.774589103772026277283657691441476345062255859375
26.63396613992211570121071417815983295440673828125
27.773151840364615594580754986964166164398193359375
24.24751726918368177621232462115585803985595703125
27.579478871557711272544111125171184539794921875
27.33674793326422758354965480975806713104248046875
24.1178126930435468011637567542493343353271484375
25.761733858750961445593929965980350971221923828125
29.65704398718443002280764630995690822601318359375
28.158403378616949197521535097621381282806396484375
24.460656552092043369839302613399922847747802734375
27.967233304164636820132727734744548797607421875
25.24329082413571967435927945189177989959716796875
22.132298464672800264452234841883182525634765625
25.9595376436726468227789155207574367523193359375
27.684124068218405767538570216856896877288818359375
26.588887972587560426518393796868622303009033203125
26.323867103029584768592030741274356842041015625
27.696443473544814395381763461045920848846435546875
26.8070865945066572066934895701706409454345703125
24.60997897875797235656136763282120227813720703125
27.606683804605143706112357904203236103057861328125
22.33291491650124527268417295999825000762939453125
29.40357506645488427921009133569896221160888671875
19.315753061996286277235412853769958019256591796875
29.518123574665633412905663135461509227752685546875
23.029733057501896809071695315651595592498779296875
27.156021819135919059817751985974609851837158203125
27.393643422483574312309428933076560497283935546875
23.324591153589995684569657896645367145538330078125
28.658399948830922454590108827687799930572509765625
30.897363551457207364592250087298452854156494140625
23.70321032392433835411793552339076995849609375
24.286441028557330668036229326389729976654052734375
26.3788641010114446316947578452527523040771484375
24.103202842989833953879497130401432514190673828125
26.415387537037911869219897198490798473358154296875
26.6641174515341816686486708931624889373779296875
26.21548142662953040371576207689940929412841796875
26.1324673818247532608438632450997829437255859375
26.097783472249208358562100329436361789703369140625
24.144191406615998829465752351097762584686279296875
24.595510867081227246444541378878057003021240234375
24.520705556150577564267223351635038852691650390625
24.32823129969495568047932465560734272003173828125
24.47008075639899971065460704267024993896484375
25.491740144992146355207296437583863735198974609375
27.89302525804144039511811570264399051666259765625
28.635717699540027325610935804434120655059814453125
26.157480771056615509451148682273924350738525390625
23.068302727957071596165405935607850551605224609375
27.0764540202658707812588545493781566619873046875
22.684064371999728138007412781007587909698486328125
24.701254011196486004564576433040201663970947265625
22.82813367643682767038626479916274547576904296875
27.70424243959495669287207419984042644500732421875
24.069350109838250517668711836449801921844482421875
27.367825316170357297096416004933416843414306640625
23.81342278415480251396729727275669574737548828125
23.959298322729182473267428576946258544921875
26.388000505190962741153271053917706012725830078125
28.519249960207087468688769149594008922576904296875
24.378810614086422248192320694215595722198486328125
27.246660255564403740891066263429820537567138671875
27.01477769938662021331765572540462017059326171875
26.535706387343079626361941336654126644134521484375
21.40791682219310843038329039700329303741455078125
25.721762959083282140682058525271713733673095703125
25.973480043211569778804914676584303379058837890625
25.54577722955684038197432528249919414520263671875
25.422914823539930040396939148195087909698486328125
25.395226164806242508120703860186040401458740234375
25.302162818163733248866265057586133480072021484375
25.86640463196933836798052652738988399505615234375
25.968143435672015328918860177509486675262451171875
22.935217945016578511285842978395521640777587890625
24.4988041357817536436414229683578014373779296875
