0.2011784726961909075537704438829678110778331756591796875
0.1928433664852181872451097888188087381422519683837890625
0.227231722892532295166034828071133233606815338134765625
0.2043007735008952885369382101998780854046344757080078125
0.1769089068536510989115839720398071222007274627685546875
0.20503625795132329745484867089544422924518585205078125
0.218259322434656788392004500565235503017902374267578125
0.214812720276950808173666018774383701384067535400390625
0.2242500801993634051978432353280368261039257049560546875
0.200248846679789205271760010873549617826938629150390625
0.2329361617979353871188408220405108295381069183349609375
0.1865010043296168873450113778744707815349102020263671875
0.1964675674625289136798755862400867044925689697265625
0.224352500458188386378566292478353716433048248291015625
0.185488094402094405577230418202816508710384368896484375
0.2272980095537424916063429236601223237812519073486328125
0.222076252592542100483541389621677808463573455810546875
0.2201714103685394052778434570427634753286838531494140625
0.205116140134280311446701716704410500824451446533203125
0.223966425466987806291996321306214667856693267822265625
0.1889457501211369017113383961259387433528900146484375
0.247521786874463411987079553000512532889842987060546875
0.2063976700588275037251406729410518892109394073486328125
0.213762089246128106356792386577581055462360382080078125
0.2045758831491621965170679686707444489002227783203125
0.246210952122086712545723230505245737731456756591796875
0.20753625110280660148731612935080192983150482177734375
0.2217136629838961925376139561194577254354953765869140625
0.2162651806214045124843181611140607856214046478271484375
0.228437666790370086378203495769412256777286529541015625
0.1930261650291293928916047661914490163326263427734375
0.204026798088217109494735268526710569858551025390625
0.20453160365528599839990420150570571422576904296875
0.1635026450620551130565871744693140499293804168701171875
0.2494524167469319986256692800452583469450473785400390625
0.194996488760288799735320708350627683103084564208984375
0.2208707827055584882458560969098471105098724365234375
0.200877294727469901669536511690239422023296356201171875
0.240512795250374000755044789912062697112560272216796875
0.199740101035314088218086681081331335008144378662109375
0.2291320857315304049262039143286528997123241424560546875
0.1841894071040942881811730558183626271784305572509765625
0.2262308578980181950068839569212286733090877532958984375
0.2332149453388334958692240661548567004501819610595703125
0.221431659795442603577697582295513711869716644287109375
0.2427195844600714969008237176240072585642337799072265625
0.18711002248411479076395380616304464638233184814453125
0.192000520779881000965616522080381400883197784423828125
0.1947189171709194088766281538482871837913990020751953125
0.2192132826127208000688284528223448432981967926025390625
0.2197419102036997085036773569299839437007904052734375
0.18510005698774090188152285918476991355419158935546875
0.20202166284573819243775005816132761538028717041015625
0.193580022595862988321613329389947466552257537841796875
0.186811883816278390124665520488633774220943450927734375
0.2161076198582662921676700307216378860175609588623046875
0.1820915646602951909471812541596591472625732421875
0.2109156585865737121299190448553417809307575225830078125
0.1854983998041140058621323305487749166786670684814453125
0.236451786063126390136091004023910500109195709228515625
0.189524233857085000476416780657018534839153289794921875
0.2088191465969891080778353398272884078323841094970703125
0.2212504696270549964243201657154713757336139678955078125
0.1701769697584435137027725204461603425443172454833984375
0.1948523129664322117715613558175391517579555511474609375
0.2078164489650519974883735585535760037600994110107421875
0.1681437681902525904664713607417070306837558746337890625
0.1872419839152348053357144408437306992709636688232421875
0.1724628704730457873228743892468628473579883575439453125
0.21728323781369140998975808543036691844463348388671875
0.19392335209123690020760477636940777301788330078125
0.22809697275033979924074856171500869095325469970703125
0.2466289359985041895750867979586473666131496429443359375
0.1985577803741528091219237239783979021012783050537109375
0.2095308956015680956763702624812140129506587982177734375
0.1808327047120397990109808006309322081506252288818359375
0.21962096118719021120568868354894220829010009765625
0.2232387357478977929492458542881649918854236602783203125
0.1883600649378318891979944282866199500858783721923828125
0.176642059191236711068739850816200487315654754638671875
0.2475314577413915972936564457995700649917125701904296875
0.2374785806676628918676641433194163255393505096435546875
0.1756496113112137880118979182952898554503917694091796875
0.239356092333665004812104371012537740170955657958984375
0.21105965829970829705786172780790366232395172119140625
0.1978957801258248994091815120555111207067966461181640625
0.1861984711760066024677229279404855333268642425537109375
0.204258114917432898050009271173621527850627899169921875
0.2377985984700889121601363740410306490957736968994140625
0.2232131771560247057717418783795437775552272796630859375
0.198020177960763599234184084707521833479404449462890625
0.2061766092832771068987796070359763689339160919189453125
0.2492794016206321960904546131132519803941249847412109375
0.21257983814289260759977651105145923793315887451171875
0.243198894167192591897475040241261012852191925048828125
0.203529410764380802589812446967698633670806884765625
0.2150157578202321062565971487856586463749408721923828125
0.216978101463178807417619964326149784028530120849609375
0.07325683156882729918368823973651160486042499542236328125
0.2204341315172221038576338969505741260945796966552734375
0.2161847903573581863856389873035368509590625762939453125
0.2154635447491858035728995446334010921418666839599609375
0.195888207373306311165350734881940297782421112060546875
0.2182254972692362071651217547696433030068874359130859375
0.2176758707306480911114476839429698884487152099609375
0.2042592593539470924302037246889085508882999420166015625
0.1980441838283832078904111995143466629087924957275390625
0.204702882012124887101123249522061087191104888916015625
0.2076669895351866135246865496810642071068286895751953125
0.162007255704995689615799392413464374840259552001953125
0.237831988714082009916950255501433275640010833740234375
0.2032916552135944077139839691881206817924976348876953125
0.232559642648953512900078521852265112102031707763671875
0.2068266424216216037290649865099112503230571746826171875
0.1976685336033479900574860721462755464017391204833984375
0.2226388964668473136043758131563663482666015625
0.19746824261250839338543983103591017425060272216796875
0.1835096579966042085185762289256672374904155731201171875
0.2108449158380011068114612271529040299355983734130859375
0.22098582890001938761059818716603331267833709716796875
0.1766656696648666036164598835966899059712886810302734375
0.2235650995568440879690541578383999876677989959716796875
0.226400846090733687265839080282603390514850616455078125
0.2117557288341679055942989862160175107419490814208984375
0.2216597620618117880919584194998606108129024505615234375
0.1997366598346299870758713268514839000999927520751953125
0.2011202364378232021469017354320385493338108062744140625
0.1838222194061034098222506827369215898215770721435546875
0.163441449015206796691046520209056325256824493408203125
0.1776134813759485953088557153023430146276950836181640625
0.2188027363832993066328214126770035363733768463134765625
0.2248825727832028942287934114574454724788665771484375
0.2034914281383106982037389798279036767780780792236328125
0.214123058309681313371442001880495809018611907958984375
0.2074753164311629871630060506504378281533718109130859375
0.199762252491827496658771678994526155292987823486328125
0.217146493929623207730372769219684414565563201904296875
0.261449570766861982828999089178978465497493743896484375
0.205428288730271191298015764914453029632568359375
0.2241778056832313958945945842060609720647335052490234375
0.2025978415655541875484146885355585254728794097900390625
0.2411090769574346925896435323011246509850025177001953125
0.1868120492013158051580745677711092866957187652587890625
0.19333260349577219283645490577328018844127655029296875
0.206159086853062500921396349440328776836395263671875
0.2359650287618366981678974525493686087429523468017578125
0.1991829838584061873607566894861520268023014068603515625
0.2331377907432312934776774682177347131073474884033203125
0.16225177389279099582353182995575480163097381591796875
0.2049522560733069986849130827977205626666545867919921875
0.21353452366663938644109066444798372685909271240234375
