-57.3600408819716705011160229332745075225830078125
-60.3219882028745502111632958985865116119384765625
-70.9567051552847942730295471847057342529296875
-55.39503394762456167654818273149430751800537109375
-66.2675177316803996063754311762750148773193359375
-63.97764009813008811988765955902636051177978515625
-60.94758090327689359355645137839019298553466796875
-53.53916626282265411873595439828932285308837890625
-59.614046503143896416077041067183017730712890625
-63.91629904330010703006337280385196208953857421875
-61.551308074060301578356302343308925628662109375
-64.2933546270588607285390025936067104339599609375
-57.644334615799181165129994042217731475830078125
-59.846869608711841692638699896633625030517578125
-60.5980240868479853588723926804959774017333984375
-54.40718190273894805386589723639190196990966796875
-58.6022805251559333328259526751935482025146484375
-59.93828128796527465738108730874955654144287109375
-61.34838381752116021061738138087093830108642578125
-56.04836647921410275330345029942691326141357421875
-62.17490868440079765377959120087325572967529296875
-56.86531060664305670115936663933098316192626953125
-61.74559298910100579860227298922836780548095703125
-60.94143627782296590567057137377560138702392578125
-62.71056075592338885371646028943359851837158203125
-62.347354984293332336164894513785839080810546875
-62.12770255026205035164821310900151729583740234375
-57.355158425534199295725557021796703338623046875
-61.5052604414926662457219208590686321258544921875
-69.1598049545124098358428454957902431488037109375
-61.2166462990926305565153597854077816009521484375
-53.07951695875423325787778594531118869781494140625
-62.6576292349044052798490156419575214385986328125
-64.6513365446406140790713834576308727264404296875
-61.92515297146125163862961926497519016265869140625
-59.9830403914043159829816431738436222076416015625
-58.888668819367097739814198575913906097412109375
-64.1106655135959755398289416916668415069580078125
-54.917523957888278118844027630984783172607421875
-64.1477636256197030206749332137405872344970703125
-59.3662024032824007235831231810152530670166015625
-61.7101150353205838428038987331092357635498046875
-61.72014503006901264825501129962503910064697265625
-59.9719811352115499403225840069353580474853515625
-61.486396318203929922674433328211307525634765625
-62.51481530420523569091528770513832569122314453125
-56.2443833425157748706624261103570461273193359375
-61.849902432077215053141117095947265625
-57.41769039134936747359461151063442230224609375
-59.26096753669069272518754587508738040924072265625
-56.64896513213310669243583106435835361480712890625
-54.414278486780659704891149885952472686767578125
-66.4989032448013830389754730276763439178466796875
-56.99824201503958676084948820061981678009033203125
-56.0606042381139815233836998231709003448486328125
-56.35967532734441221009547007270157337188720703125
-58.18692170574322375387055217288434505462646484375
-56.53747076751091071855626069009304046630859375
-58.913232954261360418968251906335353851318359375
-61.821669745858940814287052489817142486572265625
-60.93576235030086962751738610677421092987060546875
-61.64446131399625272706543910317122936248779296875
-64.5941802087179581803866312839090824127197265625
-61.65037326688446484013184090144932270050048828125
-57.41713667693100120459348545409739017486572265625
-59.4834789618872292749074404127895832061767578125
-56.8257352386419682943596853874623775482177734375
-60.28160615219059792480038595385849475860595703125
-58.65144961473523466111146262846887111663818359375
-56.149033590585759156965650618076324462890625
-64.6506040359059852562495507299900054931640625
-59.591165613823733337994781322777271270751953125
-55.63297743224197944300613016821444034576416015625
-57.71874424401365644143879762850701808929443359375
-68.1376502364238518794081755913794040679931640625
-67.3832093688020137278726906515657901763916015625
-59.03088529468046630199751234613358974456787109375
-58.96881716504298509562431718222796916961669921875
-62.14178260594247404924317379482090473175048828125
-65.43208570233485943390405736863613128662109375
-60.97076703194719726752737187780439853668212890625
-63.67112311537533031469138222746551036834716796875
-60.30724165916785040053582633845508098602294921875
-61.33821481650938522989235934801399707794189453125
-56.97021619978084316926469909958541393280029296875
-66.820865082342976393192657269537448883056640625
-59.577845974703819820206263102591037750244140625
-58.0062980541540440526659949682652950286865234375
-60.0046812780211524795959121547639369964599609375
-63.31164290169550667997100390493869781494140625
-61.9332457149962607445559115149080753326416015625
-59.98531386014136757012238376773893833160400390625
-59.3327325478844471717820852063596248626708984375
-66.2472201332971764031753991730511188507080078125
-59.4221553922327672125902608968317508697509765625
-60.53286903164023868839649367146193981170654296875
-55.85891380599232292070155381225049495697021484375
-68.6322609696596970252358005382120609283447265625
-50.580945708914413216916727833449840545654296875
-62.10189870050772498188962345011532306671142578125
-55.8091965794856008642454980872571468353271484375
-64.5190814226704247857924201525747776031494140625
-64.4125112013741016880885581485927104949951171875
-64.2274341137590312200700282119214534759521484375
-62.2287800530381645103261689655482769012451171875
-63.88500808865638447286983137018978595733642578125
-55.21179567262169030072982423007488250732421875
-62.1799860022484693899968988262116909027099609375
-60.3574131666184570121913566254079341888427734375
-62.399968521064465676317922770977020263671875
-61.942196891963931193458847701549530029296875
-59.507855428331112079831655137240886688232421875
-59.990583759653446804804843850433826446533203125
-64.281452049912815027710166759788990020751953125
-55.9442320394860104215695173479616641998291015625
-58.16005850869242976841633208096027374267578125
-59.92494326622358613576579955406486988067626953125
-57.76516069511503559397169738076627254486083984375
-59.85910579578528967203965294174849987030029296875
-58.3902719471715982990644988603889942169189453125
-61.6764107332322595311779878102242946624755859375
-61.73440067812310161343702930025756359100341796875
-59.93188851768163516453569172881543636322021484375
-62.75002869884387024512761854566633701324462890625
-58.63313338520764972372489864937961101531982421875
-56.4828442112634689920014352537691593170166015625
-57.2589636669519705947095644660294055938720703125
-64.217781761732709355783299542963504791259765625
-64.3033668169022831762049463577568531036376953125
-59.28476991636734538815289852209389209747314453125
-60.24702263292699200292190653271973133087158203125
-68.0603259331416126087788143195211887359619140625
-60.27564921247394380543482839129865169525146484375
-60.115804812696779890757170505821704864501953125
-60.2026700712830091788418940268456935882568359375
-58.8030163042533757788987713865935802459716796875
-62.271161488463320665687206201255321502685546875
-62.9789507758207918186599272303283214569091796875
-58.986146558369483727801707573235034942626953125
-58.13845062492720927593836677260696887969970703125
-60.5163586053274542564395233057439327239990234375
-60.06240492541981979002230218611657619476318359375
-64.3049336548900072330070543102920055389404296875
-60.061008748144530500212567858397960662841796875
-59.5522032344211993404314853250980377197265625
-61.47308681249872819307711324654519557952880859375
-58.6519215678677170444643707014620304107666015625
-59.7198877317795933095112559385597705841064453125
-63.8500491427996195170635473914444446563720703125
-57.92676484663936520291827036999166011810302734375
-59.7695809384914582551573403179645538330078125
