0.0058380463160574436187744140625
0.0054374043829739093780517578125
0.0071766744367778301239013671875
0.005201645195484161376953125
0.0035150568000972270965576171875
0.008687488734722137451171875
0.00512306392192840576171875
0.008455895818769931793212890625
0.006349899806082248687744140625
0.011349700391292572021484375
0.012119923718273639678955078125
0.0040433625690639019012451171875
0.010046541690826416015625
0.00298547907732427120208740234375
0.0056707332842051982879638671875
0.015386338345706462860107421875
0.00370827899314463138580322265625
0.01066567935049533843994140625
0.01915462873876094818115234375
0.01703820191323757171630859375
0.007448130287230014801025390625
0.005015074275434017181396484375
0.00296913064084947109222412109375
0.001171027426607906818389892578125
0.00381793431006371974945068359375
0.01428748108446598052978515625
0.01009142957627773284912109375
0.02533926069736480712890625
0.01017837226390838623046875
0.0289856977760791778564453125
0.00481472909450531005859375
0.0044949054718017578125
0.0060557308606803417205810546875
0.010644312016665935516357421875
0.0152377821505069732666015625
0.00772158987820148468017578125
0.0076805329881608486175537109375
0.0028063319623470306396484375
0.012897518463432788848876953125
0.010260519571602344512939453125
0.012012849561870098114013671875
0.005580193363130092620849609375
0.01095882244408130645751953125
0.0075592673383653163909912109375
0.0059054517187178134918212890625
0.02432757429778575897216796875
0.01308138854801654815673828125
0.0181812085211277008056640625
0.0210982598364353179931640625
0.00726003386080265045166015625
0.018352679908275604248046875
0.00371562293730676174163818359375
0.0085483528673648834228515625
0.01168834604322910308837890625
0.006534299813210964202880859375
0.00514527969062328338623046875
0.00362932425923645496368408203125
0.0053268740884959697723388671875
0.002564164809882640838623046875
0.011250122450292110443115234375
0.00239662756212055683135986328125
0.013690940104424953460693359375
0.0207318998873233795166015625
0.0117830000817775726318359375
0.008522358722984790802001953125
0.006214830093085765838623046875
0.00390110141597688198089599609375
0.0046601551584899425506591796875
0.005119129084050655364990234375
0.0076221120543777942657470703125
0.0064431033097207546234130859375
0.008715250529348850250244140625
0.008785538375377655029296875
0.002098473720252513885498046875
0.00842708535492420196533203125
0.00357557483948767185211181640625
0.008341372013092041015625
0.01347690261900424957275390625
0.01093908213078975677490234375
0.0068530780263245105743408203125
0.0234233438968658447265625
0.01619579084217548370361328125
0.006256186403334140777587890625
0.009040109813213348388671875
0.0074642407707870006561279296875
0.0154016502201557159423828125
0.0058682314120233058929443359375
0.00338768749497830867767333984375
0.01573798246681690216064453125
0.00535072945058345794677734375
0.0116648934781551361083984375
0.0027390201576054096221923828125
0.02217839471995830535888671875
0.0041092359460890293121337890625
0.041307546198368072509765625
0.0076238973997533321380615234375
0.012195669114589691162109375
0.0270464718341827392578125
0.0072516170330345630645751953125
0.0042346497066318988800048828125
0.02224698476493358612060546875
0.015256441198289394378662109375
0.008651549927890300750732421875
0.009153652004897594451904296875
0.005515801720321178436279296875
0.013114145956933498382568359375
0.01123220287263393402099609375
0.002997119911015033721923828125
0.0100803263485431671142578125
0.00751230679452419281005859375
0.0051114107482135295867919921875
0.02805222012102603912353515625
0.014321063645184040069580078125
0.0070118284784257411956787109375
0.0044052335433661937713623046875
0.009481421671807765960693359375
0.0035983412526547908782958984375
0.00939926318824291229248046875
0.01617996208369731903076171875
0.0051534473896026611328125
0.0050116949714720249176025390625
0.010958139784634113311767578125
0.0068416544236242771148681640625
0.0047560422681272029876708984375
0.012665118090808391571044921875
0.0051562464796006679534912109375
0.006310013122856616973876953125
0.0046648778952658176422119140625
0.0046322341077029705047607421875
0.006932415999472141265869140625
0.01146117411553859710693359375
0.02444686926901340484619140625
0.011005461215972900390625
0.0090722143650054931640625
0.0050345547497272491455078125
0.007901546545326709747314453125
0.009340093471109867095947265625
0.0263350792229175567626953125
0.0048145414330065250396728515625
0.013772896490991115570068359375
0.0058004935272037982940673828125
0.012026458047330379486083984375
0.0131226740777492523193359375
0.011788974516093730926513671875
0.01623122952878475189208984375
0.02441595681011676788330078125
0.007706834934651851654052734375
0.0181316994130611419677734375
0.003626517951488494873046875
0.0040391390211880207061767578125
0.014614886604249477386474609375
