-70.24668452090435266654822044074535369873046875
-75.9859257571834092459539533592760562896728515625
-91.2021022694995195934097864665091037750244140625
-73.19968828747443012616713531315326690673828125
-84.15921795111813707990222610533237457275390625
-77.4043778818069796443523955531418323516845703125
-79.4568470038801279997642268426716327667236328125
-69.7637828140662321629861253313720226287841796875
-78.5091678541000845825692522339522838592529296875
-82.9478041982726637115774792619049549102783203125
-77.6989784407161181434275931678712368011474609375
-83.6917493880859382215930963866412639617919921875
-72.596076306436117420162190683186054229736328125
-79.200020822597167580170207656919956207275390625
-75.1370692494547114392844378016889095306396484375
-70.1611521035010383684493717737495899200439453125
-73.152399452280491232158965431153774261474609375
-81.929235391468381521917763166129589080810546875
-76.3682036021123025193446665070950984954833984375
-79.755352754268386661351541988551616668701171875
-81.3149738654211233779278700239956378936767578125
-73.01030802371724348631687462329864501953125
-78.2554216975112382215229445137083530426025390625
-77.3600540978619619636447168886661529541015625
-81.863832133630722864836570806801319122314453125
-77.9972786373663353742813342250883579254150390625
-77.2241058710456940161748207174241542816162109375
-77.5214873523521106335465447045862674713134765625
-91.9627137813087074391660280525684356689453125
-88.558572037727941506091156043112277984619140625
-75.9899058434489091951036243699491024017333984375
-74.0092891002445441017698612995445728302001953125
-82.8069609852697254837039508856832981109619140625
-81.5472930476640414099165354855358600616455078125
-77.700035713461460318285389803349971771240234375
-77.956907454199864559996058233082294464111328125
-76.0672508665675053407539962790906429290771484375
-77.069969677878845004670438356697559356689453125
-71.314032508727223103051073849201202392578125
-82.2481921410696799057404859922826290130615234375
-75.7822387549850446930577163584530353546142578125
-76.87500474472022915506386198103427886962890625
-77.39024260315017045286367647349834442138671875
-71.3980226701030886715670931152999401092529296875
-73.7126390150975794313126243650913238525390625
-80.3751484055907923220729571767151355743408203125
-73.2169476325109798153789597563445568084716796875
-76.6426064290967730130432755686342716217041015625
-70.120166060481864178655087016522884368896484375
-73.60884404398683500403421930968761444091796875
-74.9895481062186632925659068860113620758056640625
-75.36829383117628822219558060169219970703125
-86.7332554013773773249340592883527278900146484375
-72.933555018273665382366743870079517364501953125
-72.2960536111094285161016159690916538238525390625
-70.7129557299000879311279277317225933074951171875
-81.3280421414807506153010763227939605712890625
-74.6758082529685935924135264940559864044189453125
-77.470861421484869424602948129177093505859375
-90.7260508802881844303556135855615139007568359375
-74.16545529968789196573197841644287109375
-79.714940430217978928340016864240169525146484375
-79.757981616816920222845510579645633697509765625
-81.183733214196507788074086420238018035888671875
-73.551666532924770081081078387796878814697265625
-84.1290860812995333617436699569225311279296875
-71.1072156035807410034976783208549022674560546875
-80.15576177306792260424117557704448699951171875
-73.12791898985034322322462685406208038330078125
-68.95741701793036781964474357664585113525390625
-80.2244396290326307052964693866670131683349609375
-75.893592041263303826781339012086391448974609375
-71.4141187489228030926824430935084819793701171875
-74.4745003313588540549972094595432281494140625
-91.3340805036655041249105124734342098236083984375
-83.6222882577399815318131004460155963897705078125
-76.19554477227637789837899617850780487060546875
-72.408209534107839999705902300775051116943359375
-83.111132140719547578555648215115070343017578125
-82.9793407546310533007272169925272464752197265625
-80.963076921971463661975576542317867279052734375
-80.3098684747358078084289445541799068450927734375
-81.11145563879682640617829747498035430908203125
-78.662801119430270091470447368919849395751953125
-70.148414015248050645823241211473941802978515625
-86.6600377139413780014365329407155513763427734375
-79.1845233034699020890911924652755260467529296875
-73.6793444138381090624534408561885356903076171875
-75.6065810081257296815238078124821186065673828125
-83.9085406236841748750521219335496425628662109375
-79.39586860712478255663882009685039520263671875
-74.8297623519720929152754251845180988311767578125
-75.3049783934693124365367111749947071075439453125
-85.194553384565978149112197570502758026123046875
-77.5396721175200269726701662875711917877197265625
-77.301703436506983280196436680853366851806640625
-73.4355188485909735618406557478010654449462890625
-87.313693460266989632145850919187068939208984375
-63.41751329401720482792370603419840335845947265625
-73.74547799526413882631459273397922515869140625
-70.14120066172444012408959679305553436279296875
-80.296493863143041380681097507476806640625
-84.857993947025903480607667006552219390869140625
-86.9410269157103670067954226396977901458740234375
-78.0693168862120643325397395528852939605712890625
-80.7893703832356777638779021799564361572265625
-72.02459382965395207065739668905735015869140625
-78.17729958637215759154059924185276031494140625
-76.9970368108705116583223571069538593292236328125
-78.3620761634085312152819824405014514923095703125
-78.295947743894856785118463449180126190185546875
-78.5423457209574138460084213875234127044677734375
-74.571217840690763978273025713860988616943359375
-80.6062412261666025869999430142343044281005859375
-75.2599171388148846517651691101491451263427734375
-70.8470986208316304555410169996321201324462890625
-77.138274136867266861372627317905426025390625
-73.106118334548000348149798810482025146484375
-70.733147082883505163408699445426464080810546875
-71.5246112621785954388542450033128261566162109375
-80.644400646514640129680628888309001922607421875
-78.58300387805962827769690193235874176025390625
-75.4016228746951355788041837513446807861328125
-79.5457914147633999846220831386744976043701171875
-71.707388171201586146707995794713497161865234375
-73.6139664010576524333373527042567729949951171875
-68.189844281754773192005814053118228912353515625
-79.61271477432904930537915788590908050537109375
-84.31364253217140003471286036074161529541015625
-75.8670536147100307289292686618864536285400390625
-76.340406385899058250288362614810466766357421875
-87.0139245368248310796843725256621837615966796875
-80.779739144259195882113999687135219573974609375
-75.6595548383198064357202383689582347869873046875
-73.0613966980782407745209638960659503936767578125
-71.0439869812890947287087328732013702392578125
-79.373218441771513198546017520129680633544921875
-86.42003168953516478723031468689441680908203125
-76.7023726413314790306685608811676502227783203125
-79.2571908451622988422968774102628231048583984375
-75.12113544978370782700949348509311676025390625
-78.056702796080827511104871518909931182861328125
-82.7010184646765225124909193255007266998291015625
-74.403092840690902676215046085417270660400390625
-71.97803744113070933963172137737274169921875
-77.742074705319311078710597939789295196533203125
-77.95221379537497341516427695751190185546875
-75.1892816104765557838618406094610691070556640625
-76.96585050586253373694489710032939910888671875
-75.256489967347761194105260074138641357421875
-78.64201489251462362517486326396465301513671875
