0.250760684768818797873990433799917809665203094482421875
0.1954621378986684809841989363121683709323406219482421875
0.14283587031894617869198782500461675226688385009765625
0.2481979559506585497619113311884575523436069488525390625
0.1503449297105765858351134056647424586117267608642578125
0.17503938858985146342917005313211120665073394775390625
0.2062022081410218310448811962487525306642055511474609375
0.1676441189697083500309560122332186438143253326416015625
0.2355358592750857738007397301771561615169048309326171875
0.2084066460435657630601014034255058504641056060791015625
0.224758392748040825015465316027984954416751861572265625
0.119691467199371126550744293126626871526241302490234375
0.28591167134994821541482679094769991934299468994140625
0.25414695040409929216451700995094142854213714599609375
0.2954919678019007900360293206176720559597015380859375
0.176790232541037539704120717942714691162109375
0.2390609230160729847813882997797918505966663360595703125
0.1942032529337733570695689877538825385272502899169921875
0.1506918181105532938968138978452770970761775970458984375
0.2416860467530377032385757729571196250617504119873046875
0.12450136390974421429778118408648879267275333404541015625
0.21153918686732364751179602535557933151721954345703125
0.1944168070158441008477012701405328698456287384033203125
0.25732389944751965504821100694243796169757843017578125
0.28483192228537124179865713813342154026031494140625
0.1694796530281481861113235254379105754196643829345703125
0.1807972597137295078795204972266219556331634521484375
0.148947632396735141213639508350752294063568115234375
0.2117210364590205451396087710236315615475177764892578125
0.09651817434894616187790461481199599802494049072265625
0.19554647054277207729455767548643052577972412109375
0.305439553076164382883206371843698434531688690185546875
0.2386316883379331066361572766254539601504802703857421875
0.1633738562733996479980902449824498035013675689697265625
0.08953395650119504167729900245831231586635112762451171875
0.2283712768936744519354675730937742628157138824462890625
0.167188254374247724509672252679592929780483245849609375
0.1998889693521054555791494067307212390005588531494140625
0.189368656642375621235174776302301324903964996337890625
0.233605205048821318314367090351879596710205078125
0.23544159143922682719818340046913363039493560791015625
0.18073190727802435073812148402794264256954193115234375
0.204402769070237966264613760358770377933979034423828125
0.116433171772324595139025404932908713817596435546875
0.176824135427108564133646950722322799265384674072265625
0.1957834876067947871280949811989557929337024688720703125
0.22781802937751638449270785713451914489269256591796875
0.2026369992108572326561244381082360632717609405517578125
0.2550090692793698377016653466853313148021697998046875
0.1987586680160710883580321706176619045436382293701171875
0.2462627011316786962424885132350027561187744140625
0.286136035452609238660670598619617521762847900390625
0.2322274125203482586510261853618430905044078826904296875
0.18611572366118267485290971308131702244281768798828125
0.2779337970344408770273503250791691243648529052734375
0.27941817645258326674451154758571647107601165771484375
0.274452407942422371700530447924393229186534881591796875
0.2814036467296199273135925977840088307857513427734375
0.25135486640232185262533448621979914605617523193359375
0.1259013868411149872361676216314663179218769073486328125
0.2479923215167456618246433208696544170379638671875
0.1467678336047588683044295976287685334682464599609375
0.1587231653376235118724224548714119009673595428466796875
0.224802829282773786179205899316002614796161651611328125
0.27824340686355364393733680117293260991573333740234375
0.210250906874933196633037368883378803730010986328125
0.2417451549975041247275697742225020192563533782958984375
0.26813221709939905057495934670441783964633941650390625
0.1755278234977352413981321888059028424322605133056640625
0.2439239236086872819608828422133228741586208343505859375
0.270157014870601563938379285900737158954143524169921875
0.1943583894819287394284401671029627323150634765625
0.250302253274861830067976598002132959663867950439453125
0.2591109682382415346779680476174689829349517822265625
0.1948653164157014561208569602968054823577404022216796875
0.1889860403739226091257563666658825241029262542724609375
0.2318534942867388759513147533652954734861850738525390625
0.2033823986262189575935366292469552718102931976318359375
0.219144385318804924001057088389643467962741851806640625
0.1395949451403180052722063919645734131336212158203125
0.188280767571338714105877443216741085052490234375
0.149813451042658585254940817321767099201679229736328125
0.263651058509375868510460350080393254756927490234375
0.207903619187314536720379010148462839424610137939453125
0.1480235632555652880437691010229173116385936737060546875
0.2183053899866989888689516874364926479756832122802734375
0.1868553978076814281461537348150159232318401336669921875
0.1877968361821300558034408823004923760890960693359375
0.1891455652728314118515839936662814579904079437255859375
0.228022918942451469082044468450476415455341339111328125
0.2080119611744259133789825000349082984030246734619140625
0.2802714017946696944960649489075876772403717041015625
0.16320518703040864938458298638579435646533966064453125
0.1927882277211720174481257572551839984953403472900390625
0.1439380291618500284922532728160149417817592620849609375
0.196361823265321755460632857648306526243686676025390625
0.16151976202358853118568049467285163700580596923828125
0.17646961008105821466784846052178181707859039306640625
0.05431464173621335100872187240383937023580074310302734375
0.1986674383311139713281789909160579554736614227294921875
0.201521479865558739152930911586736328899860382080078125
0.2223690858193136943299350605229847133159637451171875
0.290705103002622922137021532762446440756320953369140625
0.1581872506126302535545136151995393447577953338623046875
0.166181864459025441238537723620538599789142608642578125
0.1603161334275426119777563371826545335352420806884765625
0.150119757629389116715401542023755609989166259765625
0.1915804052151978964513290293325553648173809051513671875
0.2114803231420751827851489679233054630458354949951171875
0.23755519519471002265476045067771337926387786865234375
0.13895487521173899292392661664052866399288177490234375
0.2074312308243957125863943247168208472430706024169921875
0.1913240787239900708716078270299476571381092071533203125
0.24474464483476243703563568487879820168018341064453125
0.21454539375936121370358478088746778666973114013671875
0.230921519330744062781235470538376830518245697021484375
0.1780514446410767781525663622232968918979167938232421875
0.2243266885728172344016684292000718414783477783203125
0.10871524158159451278748974800691939890384674072265625
0.1489559394433467576224217054914333857595920562744140625
0.1523598634057913014938634432837716303765773773193359375
0.1617310639784737269497583156407927162945270538330078125
0.2045440225010732582244799004911328665912151336669921875
0.259453675328625676943516964456648565828800201416015625
0.1760633037334830286457787451581680215895175933837890625
0.1646281109680219623125907446592464111745357513427734375
0.17353635199421690860077660545357502996921539306640625
0.246430126346699418515839852261706255376338958740234375
0.1644602925555340988683639125156332738697528839111328125
0.22589241715272179167328658877522684633731842041015625
0.2451576581478398797475648507315781898796558380126953125
0.163993586933874058164661846603848971426486968994140625
0.244338675916613456973180973363923840224742889404296875
0.221905387623224814586109232550370506942272186279296875
0.1123201145658863919774006490115425549447536468505859375
0.1768020248298748098303434517220011912286281585693359375
0.2492863025973199031515292745098122395575046539306640625
0.1567770283722148827454390129787498153746128082275390625
0.2265702164896181702857802520156837999820709228515625
0.21761846390593519995348970041959546506404876708984375
0.142998894198685999601394769342732615768909454345703125
0.235652020573643261602825305089936591684818267822265625
0.1524055262802368471142244743532501161098480224609375
0.2298092156500495253368399062310345470905303955078125
0.247279332877433366544295267885900102555751800537109375
0.241797400285839902966955605734256096184253692626953125
0.170609611782470638186026690163998864591121673583984375
0.265209468929985481278066572485840879380702972412109375
0.1719572306872639011476877612949465401470661163330078125
0.171333263639526389709999421029351651668548583984375
0.21453443091164137168647130238241516053676605224609375
