0.61055913618803681064406418954604305326938629150390625
0.58904481881949666277620281107374466955661773681640625
0.62614740082325714976008157464093528687953948974609375
0.62377528432731244034670226028538309037685394287109375
0.63013030734524499987259105182602070271968841552734375
0.624479544498270033869857797981239855289459228515625
0.63391250211829675009767015581019222736358642578125
0.61648786593717719295426604730891995131969451904296875
0.5994288111028598375895626304554753005504608154296875
0.634154070977686057375422024051658809185028076171875
0.64053333262253542290665109248948283493518829345703125
0.60587302935189679686800445779226720333099365234375
0.61965146063192799719132608515792526304721832275390625
0.61145781755715467031819798648939467966556549072265625
0.61405871077370088872982023531221784651279449462890625
0.60850358006657556675378373256535269320011138916015625
0.59519674397395860854231841585715301334857940673828125
0.60892496351898095507948482918436639010906219482421875
0.59479363090026726723635874805040657520294189453125
0.62132958406507821091935284130158834159374237060546875
0.6066134439215122853283901349641382694244384765625
0.618649495348460920496336257201619446277618408203125
0.61476476149852665731287970629637129604816436767578125
0.60179555837295961584487713480484671890735626220703125
0.62875637754354141151225121575407683849334716796875
0.62648262320122782842446440554340369999408721923828125
0.6213484596067069265501459085498936474323272705078125
0.56627050704385484269920425504096783697605133056640625
0.61929404717505331934290779827279038727283477783203125
0.58764412416743538880581354533205740153789520263671875
0.6326831048134045065722830258891917765140533447265625
0.6358041127113676083126847515814006328582763671875
0.59823068490059905233380277422838844358921051025390625
0.5749216927651250585995512665249407291412353515625
0.59606452568532974911619248814531601965427398681640625
0.6253601553999466045041799588943831622600555419921875
0.6103780154985740669104643529863096773624420166015625
0.600267819761465037942116396152414381504058837890625
0.6036862513561203069656357911298982799053192138671875
0.6388945832310255479313809701125137507915496826171875
0.60359647566431295917510624349233694374561309814453125
0.60931198812249143248465088618104346096515655517578125
0.6437734867509907754623554865247569978237152099609375
0.60791954873975295736698853943380527198314666748046875
0.617998502542279393168200840591453015804290771484375
0.59392550209510586167738210860989056527614593505859375
0.59244068552314732567509736327338032424449920654296875
0.57437311883877695262157203615061007440090179443359375
0.62624855299732129498835320191574282944202423095703125
0.596639391120092899001292607863433659076690673828125
0.61361538788955660717050477614975534379482269287109375
0.627999350254906829604806262068450450897216796875
0.6007761056443323699483016753219999372959136962890625
0.51548116723352299661797815133468247950077056884765625
0.61871832788910874345589263612055219709873199462890625
0.60153811080565589008983806706964969635009765625
0.62005796761206533052046552256797440350055694580078125
0.63313625998116573878604640412959270179271697998046875
0.615944943899021435385066070011816918849945068359375
0.6135207679598655428065967498696409165859222412109375
0.62236313677576948766301256910082884132862091064453125
0.61249410299606876773026442606351338326930999755859375
0.60246506638943542188968649497837759554386138916015625
0.61812389842344817036945414656656794250011444091796875
0.63120270920025112193485483658150769770145416259765625
0.6225535606330334648106372696929611265659332275390625
0.58601990250564084394824249102384783327579498291015625
0.6172844479061592171120764760416932404041290283203125
0.62314384973401060197062406587065197527408599853515625
0.6261260734563425245369217009283602237701416015625
0.6582662596988233527639522435492835938930511474609375
0.60043536877549719132929340048576705157756805419921875
0.58020842689544716019867109935148619115352630615234375
0.6399921089300686372070003926637582480907440185546875
0.61171159228503679816668636703980155289173126220703125
0.6367708050404383701703636688762344419956207275390625
0.62195815165841372706978518181131221354007720947265625
0.53439666506531346978903229683055542409420013427734375
0.6235188431579192780418452457524836063385009765625
0.59391706434379820667146532287006266415119171142578125
0.61935229514046541421379288294701837003231048583984375
0.5864515299469121867304011175292544066905975341796875
0.61866485317777797359184432934853248298168182373046875
0.6168984059823274801459547234117053449153900146484375
0.53912944215295421912514939322136342525482177734375
0.67743517826058319286630649003200232982635498046875
0.591234894071902328249734637211076915264129638671875
0.6165336328111890029646247057826258242130279541015625
0.59868344068604784080633862686227075755596160888671875
0.59272780174896355642744083525030873715877532958984375
0.63422138978475206538831798752653412520885467529296875
0.6228543029410398279566152268671430647373199462890625
0.58449290459579017475988393925945274531841278076171875
0.60211122213253276402866731586982496082782745361328125
0.596418072528806408882928735692985355854034423828125
0.62138451457367527286379527140525169670581817626953125
0.5948242176353166765778723856783472001552581787109375
0.57658987172638720419826086072134785354137420654296875
0.446114330421747473653937277049408294260501861572265625
0.61182470639797414957428145498852245509624481201171875
0.5982579924744744204190283198840916156768798828125
0.61636931079811929645728696414153091609477996826171875
0.64346122300799202253784869753872044384479522705078125
0.608612238199450761300113299512304365634918212890625
0.62396116524199130015659875425626523792743682861328125
0.56705765512587813503841971396468579769134521484375
0.53783167323869829345994730829261243343353271484375
0.5659877696344655095828102275845594704151153564453125
0.59813615795411900766254120753728784620761871337890625
0.53846938961847434779173227070714347064495086669921875
0.62174891546060273572749110826407559216022491455078125
0.570925206946688579279225450591184198856353759765625
0.59972029402664472907957815550616942346096038818359375
0.63040384752276856783481662205304019153118133544921875
0.630748425107134469413949773297645151615142822265625
0.62311726609176310009985400029108859598636627197265625
0.60765390315131961873618138270103372633457183837890625
0.58350967606777193186218255505082197487354278564453125
0.57469148694487071082903639762662351131439208984375
0.62436815069443429848661253345198929309844970703125
0.602166559031402481849681862513534724712371826171875
0.55229919083243184108056311742984689772129058837890625
0.60815630606623771736707340096472762525081634521484375
0.6222654426859099974222999662742950022220611572265625
0.55374872047294176891085726310848258435726165771484375
0.61647400844497746152939043895457871258258819580078125
0.60094298072098573104682373013929463922977447509765625
0.634120787564406374059444715385325253009796142578125
0.573547584538024235456532551324926316738128662109375
0.63980106286829430128904050434357486665248870849609375
0.6168589192757192307681179954670369625091552734375
0.60849343438296255026642711527529172599315643310546875
0.61967545983578709023475994399632327258586883544921875
0.5935606557549328865519555620267055928707122802734375
0.59646497737274783990102378083975054323673248291015625
0.62146395307472823699157515875413082540035247802734375
0.59954199042317257717371603575884364545345306396484375
0.60642139427167418563868750425172038376331329345703125
0.6284917701328727179799216173705644905567169189453125
0.5970467471065841191801837339880876243114471435546875
0.628745248544956947256423518410883843898773193359375
0.61809040013248661704636788272182457149028778076171875
0.5356685118928421474038259475491940975189208984375
0.618424655999957106899955761036835610866546630859375
0.58686947871767747297866435474134050309658050537109375
0.62515753682475361241444034021697007119655609130859375
0.59323680183604976523525920129031874239444732666015625
0.62246054068386147406499731005169451236724853515625
0.5387836817518583121255915102665312588214874267578125
0.601924097532414936750910783302970230579376220703125
0.6148655558841296109306995276710949838161468505859375
