656.660727024078369140625
656.660657405853271484375
656.66085910797119140625
656.660677433013916015625
656.6606457233428955078125
656.6608526706695556640625
656.66072559356689453125
656.6608006954193115234375
656.66084957122802734375
656.6606566905975341796875
656.6608784198760986328125
656.660573482513427734375
656.660708904266357421875
656.660586833953857421875
656.6606075763702392578125
656.660846710205078125
656.66080379486083984375
656.6608371734619140625
656.660770893096923828125
656.661080837249755859375
656.6608016490936279296875
656.6607010364532470703125
656.6607818603515625
656.660562038421630859375
656.66067409515380859375
656.66059589385986328125
656.6608905792236328125
656.6605308055877685546875
656.6607112884521484375
656.66210079193115234375
656.661242961883544921875
656.66075038909912109375
656.6606457233428955078125
656.660680294036865234375
656.6605784893035888671875
656.6607868671417236328125
656.6609833240509033203125
656.6606295108795166015625
656.660792827606201171875
656.6607525348663330078125
656.6606214046478271484375
656.66070652008056640625
656.6620731353759765625
656.66062068939208984375
656.6609020233154296875
656.66070556640625
656.66098880767822265625
656.6608829498291015625
656.660858631134033203125
656.6607258319854736328125
656.660540103912353515625
656.660704135894775390625
656.6606628894805908203125
656.6605713367462158203125
656.6607134342193603515625
656.661030292510986328125
656.6607391834259033203125
656.6606509685516357421875
656.6607935428619384765625
656.66053676605224609375
656.66066265106201171875
656.660664081573486328125
656.660931110382080078125
656.6609184741973876953125
656.660617351531982421875
656.662110805511474609375
656.660841464996337890625
656.6607129573822021484375
656.6607272624969482421875
656.6606204509735107421875
656.6606409549713134765625
656.6603376865386962890625
656.6622436046600341796875
656.6608450412750244140625
656.6607449054718017578125
656.66085338592529296875
656.660720348358154296875
656.6607303619384765625
656.6608207225799560546875
656.6605975627899169921875
656.6606357097625732421875
656.6609756946563720703125
656.6605727672576904296875
656.660730838775634765625
656.6607449054718017578125
656.6606829166412353515625
656.6608455181121826171875
656.66077136993408203125
656.6607000827789306640625
656.660727024078369140625
656.662139892578125
656.6606938838958740234375
656.6608293056488037109375
656.6614105701446533203125
656.662109375
656.6605517864227294921875
656.6609418392181396484375
656.660961627960205078125
656.6607151031494140625
656.660783290863037109375
656.660580158233642578125
656.6606366634368896484375
656.6606919765472412109375
656.660785198211669921875
656.660816192626953125
656.6606578826904296875
656.6606175899505615234375
656.66087627410888671875
656.66073513031005859375
656.6606991291046142578125
656.660667896270751953125
656.6623172760009765625
656.6608436107635498046875
656.6607425212860107421875
656.660686016082763671875
656.6607511043548583984375
656.66072750091552734375
656.6607582569122314453125
656.6607439517974853515625
656.6609058380126953125
656.660633563995361328125
656.6607532501220703125
656.66074085235595703125
656.6607353687286376953125
656.6606121063232421875
656.6608583927154541015625
656.660623073577880859375
656.6621348857879638671875
656.6605613231658935546875
656.6606290340423583984375
656.6609308719635009765625
656.6623985767364501953125
656.660750865936279296875
656.66069698333740234375
656.6606576442718505859375
656.660810947418212890625
656.660597324371337890625
656.6606132984161376953125
656.6602761745452880859375
656.6607916355133056640625
656.6607248783111572265625
656.662413120269775390625
656.6609575748443603515625
656.6610386371612548828125
656.6607205867767333984375
656.6609642505645751953125
656.66056346893310546875
656.6607668399810791015625
656.6627247333526611328125
656.6607434749603271484375
656.6606132984161376953125
