0.36691482215383508513895094438339583575725555419921875
0.370472319048711862254918969483696855604648590087890625
0.3427729794937217633332693367265164852142333984375
0.390741162249823525964842474422766827046871185302734375
0.3255411311408080710094736787141300737857818603515625
0.3533052740953663839462706164340488612651824951171875
0.38726135919715309885447140914038754999637603759765625
0.386820127772613819860936246186611242592334747314453125
0.369147895640482837098517165941302664577960968017578125
0.375274316023160137145708858952275477349758148193359375
0.360159109742200278514445699329371564090251922607421875
0.359907352569050875690237489834544248878955841064453125
0.368655915580593518399155072984285652637481689453125
0.380815664979941015388931191409938037395477294921875
0.344064717401938058305432832639780826866626739501953125
0.402766665361902032049812305558589287102222442626953125
0.380464515127912239478291667182929813861846923828125
0.355289626804285829653196060462505556643009185791015625
0.374234231774708103746007736845058389008045196533203125
0.397204379389826112145556180621497333049774169921875
0.357683159442869380573171156356693245470523834228515625
0.39666987626493799279359109277720563113689422607421875
0.360899262206813509212821600158349610865116119384765625
0.363553381935650066214549269716371782124042510986328125
0.366921738320857337978253553956164978444576263427734375
0.378057490817735430965740306419320404529571533203125
0.360042890939690274354489929464762099087238311767578125
0.3973573527822653606023095562704838812351226806640625
0.362890294345848019030853492949972860515117645263671875
0.386465065156284481862059010381926782429218292236328125
0.365956541982417504765834337376873008906841278076171875
0.374352127264449052734818224053015001118183135986328125
0.376765957719584321239381097257137298583984375
0.3316635145048467681050397004582919180393218994140625
0.388817846128509447822807487682439386844635009765625
0.367270819222650146684827632270753383636474609375
0.361476873041726542989948711692704819142818450927734375
0.359971802206056123996091855588019825518131256103515625
0.38644072436313881002689640808966942131519317626953125
0.34991610486194668627746295896940864622592926025390625
0.38209330057437451699797748005948960781097412109375
0.33014685173114111105263646095409058034420013427734375
0.359009017525939722048633484519086778163909912109375
0.3824550541244298162979475819156505167484283447265625
0.363057827509085384587450562321464531123638153076171875
0.371968991372645607640379239455796778202056884765625
0.407370334939454348255338800299796275794506072998046875
0.329245352503916233199987573243561200797557830810546875
0.31815214865629304341609895345754921436309814453125
0.39244081628816385176605763263069093227386474609375
0.37512424697669122242160710811731405556201934814453125
0.37041149098759740265762729904963634908199310302734375
0.348334120118611811900422026155865751206874847412109375
0.410640579063602906284558002880658023059368133544921875
0.367117258894395670498767003664397634565830230712890625
0.363289774076829663496113198561943136155605316162109375
0.36451737853471521955128764602704904973506927490234375
0.38513119622098479499783252322231419384479522705078125
0.3571447254690351957862048948300071060657501220703125
0.388264447769948117805682841208181343972682952880859375
0.378622452819502408605245591388666070997714996337890625
0.3859454119209988487426699066418223083019256591796875
0.379851577100022985700178423940087668597698211669921875
0.337228114828289016191575910852407105267047882080078125
0.3471262075631613708281975050340406596660614013671875
0.375430032090475596096013077840325422585010528564453125
0.363656215672065796784551139353425242006778717041015625
0.357891844871930653315672543612890876829624176025390625
0.34668556506404979433710877856356091797351837158203125
0.372624746093999148488506989451707340776920318603515625
0.3450939834923743010364205474616028368473052978515625
0.3720969491199703771400209006969816982746124267578125
0.3907369590038844986423782756901346147060394287109375
0.38023627465635156941203831593156792223453521728515625
0.3899724613407304918411000471678562462329864501953125
0.33975201181329273136810797950602136552333831787109375
0.385348360643622100951688480563461780548095703125
0.415105470096576445460101467688218690454959869384765625
0.368694335015305518776784765577758662402629852294921875
0.3537876534630306490925022444571368396282196044921875
0.384584011194996355786912545227096416056156158447265625
0.38912200008422337393909629099653102457523345947265625
0.361552878739500205274026711776969023048877716064453125
0.39090313805410470404666511967661790549755096435546875
0.392684279700195038032006777939386665821075439453125
0.34289761696831189130563188882661052048206329345703125
0.35265885100000293750355240263161249458789825439453125
0.38164001785925727450177191713009960949420928955078125
0.362317199688906355081741139656514860689640045166015625
0.361938806230310328171384526285692118108272552490234375
0.36526522959578955340731454271008260548114776611328125
0.351988417391690566748962964993552304804325103759765625
0.400313100801635790570998096882249228656291961669921875
0.37115978368798108188997275647125206887722015380859375
0.384884325630871437784463751086150296032428741455078125
0.389657780719148527648343360851868055760860443115234375
0.409136047326931484580114783966564573347568511962890625
0.367083309884066844031025311778648756444454193115234375
0.01188737860194522856505106034319396712817251682281494140625
0.36383514622827772821977987405261956155300140380859375
0.404882924345850880865071985681424848735332489013671875
0.364917188670184799992313173788716085255146026611328125
0.352567772744492968772789254217059351503849029541015625
0.376266394884575194890174998363363556563854217529296875
0.368394410453976972608103324091644026339054107666015625
0.387433511391448437422013739706017076969146728515625
0.387854172123033524854918141500093042850494384765625
0.381369431639281775137106933470931835472583770751953125
0.408817444976641686249507756656385026872158050537109375
0.32312152920867476257882344725658185780048370361328125
0.36298555916209662708382666096440516412258148193359375
0.330669416011023786783340483452775515615940093994140625
0.371239323395211540113081127856275998055934906005859375
0.353473803249021056860357248297077603638172149658203125
0.37544165179602806414749238683725707232952117919921875
0.382638696656963539499685111877624876797199249267578125
0.354161884672911042581944229823420755565166473388671875
0.3626491192222494053254422397003509104251861572265625
0.420726722008594011814608393251546658575534820556640625
0.36876823283255444341222073489916510879993438720703125
0.366678035594164064558952986772055737674236297607421875
0.394146385217004902035142777094733901321887969970703125
0.38538453662823279888272054449771530926227569580078125
0.370599243586687998597284376955940388143062591552734375
0.411881747489861338440420013284892775118350982666015625
0.384796615690954635358167479353141970932483673095703125
0.384702203801023212559329067516955547034740447998046875
0.324062041826753077788936252545681782066822052001953125
0.332712395148678063971914298235788010060787200927734375
0.34087328985490206179065353353507816791534423828125
0.35536530573623148487882872359477914869785308837890625
0.341333982494101795257535059135989286005496978759765625
0.38044563459583713438405538909137248992919921875
0.3815242886066136929201775274123065173625946044921875
0.3726997904899527203070874747936613857746124267578125
0.361736669774624208795188451404101215302944183349609375
0.3716327552189488958589436151669360697269439697265625
0.378060401721172556488426153009640984237194061279296875
0.381494623084507822330380122366477735340595245361328125
0.355750951517349200958761912261252291500568389892578125
0.37888179187426673788507969220518134534358978271484375
0.385645064244168889189268156769685447216033935546875
0.37973141041366054171390942428843118250370025634765625
0.354563193331785708739545270873350091278553009033203125
0.389443271818882497115055230096913874149322509765625
0.38185737848560485918625317935948260128498077392578125
0.39697081412091339558401159592904150485992431640625
0.378854793158345304338041614755638875067234039306640625
0.365389754832818935970095708398730494081974029541015625
0.36837193682818070161744117285707034170627593994140625
0.379901348957345785795070014501106925308704376220703125
