669.2224452495574951171875
641.358766078948974609375
655.5456697940826416015625
661.6893608570098876953125
668.783138275146484375
671.5038697719573974609375
633.6746256351470947265625
654.28599834442138671875
668.8734118938446044921875
639.4667623043060302734375
659.5742642879486083984375
664.8945548534393310546875
671.736890316009521484375
660.265720844268798828125
673.2419974803924560546875
650.7522561550140380859375
640.4872915744781494140625
663.204514980316162109375
641.717468738555908203125
662.6891362667083740234375
651.6133916378021240234375
661.8742849826812744140625
665.710288524627685546875
655.2508013248443603515625
657.0748708248138427734375
648.18591403961181640625
652.6076028347015380859375
646.5923082828521728515625
659.20754241943359375
650.3876459598541259765625
636.2558801174163818359375
652.4435961246490478515625
670.1959578990936279296875
661.38166713714599609375
634.4788568019866943359375
668.3986666202545166015625
660.02240657806396484375
658.6911461353302001953125
654.8012812137603759765625
644.872740268707275390625
666.0388081073760986328125
654.0955550670623779296875
664.9520244598388671875
657.4208214282989501953125
648.7965853214263916015625
632.8128716945648193359375
662.168739795684814453125
655.0744111537933349609375
656.5076658725738525390625
640.1309778690338134765625
660.9336719512939453125
646.5746676921844482421875
664.342985630035400390625
654.462779521942138671875
651.823942661285400390625
635.3580095767974853515625
663.9009754657745361328125
638.850101470947265625
639.299507617950439453125
666.22552394866943359375
661.961740016937255859375
667.1222403049468994140625
651.8763477802276611328125
651.2943727970123291015625
670.6904680728912353515625
668.6975567340850830078125
663.518090724945068359375
665.70703983306884765625
671.3483569622039794921875
658.09118556976318359375
652.0245134830474853515625
661.252078533172607421875
664.502633571624755859375
634.7372314929962158203125
637.0203883647918701171875
650.92242336273193359375
665.8874046802520751953125
664.1972677707672119140625
663.270851612091064453125
671.610475063323974609375
665.201918125152587890625
666.70552921295166015625
663.7202794551849365234375
638.1101677417755126953125
661.009705066680908203125
665.1819012165069580078125
669.9830863475799560546875
672.067984104156494140625
673.8518450260162353515625
633.7122423648834228515625
661.118174076080322265625
644.2119705677032470703125
666.7810118198394775390625
668.636592864990234375
668.729030132293701171875
661.71999359130859375
646.1026248931884765625
640.2043609619140625
654.0107066631317138671875
658.64988803863525390625
664.365427494049072265625
642.398171901702880859375
666.317114353179931640625
645.8388998508453369140625
635.39368152618408203125
669.8855364322662353515625
669.6129910945892333984375
665.6649610996246337890625
662.235444545745849609375
660.4747402667999267578125
642.3124027252197265625
646.966742992401123046875
659.8079035282135009765625
679.9021046161651611328125
660.35324192047119140625
651.821089267730712890625
659.4184448719024658203125
658.3493366241455078125
660.2180588245391845703125
655.755025386810302734375
662.6673431396484375
662.9002468585968017578125
663.0682208538055419921875
648.60502338409423828125
735.330946445465087890625
638.8228604793548583984375
644.6815755367279052734375
664.963466167449951171875
632.7339913845062255859375
649.7177517414093017578125
639.0647675991058349609375
661.789837360382080078125
656.338657379150390625
666.6865103244781494140625
643.042810916900634765625
663.476480960845947265625
651.6450054645538330078125
658.77338314056396484375
654.407226085662841796875
659.801607608795166015625
657.174298763275146484375
667.671777248382568359375
651.3760845661163330078125
661.395858287811279296875
669.43199253082275390625
657.9369442462921142578125
671.6863253116607666015625
670.940826416015625
660.19547939300537109375
649.26626873016357421875
658.529798984527587890625
