3.229635
2.6950092
3.504739
3.2019079
2.6434126
2.617036
2.5893748
3.1329317
2.3818455
2.635742
3.0298057
2.5069797
3.7455964
3.3220763
4.1016207
2.8881342
4.2448177
2.5179942
2.3886952
3.2727914
2.9789805
3.3338184
2.201813
2.960926
3.3636801
2.4444358
2.6504884
3.1664305
3.1649358
3.5765576
3.2318316
2.7340086
2.7972767
3.641859
2.6669915
2.6856391
2.913547
3.3984041
2.6508517
3.1156282
3.058042
2.682878
2.3992395
2.5806289
3.3472831
2.8088923
3.3621607
3.6243799
2.3011963
2.4113784
2.4932256
2.3817081
2.6935172
3.1293182
4.3359756
3.449803
3.6052775
2.886875
2.4078507
2.4100702
2.6529777
3.3112657
2.6661496
2.6753097
2.9822197
2.6684942
3.917163
3.074099
2.9696128
2.4882512
2.364874
3.1401434
3.0301423
2.9604487
3.0379143
2.5117843
2.4589908
3.2216375
3.00184
3.105514
2.4014654
3.5590534
2.7993498
2.330177
2.3043327
1.8789419
2.0189667
2.825779
3.0129168
3.0645423
2.6182504
2.9469483
2.734509
2.4320366
3.1563525
2.3699064
2.6089654
2.9817643
2.0489242
3.576383
2.5459318
3.5979214
3.1215382
2.567297
2.6532946
3.1743631
3.2051322
2.3324451
2.607459
2.892814
2.4252865
3.8207555
2.7477484
2.344875
1.9585695
2.661449
3.6715274
3.0491652
3.0154233
2.0722823
3.0168245
2.7984083
2.587591
2.9733753
3.4425476
2.7732267
2.5536907
2.2672188
2.388071
3.1026025
2.7281194
2.542315
4.1219597
2.5670204
2.8340752
3.5397112
2.4290245
3.0484686
3.1200848
3.3505557
2.9065995
2.4147468
2.4492106
3.117815
3.2204118
3.434591
4.166928
3.1044016
3.3401375
2.5383372
3.1041093
