0.25553554
0.2610529
0.13365094
0.14829311
0.28303394
0.17799573
0.16101918
0.15608816
0.1927687
0.14573917
0.24064024
0.15225354
0.13047941
0.17628334
0.26254863
0.22126588
0.31516355
0.17821485
0.20232391
0.1278921
0.28885108
0.25937763
0.3736
0.29787627
0.16179611
0.24340072
0.100509346
0.16362602
0.14898093
0.21999319
0.21460414
0.08584637
0.20287403
0.25430846
0.14350061
0.215723
0.21184126
0.26343316
0.17163573
0.115908325
0.27791017
0.37865096
0.23345494
0.18977728
0.1802844
0.19772038
0.21065903
0.33356017
0.26253754
0.2767466
0.10350142
0.13413104
0.26038644
0.45945898
0.2539784
0.12599333
0.13036041
0.12569627
0.26995596
0.121798515
0.13326268
0.17957468
0.20937209
0.1658996
0.30760574
0.19249985
0.3126992
0.29302543
0.19711861
0.13272153
0.123808965
0.10773729
0.52081335
0.09194614
0.2108694
0.18196264
0.17172846
0.34238833
0.13294813
0.19674161
0.14276639
0.20827988
0.1930158
0.18677105
0.40903825
0.12913823
0.12859136
0.12711254
0.21843222
0.26433378
0.19820116
0.27444017
0.17297013
0.30507833
0.14362557
0.1372945
0.25147432
0.4158631
0.391142
0.15920311
0.1462242
0.23991665
0.24733141
0.11378082
0.12965155
0.49138385
0.31765038
0.50822127
0.205134
0.3731688
0.21933813
0.20239034
0.25754422
0.3162778
0.22424188
0.18232575
0.18004075
0.18853693
0.12669411
0.14238693
0.19598171
0.41228944
0.18952389
0.19258681
0.53037465
0.1999948
0.2769471
0.36570707
0.33768034
0.19247508
0.1712809
0.29075956
0.0869293
0.20949236
0.20231895
0.18739411
0.18396945
0.2353942
0.12912445
0.4999496
0.13598432
0.23198187
0.36445823
0.1503933
0.4400037
0.21574111
0.31038076
0.34620333
0.34787026
0.23730049
0.24665804
