668.170624256134033203125
668.1705543994903564453125
668.170755863189697265625
668.1705749034881591796875
668.1705424785614013671875
668.1707503795623779296875
668.1706221103668212890625
668.170697689056396484375
668.1707465648651123046875
668.170553684234619140625
668.17077541351318359375
668.1704695224761962890625
668.170605182647705078125
668.1704823970794677734375
668.1705033779144287109375
668.1707437038421630859375
668.1707007884979248046875
668.17074108123779296875
668.1706678867340087890625
668.17097759246826171875
668.1706984043121337890625
668.1705992221832275390625
668.1706793308258056640625
668.1704580783843994140625
668.1705725193023681640625
668.1704938411712646484375
668.17078876495361328125
668.170426845550537109375
668.1706082820892333984375
668.1719977855682373046875
668.171141147613525390625
668.170647144317626953125
668.17054271697998046875
668.1705780029296875
668.1704766750335693359375
668.17068386077880859375
668.17088031768798828125
668.1705265045166015625
668.1706907749176025390625
668.1706497669219970703125
668.170519351959228515625
668.170603275299072265625
668.1719706058502197265625
668.1705191135406494140625
668.1708014011383056640625
668.17060089111328125
668.170886993408203125
668.17077922821044921875
668.17075634002685546875
668.1706240177154541015625
668.1704380512237548828125
668.1706001758575439453125
668.1705610752105712890625
668.1704690456390380859375
668.170611858367919921875
668.1709272861480712890625
668.17063617706298828125
668.170547008514404296875
668.1706917285919189453125
668.1704328060150146484375
668.1705605983734130859375
668.1705608367919921875
668.1708278656005859375
668.1708152294158935546875
668.1705143451690673828125
668.1720077991485595703125
668.17073726654052734375
668.1706111431121826171875
668.1706216335296630859375
668.1705181598663330078125
668.1705372333526611328125
668.17023372650146484375
668.1721403598785400390625
668.170745849609375
668.1706378459930419921875
668.17075061798095703125
668.1706180572509765625
668.170622348785400390625
668.170716762542724609375
668.1704952716827392578125
668.1705322265625
668.1708734035491943359375
668.170467853546142578125
668.170627117156982421875
668.1706421375274658203125
668.1705799102783203125
668.1707417964935302734375
668.1706659793853759765625
668.170597553253173828125
668.1706218719482421875
668.172036647796630859375
668.170590877532958984375
668.1707251071929931640625
668.17130565643310546875
668.1720066070556640625
668.1704485416412353515625
668.170838832855224609375
668.170857906341552734375
668.17061138153076171875
668.170685291290283203125
668.1704728603363037109375
668.1705334186553955078125
668.1705887317657470703125
668.1706821918487548828125
668.170711040496826171875
668.170554637908935546875
668.170514583587646484375
668.1707732677459716796875
668.1706333160400390625
668.170597076416015625
668.170556545257568359375
668.172214508056640625
668.170739650726318359375
668.1706364154815673828125
668.1705849170684814453125
668.1706459522247314453125
668.1706230640411376953125
668.1706554889678955078125
668.1706411838531494140625
668.170803070068359375
668.1705305576324462890625
668.1706492900848388671875
668.1706371307373046875
668.17063236236572265625
668.17050933837890625
668.170755863189697265625
668.17051601409912109375
668.1720333099365234375
668.170454502105712890625
668.1705267429351806640625
668.1708252429962158203125
668.1722962856292724609375
668.1706478595733642578125
668.1705930233001708984375
668.170557498931884765625
668.170708179473876953125
668.1704943180084228515625
668.1705090999603271484375
668.170173168182373046875
668.1706905364990234375
668.1706211566925048828125
668.1723091602325439453125
668.1708557605743408203125
668.17093563079833984375
668.170619487762451171875
668.17086315155029296875
668.170460224151611328125
668.1706664562225341796875
668.1726207733154296875
668.1706392765045166015625
668.1705071926116943359375
