163278747159860310012
155571724121075400013
141629242832915663576
159371304133861942825
129417403044203020169
144976676376759975698
156054581037178773768
165708881065754901368
156136870517644721747
157225463174454408303
154357065959344068390
149407002268069559290
152384935093357687675
153299889631457350188
153515487110888070262
168359920684875071309
169840451024096249124
154743814181772614430
160512151064725424912
166561217649423606989
155679129773565974687
165937746916871099453
166910121956374691390
160245872034305391143
154358450963143614304
159546319774243598253
155968881817402354656
170021370786782729350
159402227970782477821
167530187569594692312
154901836872642807085
154436477881467784577
161348376625053487352
154632535409772707888
155646242125276151109
153355611605592202605
158943877976624808944
158365132093783344411
169730717557521120140
155046113067133967423
177747003689661611792
117579678964925582756
153982024461219532405
152283447777977304034
150036407328113434951
162945402935623081427
164517876629823780622
147238230466242356658
126014698838626661787
166661104163066251674
162172084062007944984
149014186691104249217
157434385110422228520
180904486415723367965
159834493089943149707
154738413736826752441
152610675740298230405
156495872087136216696
156721177651836747806
160772621768714099415
151749175622310501927
169151771955356208834
156457559389820745570
138527721131228113628
143777460323733589094
154098102822805194386
150112944132690812247
158397991380181095017
161399702311584540913
156984986005509082433
137641256746690357739
158660023765392503617
192742205701432245703
161000721209122757963
168177532915162441364
147665841305464435174
162020218595589088027
176044245485693208054
158779325014394622290
142076558400395647318
166747983502922429997
160620995757280223567
146857901271959566027
161930990978720945124
182968598287419065226
143821135820303265811
143568355802920431547
152319085010685859918
155376183826542622298
157229747958198304386
155264010659230655898
156970127843018468182
164569894163521803390
145838182588598232625
166532565729799713159
156795669263464607521
171163333634501095607
188046028951265748636
43289816242610281214
156399095119620433340
160326673584500205182
158835558849532624578
139633892393080322872
142222850089346203966
148378109765237595206
184384079466114987354
166489359154691309293
186575547513173041907
171305001230177398644
139623101182448812220
151471885354846695163
163520316743499916607
158446646027429218499
157203232788476580347
153552404467723005494
152303608904285820148
151772377307222969794
147104661084012791163
178093133912464852429
159357667570046888677
162827335174010480594
181763748567878649646
162905390640998562010
154541212055016548707
186322778562581528915
158628729250953600520
166389886614144663319
147105160037175845244
150413144479181821306
142369757319273854019
148420621414973281108
147405508757883366940
159015122769862801381
165555961104032810059
151914149762234463224
149209158860040707550
157278145886006176608
161206184397368606522
153588099222394922966
171841553589685712136
151414609037211869834
161655727490260986059
168163351314559778036
137003289331818381747
164546282626213381599
165377000345000716487
162625178738319770258
159050037778129858240
160364021080486062621
154427135189823840212
169182267429943837255
