3.5274696
4.7108183
2.2233698
1.8443311
3.4322531
1.8640078
2.0629501
2.3033743
2.3224218
1.7312934
5.5881076
2.657157
2.7221503
2.582148
3.8956285
3.9462602
7.4340544
4.8881984
2.7239163
2.238411
4.152688
3.1359956
5.893858
4.4772763
2.5456
3.505459
1.6945716
2.229337
2.8192515
5.37004
3.391682
1.5725532
3.64002
3.9488828
2.4589608
3.622142
4.8135047
2.4765944
4.693475
1.996597
5.597779
5.42616
5.4787683
2.0534716
2.7705827
4.588422
3.0498564
5.0354576
3.7377932
6.465134
1.7750838
1.7550157
6.1652317
4.1327963
4.3436437
2.181329
1.8248854
1.3953328
6.125577
2.2148712
1.4741476
2.8778718
3.402696
1.9978524
4.0456953
1.8713694
3.6436372
4.1950436
3.2135122
1.6077017
1.6686996
1.3918602
7.3248816
1.5930058
4.386175
2.5572112
2.7200048
3.679809
3.652593
4.1265874
2.5222023
3.8077993
3.6380491
2.6132793
7.771833
2.4395514
1.7650752
1.7329922
4.1583977
2.3790982
2.6994498
5.499903
2.4022403
3.0036016
2.5807045
1.685551
4.3220215
8.490966
6.1263804
2.2394578
2.3066337
3.2672553
3.3406782
1.7195528
1.8917303
5.527171
5.2973866
4.653456
2.4942276
4.6565766
2.5519762
2.7341332
4.3476644
4.0139074
3.0909834
4.516199
2.1014814
3.3491678
2.639119
1.7693584
2.748149
4.7476244
3.06075
2.4468005
7.0495033
2.312196
3.7428534
5.534851
4.25874
3.515801
3.1210854
3.4589968
1.3913096
2.8338344
2.1459951
3.1825159
3.88724
6.206909
2.4525647
10.036931
2.174434
3.7042124
7.063418
2.52311
5.6544304
3.0260448
3.5409813
5.361003
3.9460144
2.6660354
5.4242616
