90.7909088134765625
93.7161712646484375
96.52472686767578125
101.179229736328125
99.91739654541015625
94.170196533203125
112.77886199951171875
95.7983551025390625
104.442291259765625
111.42217254638671875
102.094512939453125
89.4620513916015625
97.5388031005859375
109.082763671875
112.3293914794921875
102.20337677001953125
94.3429412841796875
82.67822265625
110.3459625244140625
106.81862640380859375
97.507354736328125
116.2818756103515625
112.12347412109375
94.27442169189453125
110.14690399169921875
108.6646728515625
92.6672821044921875
98.839508056640625
105.75551605224609375
108.125244140625
98.7230987548828125
106.7745208740234375
102.0071258544921875
96.44271087646484375
99.2100067138671875
98.789947509765625
96.5498809814453125
91.01694488525390625
88.5170745849609375
95.298583984375
101.7513580322265625
103.287567138671875
100.413238525390625
97.10528564453125
98.519805908203125
97.99163818359375
105.79624176025390625
90.4410247802734375
96.648773193359375
94.4541168212890625
107.85654449462890625
101.74918365478515625
99.8032073974609375
109.64981842041015625
96.786041259765625
92.67751312255859375
111.30731201171875
98.8293914794921875
97.32976531982421875
94.219268798828125
106.65340423583984375
105.20770263671875
104.9225616455078125
96.6156463623046875
99.3264312744140625
105.4192657470703125
105.719757080078125
100.6859893798828125
93.1726837158203125
106.4044342041015625
116.3384246826171875
94.092529296875
94.2036590576171875
101.32672119140625
118.639678955078125
92.26690673828125
100.2528228759765625
105.68070220947265625
90.2054443359375
100.820709228515625
98.7767333984375
106.773834228515625
101.486663818359375
103.4316864013671875
94.832244873046875
93.038543701171875
91.9571533203125
106.330169677734375
98.1670989990234375
111.46743011474609375
99.30352783203125
99.74505615234375
119.2446136474609375
104.84527587890625
91.326812744140625
108.074432373046875
112.0750579833984375
107.6595611572265625
179.824432373046875
100.89507293701171875
111.2690887451171875
114.97982025146484375
100.371063232421875
110.9917144775390625
108.15899658203125
104.83624267578125
112.16193389892578125
98.21378326416015625
111.114898681640625
93.68473052978515625
109.7070159912109375
103.0687255859375
96.3984527587890625
99.40830230712890625
106.61283111572265625
106.6707000732421875
97.3584136962890625
95.732269287109375
111.38883209228515625
89.3191680908203125
112.997955322265625
104.0908966064453125
97.43304443359375
98.8508453369140625
107.51584625244140625
105.49554443359375
112.2141571044921875
88.2710418701171875
95.3247528076171875
96.3385467529296875
104.4730987548828125
98.510711669921875
98.80429840087890625
96.59392547607421875
100.47267913818359375
99.66214752197265625
99.7179718017578125
105.16820526123046875
99.847137451171875
95.88407135009765625
110.5450439453125
99.2283935546875
99.019744873046875
108.01114654541015625
106.2531585693359375
100.98223114013671875
118.43317413330078125
107.8233642578125
97.499664306640625
106.124481201171875
105.4641571044921875
