0.3169754348728079929031764550018124282360076904296875
0.386316784741052743346045872385730035603046417236328125
0.31619289394955008010157371245441026985645294189453125
0.411649291592755151025784243756788782775402069091796875
0.378933176284056483229534251222503371536731719970703125
0.303839573501226478668968411511741578578948974609375
0.41152821494325053652829637940158136188983917236328125
0.37153258698874613852325410334742628037929534912109375
0.454103463412895924644629985778010450303554534912109375
0.24688665363971173949408921544090844690799713134765625
0.406284919402378819075494220669497735798358917236328125
0.24340683439252563946553209461853839457035064697265625
0.385201871189753408675215951006975956261157989501953125
0.45557110481085116848731786376447416841983795166015625
0.4745971580026668856788774064625613391399383544921875
0.4365475173167305822374828494503162801265716552734375
0.421534042251101082054987045921734534204006195068359375
0.349262102005616970057388925852137617766857147216796875
0.354907619341460256467968292781733907759189605712890625
0.425686010242932899583223615991300903260707855224609375
0.3289428576424009431633521671756170690059661865234375
0.3193133726484271850409868420683778822422027587890625
0.409169277338853720760170062931138090789318084716796875
0.412265888653866596769148600287735462188720703125
0.462731314912941449346561739730532281100749969482421875
0.43382598618422651970405468091485090553760528564453125
0.335920240817935311650188623389112763106822967529296875
0.306780234526695283481245724033215083181858062744140625
0.37343942365947413453142189609934575855731964111328125
0.2855868545930295709922575042583048343658447265625
0.427709899465191945022723984948243014514446258544921875
0.4550606604106774977225313705275766551494598388671875
0.328190270125642447052172201438224874436855316162109375
0.3478956915770894386952249988098628818988800048828125
0.291701705285040524540107753637130372226238250732421875
0.4081847486625245213787138709449209272861480712890625
0.377042287963050670729359126198687590658664703369140625
0.430186405894989964959762573926127515733242034912109375
0.380990104367304460719623193654115311801433563232421875
0.4440236602270684063142880404484458267688751220703125
0.4190447890242798845150673514581285417079925537109375
0.37312957077696984331538487822399474680423736572265625
0.420549105642496867663027160233468748629093170166015625
0.276015421733801336046099095256067812442779541015625
0.332785960133631653068420064300880767405033111572265625
0.387330057730643051439045621009427122771739959716796875
0.41252547815435658407068331143818795680999755859375
0.38864094118622760642978164469241164624691009521484375
0.424960290556932795968947402798221446573734283447265625
0.3798657081172251981371346118976362049579620361328125
0.44958440149461920132267778171808458864688873291015625
0.48389948658403414416540044840076006948947906494140625
0.372988617083721829548181858626776374876499176025390625
0.3669874207532497489836487147840671241283416748046875
0.4712560784860524432104966763290576636791229248046875
0.410321203866498118717487386675202287733554840087890625
0.420342823223173234215011007108842022716999053955078125
0.43113821911949734566604774954612366855144500732421875
0.45735503827783408059559633329627104103565216064453125
0.33275776991750938282876859375392086803913116455078125
0.36293844083617765594595994116389192640781402587890625
0.359476043350094032202690641497611068189144134521484375
0.370062173681175166084500460783601738512516021728515625
0.50963088012770685342189835864701308310031890869140625
0.4129386568667612333882743769208900630474090576171875
0.3946102375877671430970394794712774455547332763671875
0.421132181755866030758994611460366286337375640869140625
0.435727634842150879368460891782888211309909820556640625
0.392620086669842660587192995080840773880481719970703125
0.455905952220112486994452183353132568299770355224609375
0.451467909027316760539605411395314149558544158935546875
0.35060556756978711323569086744100786745548248291015625
0.4332125853905786083686280107940547168254852294921875
0.371811989010993160231777210356085561215877532958984375
0.3783632227584396989783499520854093134403228759765625
0.359089218624558004222535601002164185047149658203125
0.442199891703783876106825800889055244624614715576171875
0.315362280931687999352419637943967245519161224365234375
0.406908161595606332472385702203609980642795562744140625
0.293589946205380869503898111361195333302021026611328125
0.40474435820047005574195964072714559733867645263671875
0.30045255342010201982105854767723940312862396240234375
0.452998529316319287207903698799782432615756988525390625
0.31965148081062089158166372726554982364177703857421875
0.3472363163908849248429078215849585831165313720703125
0.34464889475804039165041103842668235301971435546875
0.349312796470430786399674616404809057712554931640625
0.30364696405447977323177610742277465760707855224609375
0.409096588634363100833724047333816997706890106201171875
0.36424110610309856639332792838104069232940673828125
0.384365489409315974622671774341142736375331878662109375
0.4022003651458181394673374597914516925811767578125
0.381694856015775851876270508000743575394153594970703125
0.306248397329100530139811553453910164535045623779296875
0.384942814330169802428116554438020102679729461669921875
0.383767923366714558408574475834029726684093475341796875
0.36380688965762131292791536907316185534000396728515625
0.42439144700200459592309698564349673688411712646484375
0.01254039921377669321300718507927740574814379215240478515625
0.4306444437743970343746013895724900066852569580078125
0.42500198643126163577932175030582584440708160400390625
0.368769137680419023528344268925138749182224273681640625
0.47072869320702614981399847238208167254924774169921875
0.28460749475932656249455021679750643670558929443359375
0.326029536687768739522397254404495470225811004638671875
0.278155283776066297729556708873133175075054168701171875
0.298862876003452127005033389650634489953517913818359375
0.3543362540492391854485276780906133353710174560546875
0.397939028387482240933792354553588666021823883056640625
0.4235000017289969331812926611746661365032196044921875
0.252207037694744229394672174748848192393779754638671875
0.41339427906951475844010701621300540864467620849609375
0.393298541510911980889630967794801108539104461669921875
0.350289589181002447570989488667692057788372039794921875
0.417362621940669031861403937000432051718235015869140625
0.4263809600315884296151125454343855381011962890625
0.32153092346460765416082949741394259035587310791015625
0.340673733998707317649490278199664317071437835693359375
0.313581252165755552940851202947669662535190582275390625
0.238928289260946169481059087047469802200794219970703125
0.26364791481519145310841167884063906967639923095703125
0.3497076412751447538340698883985169231891632080078125
0.374701535507046934458941223056172020733356475830078125
0.424877525106154452227968931765644811093807220458984375
0.3344308734412246852940597818815149366855621337890625
0.398624243200834615930006066264468245208263397216796875
0.312960625019776284005956767941825091838836669921875
0.442026449275723487541966960634454153478145599365234375
0.347909472119136531365057862785761244595050811767578125
0.4588121314030875197431669221259653568267822265625
0.39232336287906799388025547159486450254917144775390625
0.343043307932627106193734789485461078584194183349609375
0.393346545779211798077312778332270681858062744140625
0.37836495341920117763123698750860057771205902099609375
0.25185398643591394574059449951164424419403076171875
0.32458070589730991795107684083632193505764007568359375
0.452423506511864637058550897563691250979900360107421875
0.38892404692260107434975680007482878863811492919921875
0.42078822168828644567639685192261822521686553955078125
0.3941038653211308417922964508761651813983917236328125
0.329637864463663332603715616642148233950138092041015625
0.431670547792975034528950573076144792139530181884765625
0.317714154122117842238282037214958108961582183837890625
0.389831158980592729079717173590324819087982177734375
0.477893668479361044543196612721658311784267425537109375
0.473409148551950043071201434941031038761138916015625
0.317115995679184414779427925168420188128948211669921875
0.434902424159269884729184241223265416920185089111328125
0.360905153392409305812549291658797301352024078369140625
0.32386585651339816482874311986961401998996734619140625
0.444995877256338212557551514692022465169429779052734375
