7.819921016693115234375
9.3629245758056640625
10.27162456512451171875
7.282877445220947265625
9.187252044677734375
8.5066242218017578125
12.03110504150390625
8.6151523590087890625
8.6829833984375
9.7334232330322265625
10.566051483154296875
7.68398952484130859375
8.38431549072265625
11.4091854095458984375
7.427067279815673828125
9.74072265625
10.0825023651123046875
8.7591075897216796875
8.11566925048828125
8.19989299774169921875
7.306001186370849609375
8.50505542755126953125
7.97723865509033203125
7.63213348388671875
7.671892642974853515625
9.400836944580078125
8.7191925048828125
8.237743377685546875
10.519931793212890625
10.6975536346435546875
7.53278064727783203125
7.77353668212890625
8.4600238800048828125
7.113234043121337890625
9.2932949066162109375
7.65288066864013671875
8.151065826416015625
9.91268634796142578125
10.0788173675537109375
10.353748321533203125
10.48719024658203125
10.851253509521484375
9.07717990875244140625
8.9248981475830078125
10.1188488006591796875
8.6998348236083984375
8.839717864990234375
9.60211181640625
9.89320468902587890625
8.30236530303955078125
8.4215412139892578125
8.67834568023681640625
11.735355377197265625
10.0677928924560546875
9.08707427978515625
9.287994384765625
8.9390659332275390625
7.39456081390380859375
6.80486965179443359375
8.575534820556640625
8.9961833953857421875
11.215343475341796875
8.3543910980224609375
9.1687469482421875
8.9388141632080078125
8.881061553955078125
10.413021087646484375
8.45145702362060546875
6.099677562713623046875
8.79703426361083984375
8.13477325439453125
8.7566070556640625
9.7917995452880859375
10.1236095428466796875
9.7456340789794921875
8.85046482086181640625
8.498897552490234375
9.0369014739990234375
7.537265777587890625
8.625217437744140625
8.7492389678955078125
9.108028411865234375
8.67398834228515625
9.4513339996337890625
8.60768222808837890625
9.43030834197998046875
9.62978363037109375
8.4991626739501953125
8.15301609039306640625
10.0584354400634765625
8.41939258575439453125
9.7546405792236328125
11.95931243896484375
9.7475299835205078125
9.52773571014404296875
8.7155590057373046875
10.327449798583984375
7.882431507110595703125
10.734508514404296875
11.1734066009521484375
8.07555389404296875
10.0002765655517578125
9.60407257080078125
12.04965972900390625
11.0834636688232421875
9.2657032012939453125
10.44201755523681640625
7.802831172943115234375
7.2099933624267578125
8.651004791259765625
12.5789470672607421875
10.0714778900146484375
10.3705425262451171875
7.6851100921630859375
8.932491302490234375
11.85109710693359375
10.38895416259765625
7.39185333251953125
9.288234710693359375
9.246608734130859375
7.712886810302734375
9.7146091461181640625
8.31851959228515625
10.2300548553466796875
8.745525360107421875
7.29263019561767578125
8.17216777801513671875
9.54267120361328125
7.50336933135986328125
7.360459804534912109375
8.72564697265625
9.53926849365234375
9.3515644073486328125
8.69859981536865234375
9.238544464111328125
9.4320831298828125
9.380786895751953125
10.760997772216796875
9.86450958251953125
9.687374114990234375
11.39025115966796875
9.0585784912109375
7.40841579437255859375
8.78538608551025390625
8.636959075927734375
10.72019481658935546875
10.97151851654052734375
10.71099090576171875
9.185699462890625
9.30976200103759765625
10.4911327362060546875
