92.4149322509765625
95.40004730224609375
97.90634918212890625
103.53488922119140625
101.51535797119140625
95.64154052734375
113.77542877197265625
96.84104156494140625
106.84238433837890625
114.43364715576171875
104.09598541259765625
90.106292724609375
101.0793914794921875
109.57745361328125
113.8461456298828125
104.180633544921875
95.5601959228515625
83.86852264404296875
112.940582275390625
106.6101531982421875
99.11927032470703125
117.3056640625
115.60564422607421875
94.2688140869140625
112.7079315185546875
110.83022308349609375
94.6143341064453125
101.4591064453125
108.67502593994140625
110.09442138671875
100.16490936279296875
107.4190826416015625
102.6202239990234375
99.2863616943359375
100.6881256103515625
100.51706695556640625
98.99370574951171875
93.460662841796875
90.35955810546875
96.70674896240234375
103.92401885986328125
106.65506744384765625
102.60111236572265625
97.77555084228515625
100.64471435546875
100.415374755859375
106.520111083984375
93.16118621826171875
98.6705322265625
97.618804931640625
108.29125213623046875
102.7508697509765625
102.7966766357421875
112.07219696044921875
99.78052520751953125
93.8400115966796875
114.43161773681640625
101.6322021484375
98.4461822509765625
96.597259521484375
106.71294403076171875
106.0543212890625
106.5025482177734375
98.17281341552734375
100.49794769287109375
107.9870452880859375
106.17813873291015625
102.543365478515625
95.13552093505859375
106.75812530517578125
117.41851806640625
94.989227294921875
96.88694000244140625
100.98462677001953125
119.83133697509765625
94.12479400634765625
101.9704742431640625
106.99489593505859375
91.6138458251953125
102.19686126708984375
100.55994415283203125
107.954345703125
104.1732330322265625
104.36193084716796875
96.52686309814453125
92.71126556396484375
93.64293670654296875
107.25982666015625
101.51815032958984375
112.76586151123046875
100.65843963623046875
100.593048095703125
122.2989044189453125
107.49416351318359375
91.1998443603515625
109.408294677734375
111.6966400146484375
110.685150146484375
187.469207763671875
102.613800048828125
112.2467803955078125
115.6425323486328125
102.784271240234375
112.72980499267578125
110.21350860595703125
103.3304290771484375
114.01882171630859375
101.11394500732421875
110.32476806640625
95.25775909423828125
112.502593994140625
105.61000823974609375
97.90131378173828125
99.84871673583984375
109.41963958740234375
111.24193572998046875
100.430145263671875
94.75186920166015625
114.52172088623046875
88.76897430419921875
117.02759552001953125
104.44762420654296875
99.9776458740234375
101.51584625244140625
109.49907684326171875
106.88671112060546875
113.91681671142578125
88.42780303955078125
98.66060638427734375
98.5767974853515625
105.6901397705078125
100.77390289306640625
99.982147216796875
98.35748291015625
101.906768798828125
100.9102630615234375
102.3394775390625
107.56890106201171875
100.515411376953125
98.2972412109375
112.6214141845703125
100.9825592041015625
100.41683197021484375
109.45407867431640625
107.94481658935546875
102.92554473876953125
120.76513671875
108.94275665283203125
97.99561309814453125
109.23297119140625
107.61090087890625
