0.4585415181041108123594085554941557347774505615234375
0.35685635029238549353891585269593633711338043212890625
0.317429964354325522268851500484743155539035797119140625
0.474613181573895703824206293575116433203220367431640625
0.430520703340343313669791314168833196163177490234375
0.392535273454705124773767010992742143571376800537109375
0.4254306858000365121341701524215750396251678466796875
0.418510343986678801098122448820504359900951385498046875
0.40256461653172459502769697792246006429195404052734375
0.3803529878713864942341160713112913072109222412109375
0.40764006808903119338793885617633350193500518798828125
0.37622255089148370910123730936902575194835662841796875
0.47767481348506368732387272757478058338165283203125
0.453531544331160108018963228460052050650119781494140625
0.497163826829443988852830216274014674127101898193359375
0.374564210351388704456354616922908462584018707275390625
0.4633355752871943789017450399114750325679779052734375
0.39004067796201180584603207535110414028167724609375
0.40925973714432639649629663836094550788402557373046875
0.470796513566676011475209406853537075221538543701171875
0.328324359253354403076485823476104997098445892333984375
0.389990157135088388873356279873405583202838897705078125
0.394655730495403977986512700226739980280399322509765625
0.444468202031384873595953877156716771423816680908203125
0.53700144853300291192255144778755493462085723876953125
0.380496613654274173921265855824458412826061248779296875
0.385127501489786083777033809383283369243144989013671875
0.315439138855420797558082313116756267845630645751953125
0.389338280999071084664819863974116742610931396484375
0.289684182318850680371014050251687876880168914794921875
0.499819388704568989822973890113644301891326904296875
0.505754785841635357002132877823896706104278564453125
0.4256957786129154097665150402463041245937347412109375
0.411289338635220380613333190922276116907596588134765625
0.2513764072670146010324287999537773430347442626953125
0.454986393301625102747465234642731957137584686279296875
0.364588851437427197144103274695225991308689117431640625
0.443825051345713872397169552641571499407291412353515625
0.427124648918992988466669658009777776896953582763671875
0.405664916078328108284267727867700159549713134765625
0.4517108449508568934760432966868393123149871826171875
0.30547837566405622311549450387246906757354736328125
0.406066152519958312172576597731676883995532989501953125
0.343705251977422909792636573911295272409915924072265625
0.319916826017420607985997094147023744881153106689453125
0.394770299584355888189435290769324637949466705322265625
0.5090988790589767720717873089597560465335845947265625
0.434686016854444690071801460362621583044528961181640625
0.4460631501090250861096819789963774383068084716796875
0.423264769268854479378205724060535430908203125
0.468138993224964272688026767355040647089481353759765625
0.53831128344025780396719937925809063017368316650390625
0.412826884205784894188440148354857228696346282958984375
0.40369716229332441859156688224175013601779937744140625
0.50283175538585200836649846678483299911022186279296875
0.488039628265279412655530677511706016957759857177734375
0.50601577128572372554771163777331821620464324951171875
0.500976945919310079347042119479738175868988037109375
0.480878846763937384256593077225261367857456207275390625
0.272060665797708989277481350654852576553821563720703125
0.449635557829458909484543482903973199427127838134765625
0.311550909723242674953525011005694977939128875732421875
0.396230036615973502112098003635765053331851959228515625
0.459306835356364906441939410797203890979290008544921875
0.495238953921499192034616498858667910099029541015625
0.451149871334671714873110204280237667262554168701171875
0.4589422258685738054140301755978725850582122802734375
0.50854054980442475741853058934793807566165924072265625
0.406835677756913594027565750366193242371082305908203125
0.48930297648404630361795852877548895776271820068359375
0.504069184026499694795120376511476933956146240234375
0.38864702153021879471594957067281939089298248291015625
0.44112869627624917701069762188126333057880401611328125
0.487838521306755812378952441576984710991382598876953125
0.422111609751030403270277702176827006042003631591796875
0.426863922752963309559248727964586578309535980224609375
0.470469290198251177681498802485293708741664886474609375
0.38521523067450147426171724873711355030536651611328125
0.47475223052050929961609426754876039922237396240234375
0.3692274256745335936358287654002197086811065673828125
0.3810698764811715211209275366854853928089141845703125
0.338844562098981894049387619816116057336330413818359375
0.5256857433703101545319213983020745217800140380859375
0.41228898915564027305435956805013120174407958984375
0.303862305899703477596318634823546744883060455322265625
0.3663180214110344223854554002173244953155517578125
0.3947638571738469881466926381108351051807403564453125
0.38284041711402749808001999554107896983623504638671875
0.4029400161082588027738893288187682628631591796875
0.41197762695662187848455459970864467322826385498046875
0.4752513535727092008897898267605341970920562744140625
0.49399407120396399140105359037988819181919097900390625
0.369021428611013113663119611373986117541790008544921875
0.344952551327199874453555139552918262779712677001953125
0.3390363996470939778049569213180802762508392333984375
0.45731501441560451493018035762361250817775726318359375
0.37776769550489619486910441992222331464290618896484375
0.403767005424748914865773485871613956987857818603515625
0.000000000000000000052516042729766621022235995042137801647186279296875
0.408226957603329776436140718942624516785144805908203125
0.404683867526797580449482438780250959098339080810546875
0.417791041244993499592652597129927016794681549072265625
0.483216833347941909782008451657020486891269683837890625
0.3600573724901974248524538779747672379016876220703125
0.402683425803110395246875441443989984691143035888671875
0.39266305775220577967132840058184228837490081787109375
0.38295157423082659686741635596263222396373748779296875
0.367945728919181813676431147541734389960765838623046875
0.44294116071166589332364083020365796983242034912109375
0.433581407027796184028289872003369964659214019775390625
0.318387540227370091638903204511734656989574432373046875
0.335999295466974212676092292895191349089145660400390625
0.36304743406258899174332555048749782145023345947265625
0.4452511906604474933857318319496698677539825439453125
0.46554243290883590145057269182871095836162567138671875
0.41999449119938370156290829982026480138301849365234375
0.38219336645156187781680046100518666207790374755859375
0.46339600602147179575496238612686283886432647705078125
0.295172513239927603034828962336177937686443328857421875
0.32227356967659648301349761823075823485851287841796875
0.433847591448222325016814693299238570034503936767578125
0.367211379166047791056115556784789077937602996826171875
0.3977418743936584899500985557097010314464569091796875
0.487526028707720104904410618473775684833526611328125
0.381181536803417986281061757836141623556613922119140625
0.43409583929519879319514075177721679210662841796875
0.377392829759201908768062594390357844531536102294921875
0.452483042229367693476405065666767768561840057373046875
0.35892431481559661232694224963779561221599578857421875
0.50053293861772474304672186917741782963275909423828125
0.450114907760092275434971043068799190223217010498046875
0.32048593622578092077191058706375770270824432373046875
0.4268595048833023763990013321745209395885467529296875
0.464942175704681603942702849963097833096981048583984375
0.323966126126207509816623542064917273819446563720703125
0.42100347208292010492414192412979900836944580078125
0.477336613682183996676400283831753768026828765869140625
0.28578175790149817903085249781724996864795684814453125
0.4903028901178638765401274213218130171298980712890625
0.413587635101486383870650342942099086940288543701171875
0.342824960644852072544352949989843182265758514404296875
0.471842096909470487542392902469146065413951873779296875
0.387454385739778695008084241635515354573726654052734375
0.48273798646295229541891558255883865058422088623046875
0.488866528110518616667690139365731738507747650146484375
0.429664574068359395031535541420453228056430816650390625
0.401517338919964383858740575306001119315624237060546875
0.458599686431431508015776898901094682514667510986328125
0.43267481916980299327946113407961092889308929443359375
0.38824249840508329167931833580951206386089324951171875
0.443852996243878916704517223479342646896839141845703125
