1390.51806640625
1242.996826171875
954.87847900390625
1539.79296875
1377.5245361328125
1344.3057861328125
1079.3916015625
1399.8212890625
1037.5872802734375
1139.932373046875
1037.72509765625
1755.7664794921875
1235.333984375
1073.3392333984375
1324.86669921875
1194.4105224609375
840.884033203125
1124.2720947265625
1440.500244140625
1279.3704833984375
1483.9981689453125
948.26123046875
1371.1064453125
1199.9937744140625
1271.607666015625
927.5611572265625
1298.236572265625
860.73114013671875
1074.041015625
1102.8983154296875
1599.6468505859375
1304.920166015625
1391.4232177734375
1441.7427978515625
874.52777099609375
1509.2247314453125
1264.2310791015625
1261.881103515625
936.9693603515625
1172.903076171875
1055.8858642578125
1171.8851318359375
1014.802490234375
951.8277587890625
960.7166748046875
897.756103515625
1409.63525390625
1095.6083984375
1137.1136474609375
1274.829345703125
1150.3370361328125
1666.5235595703125
1164.501708984375
1262.3931884765625
1520.895751953125
982.3406982421875
1479.2117919921875
1356.0540771484375
1705.5556640625
1024.9407958984375
1540.8702392578125
1205.9169921875
1139.7803955078125
1494.8458251953125
1454.3590087890625
1281.9317626953125
1416.0587158203125
1461.2449951171875
2072.487548828125
1179.59375
1353.4410400390625
1123.93896484375
907.01275634765625
1622.8123779296875
1188.114501953125
1812.53759765625
1203.6357421875
1139.74609375
1731.6876220703125
1324.3631591796875
958.66009521484375
960.814697265625
1462.78564453125
991.007080078125
1237.6151123046875
1441.9051513671875
1252.416015625
1202.91455078125
863.4925537109375
987.9688720703125
1581.834716796875
1203.5986328125
824.67718505859375
1087.3111572265625
937.9796142578125
1407.8631591796875
1339.7713623046875
1106.6602783203125
1591.23486328125
1019.64569091796875
1220.8809814453125
1073.9625244140625
1315.611572265625
1005.0167236328125
1055.1094970703125
1375.565673828125
879.64300537109375
1457.9859619140625
1576.504150390625
1462.0804443359375
856.9283447265625
971.15863037109375
925.9873046875
1337.734375
1462.2086181640625
914.904296875
1272.309814453125
1376.639404296875
1192.8800048828125
1116.1451416015625
1626.2005615234375
1288.275390625
1160.3043212890625
1143.6357421875
1077.422119140625
1503.1610107421875
1415.457275390625
1549.3348388671875
1447.17919921875
1556.4105224609375
1051.14794921875
959.17230224609375
1103.177001953125
1236.1552734375
1081.7286376953125
1335.218994140625
1249.4029541015625
724.86883544921875
1306.4041748046875
977.9013671875
1195.0115966796875
1009.03009033203125
1223.886474609375
1306.2530517578125
1171.6719970703125
974.98486328125
1237.6304931640625
1060.377197265625
1664.8369140625
1229.2713623046875
1297.310791015625
