-9.649437311768092939701091381721198558807373046875
-9.1261770698223561026907191262580454349517822265625
-9.4209757739944439691726074670441448688507080078125
-9.8377505673412510844855205505155026912689208984375
-9.243869401885124403861482278443872928619384765625
-9.0403053087905167473081746720708906650543212890625
-9.6727657993628799459884248790331184864044189453125
-9.32600699182961534461355768144130706787109375
-9.275719619457277076435275375843048095703125
-9.890902279463571034057167707942426204681396484375
-9.331061906673486561203390010632574558258056640625
-9.304533110965909514789018430747091770172119140625
-9.3050956031716935967779136262834072113037109375
-9.4491195800081495548283783136866986751556396484375
-9.193320160334526036649549496360123157501220703125
-9.3866195543284991487098523066379129886627197265625
-9.1848377931385751793413874111138284206390380859375
-8.978007657073771241584836388938128948211669921875
-9.227142573139172299079291406087577342987060546875
-9.12551741392339721414828090928494930267333984375
-9.3690703321648935997245644102804362773895263671875
-9.9274318346650805011677221045829355716705322265625
-8.9743739647976088491532209445722401142120361328125
-9.376545828661679848892163136042654514312744140625
-10.0465561171794259820444494835101068019866943359375
-9.3015318241723008441113051958382129669189453125
-8.806225104646298262878190143965184688568115234375
-8.398576964494072427669379976578056812286376953125
-8.937949430328298916492713033221662044525146484375
-8.80661922915133033029633224941790103912353515625
-9.526614426225133769321473664604127407073974609375
-9.827931558926582766844148864038288593292236328125
-9.4184218367585526010543617303483188152313232421875
-9.1426036625254027967457659542560577392578125
-8.60834012428536965444436646066606044769287109375
-9.402417422170341154696870944462716579437255859375
-9.4586019477179519299170351587235927581787109375
-9.2202067561723044519794711959548294544219970703125
-8.9422769438536562347508152015507221221923828125
-9.096732038496515571068812278099358081817626953125
-9.62666111066766205794920097105205059051513671875
-8.9969601513761023880988432210870087146759033203125
-9.4643385660677576964872059761546552181243896484375
-9.44955289527968744778263499028980731964111328125
-9.6313622016274820225589792244136333465576171875
-9.099973545308120748131841537542641162872314453125
-9.00398594657047368627900141291320323944091796875
-8.8545684936283830523962024017237126827239990234375
-9.1176021699596727643211124814115464687347412109375
-9.317973300803618741383615997619926929473876953125
-8.957528882769846489964038482867181301116943359375
-9.5972733342168368153579649515450000762939453125
-9.37205446593526403376017697155475616455078125
-8.981621893888313223897057469002902507781982421875
-9.3238841625559505388309844420291483402252197265625
-8.9415239923314810965848664636723697185516357421875
-9.1033755060682270965344287105835974216461181640625
-9.6471809915985051731013300013728439807891845703125
-9.28448040473140423500808537937700748443603515625
-9.441304576447432594932251959107816219329833984375
-9.0939277890367833379059447906911373138427734375
-9.348861952586506873785765492357313632965087890625
-9.09414434110220071261210250668227672576904296875
-8.80178998617497398981868172995746135711669921875
-9.33900314951444698863269877620041370391845703125
-9.209927347015163690002736984752118587493896484375
-8.796887488743418970216225716285407543182373046875
-9.6428549085671892981963537749834358692169189453125
-9.147430299291603006395234842784702777862548828125
-9.403606388562881335246856906451284885406494140625
-9.4712553298999200279695287463255226612091064453125
-9.165752464328221549294539727270603179931640625
-9.0997165888549798040685345767997205257415771484375
-9.623971475256357877015034318901598453521728515625
-8.5433197084396628184777000569738447666168212890625
-9.1775894682286587311637049424462020397186279296875
-9.398818111678156839161601965315639972686767578125
-8.379747568747216490692153456620872020721435546875
-9.002292578268537681651650927960872650146484375
-9.0105527672516387838186346925795078277587890625
-8.98973850968281595896769431419670581817626953125
-9.0917629536108588439446975826285779476165771484375
-9.6297054372461712290487412246875464916229248046875
-9.713621787142841412787674926221370697021484375
-8.82982876163805485703051090240478515625
-10.318915638709373894243981339968740940093994140625
-8.48618569630287566951665212400257587432861328125
-9.0599930116351430342547246254980564117431640625
-8.9358776697428883295515333884395658969879150390625
-9.536627169471469045447520329616963863372802734375
-9.235614076579707898417836986482143402099609375
-9.98624352013712979214687948115170001983642578125
-8.656547045663412376370615675114095211029052734375
-9.048365064410152314167135045863687992095947265625
-9.152945830205620580954928300343453884124755859375
-9.1951109741292356147823738865554332733154296875
-9.0797383803713689331971181672997772693634033203125
-8.6883408013560465832370027783326804637908935546875
-7.13879853053825996767045580781996250152587890625
-9.6245023973962844365814817138016223907470703125
-8.9572352061218953878096726839430630207061767578125
-8.910130735557554970682758721522986888885498046875
-9.9980003082859401075666028191335499286651611328125
-9.233856717008809056324025732465088367462158203125
-9.33533258590858849856886081397533416748046875
-8.48530422545763229891235823743045330047607421875
-8.0525921056483156235117348842322826385498046875
-8.795735030018942524066005717031657695770263671875
-8.973418975953816101309712394140660762786865234375
-8.710929413776955954062941600568592548370361328125
-8.920125478325861223538595368154346942901611328125
-8.6664492472247189880363293923437595367431640625
-9.042298352796816374166155583225190639495849609375
-8.9719165414314119288974325172603130340576171875
-9.5472974485099602048876477056182920932769775390625
-9.297642152858980324481308343820273876190185546875
-9.2786066345647899566984051489271223545074462890625
-8.4190312055386460343697763164527714252471923828125
-8.6076863472161022627915372140705585479736328125
-8.868454283851743724653715617023408412933349609375
-9.2278288388277704967777026467956602573394775390625
-8.6776536518306972567415868979878723621368408203125
-9.3680266968062113619453157298266887664794921875
-9.366698688174000864137269672937691211700439453125
-9.07830635045933576066090608946979045867919921875
-9.324900215448241880267232772894203662872314453125
-9.562885548492022991240446572192013263702392578125
-9.4089805388779268469079397618770599365234375
-8.222278756738592875308313523419201374053955078125
-9.4477709296816936301866007852368056774139404296875
-9.533179053001237690523339551873505115509033203125
-9.17195556846173332132821087725460529327392578125
-9.5666800513719874032858569989912211894989013671875
-8.6320347640849064418944180943071842193603515625
-8.69348490959026065638681757263839244842529296875
-9.780927377939889311164733953773975372314453125
-8.8813270629512288678597542457282543182373046875
-9.158710307018271379320140113122761249542236328125
-9.962295717734203748250365606509149074554443359375
-9.356131496704445993373155943118035793304443359375
-9.2561962000843411857431419775821268558502197265625
-9.74046208433907168000587262213230133056640625
-8.3537761303542747981509819510392844676971435546875
-9.50685279179737108279368840157985687255859375
-9.0396737027111360163189601735211908817291259765625
-9.2001420690964277326884257490746676921844482421875
-9.015108243111672692293723230250179767608642578125
-9.595986997128097328868534532375633716583251953125
-8.6811028398451952625691774301230907440185546875
-8.993901520518019054861724725924432277679443359375
-9.0222101795412896763082244433462619781494140625
