4.31993816018104581644365680404007434844970703125
4.970778908729553080547702847979962825775146484375
2.874889637827873212216900355997495353221893310546875
2.811278656721114987959708741982467472553253173828125
3.419162790775299054502056605997495353221893310546875
2.530577819347381574033306605997495353221893310546875
2.268764868974685544600333741982467472553253173828125
1.9031498104333877119387352649937383830547332763671875
3.72912139892578142763568394002504646778106689453125
1.6924626559019089189206397350062616169452667236328125
5.16517383098602334001725466805510222911834716796875
3.038408089876174944521380894002504646778106689453125
2.6169110292196275935339144780300557613372802734375
3.074745740890502787578952847979962825775146484375
4.85137478232383756449053180404007434844970703125
3.8067352378368379817175082280300557613372802734375
6.65771683812141379377180783194489777088165283203125
3.5727135670185088400785389239899814128875732421875
3.597723028063774197704560720012523233890533447265625
2.42478496313095082115296463598497211933135986328125
5.63544260025024446036923109204508364200592041015625
3.701857873797416598193876779987476766109466552734375
6.2830757665634155983980235760100185871124267578125
6.2479980123043059592191639239899814128875732421875
3.29642141163349133847759730997495353221893310546875
4.727559801340103007305515347979962825775146484375
2.04386255800724025988301946199499070644378662109375
2.385257059335708529346220529987476766109466552734375
3.266150884628296058309615546022541821002960205078125
4.12091184854507464052630894002504646778106689453125
3.769769527316093604696334296022541821002960205078125
1.6799920511245727272608974089962430298328399658203125
3.905070468187332277665291258017532527446746826171875
5.77572361469268802380838678800500929355621337890625
3.121343491077423148993830182007513940334320068359375
4.0516824555397032980863514239899814128875732421875
4.035476793050765564885296043939888477325439453125
4.0118619143962863660135553800500929355621337890625
3.926412203907966524951689279987476766109466552734375
2.24319789648056033826151178800500929355621337890625
4.84702172160148592183759319595992565155029296875
4.3105662226676937365255071199499070644378662109375
4.8148968088626862282808360760100185871124267578125
2.824295678734779269092314279987476766109466552734375
3.29197784423828121447286321199499070644378662109375
4.60987932205200223734209430404007434844970703125
3.34666851460933667539165980997495353221893310546875
5.277380238771439024958453956060111522674560546875
3.69972991466522227455016036401502788066864013671875
5.25039934396743745992353069595992565155029296875
1.9300047063827514559619658029987476766109466552734375
2.885302718877792216289890347979962825775146484375
5.57069491863250743080016036401502788066864013671875
7.68232076644897432515790569595992565155029296875
4.67811241030693025777509319595992565155029296875
2.04534764111042033363219161401502788066864013671875
2.515975176095962329014810165972448885440826416015625
1.76043502718210209678773026098497211933135986328125
6.50310397863388089945146930404007434844970703125
2.279586880207061572178872665972448885440826416015625
2.112750930190086418036798932007513940334320068359375
3.4766750466823577170316639239899814128875732421875
4.14778447985649112439432428800500929355621337890625
2.424357115030288500889810165972448885440826416015625
5.255118165016174458514797152020037174224853515625
2.7934419977664948220308360760100185871124267578125
4.7711912333965305066385553800500929355621337890625
4.892680082321167134296047152020037174224853515625
4.0667705070972441916410389239899814128875732421875
1.82256804317235943102559758699499070644378662109375
1.7950760915875434431399071399937383830547332763671875
1.777443480193614977480365269002504646778106689453125
9.4787091255187991833963678800500929355621337890625
1.959889204800128847949736154987476766109466552734375
4.30420949935913110806495751603506505489349365234375
3.079057093262672406552837855997495353221893310546875
3.64681839287281039929666803800500929355621337890625
5.933117743730544901836765347979962825775146484375
3.30859379172325152040912144002504646778106689453125
3.901633967161178606630755894002504646778106689453125
2.377960145473480224609375
3.7932716739177703146879139239899814128875732421875
3.46780496358871470619078536401502788066864013671875
2.617245180010795646552423932007513940334320068359375
9.0667348051071172676529386080801486968994140625
1.2772848519682884482762119660037569701671600341796875
2.478731034994125170811685165972448885440826416015625
2.1093914210796356201171875
4.73476652145385745740213678800500929355621337890625
4.10653778672218283674055783194489777088165283203125
3.3525318259000780329870394780300557613372802734375
6.46163725137710542867353069595992565155029296875
2.69672073125839251162005894002504646778106689453125
4.7807114553451537375394764239899814128875732421875
2.63158096849918354820374588598497211933135986328125
1.6993010771274565939847889239899814128875732421875
4.521648000478744933161578956060111522674560546875
7.85378586769104014564391036401502788066864013671875
6.5205241870880126242582264239899814128875732421875
3.0718205255270003561918201739899814128875732421875
2.34469350337982174181661321199499070644378662109375
3.921795637607574658289877334027551114559173583984375
3.232737771868705589639603203977458178997039794921875
2.30584339320659648109312911401502788066864013671875
2.187471210360527162919197508017532527446746826171875
8.75028801679611234476396930404007434844970703125
5.77142262697219887712662966805510222911834716796875
7.615516353845595887150921043939888477325439453125
4.69576836347579984476396930404007434844970703125
5.91184207320213328529234786401502788066864013671875
3.741408054232597368837787144002504646778106689453125
3.901876660585403389092107317992486059665679931640625
6.0167061150074001574239446199499070644378662109375
5.085091452598572203669391456060111522674560546875
3.128144354224204892744864991982467472553253173828125
4.563484777212142518010296043939888477325439453125
2.668298207521438758504928046022541821002960205078125
2.7268940114974977717565707280300557613372802734375
2.60285302340984348035135553800500929355621337890625
2.204553545713424878016439834027551114559173583984375
2.3682387638092041726167735760100185871124267578125
5.64480337738990822771256716805510222911834716796875
3.310885736346244723193876779987476766109466552734375
3.428832206726074360858547152020037174224853515625
8.2000507211685178532434292719699442386627197265625
3.973264183998107768047702847979962825775146484375
4.61217708587646502138568394002504646778106689453125
5.50474421739578279044735609204508364200592041015625
4.74636245012283364275162966805510222911834716796875
2.7756313925981519474817105219699442386627197265625
3.07667462825775128720806605997495353221893310546875
3.38202382326126116396380894002504646778106689453125
1.29340342521667484021463678800500929355621337890625
3.5016123449802396550012417719699442386627197265625
2.81774384260177601646546463598497211933135986328125
3.102629177570343177450240546022541821002960205078125
3.213374473452568214071334296022541821002960205078125
4.69556250691413890052672286401502788066864013671875
2.34066616296768170712994105997495353221893310546875
9.5331345748901359371529906638897955417633056640625
2.26143100380897532630797286401502788066864013671875
3.90348281443119038414124588598497211933135986328125
7.99312169075012235452959430404007434844970703125
3.181599618196487622157064834027551114559173583984375
8.76434948205947961241690791212022304534912109375
3.33737690091133121228494928800500929355621337890625
5.733159523010254332575641456060111522674560546875
8.8711243367195127262903042719699442386627197265625
4.85180731058120695564639390795491635799407958984375
3.461145600676536648876435720012523233890533447265625
5.272686164379120299372516456060111522674560546875
