-1.2543254232406615411576922269887290894985198974609375
-1.0098720669746399369870459850062616169452667236328125
-1.383419471383094734306951067992486059665679931640625
-1.1206348800659180486860577730112709105014801025390625
-1.062457035779952985166119105997495353221893310546875
-0.7048332488536834805614716970012523233890533447265625
-1.1399278414249420787740518790087662637233734130859375
-1.0645005142688750421342547269887290894985198974609375
-0.82812051832675936946515093950438313186168670654296875
-0.98115723967552181949969281049561686813831329345703125
-1.1298509693145752930121261670137755572795867919921875
-0.95746254682540887781527771949185989797115325927734375
-1.08822623372077931236390213598497211933135986328125
-1.1007471978664398193359375
-1.1869944769144058493992588410037569701671600341796875
-1.13866141915321339439515213598497211933135986328125
-1.28229161441326144910135553800500929355621337890625
-0.82554253458976745161379540149937383830547332763671875
-0.899354007542133349062396519002504646778106689453125
-0.9559892329573631553074619660037569701671600341796875
-1.0952742540836333251519363329862244427204132080078125
-0.99417126774787900611585200749686919152736663818359375
-0.96518774271011353871330129550187848508358001708984375
-0.97674562394618991145733843950438313186168670654296875
-1.23582630336284626793030838598497211933135986328125
-1.043351258635520917295025355997495353221893310546875
-1.1374676007032393787454793709912337362766265869140625
-1.2591388237476348610499599089962430298328399658203125
-1.2580388051271438332179286589962430298328399658203125
-1.2894122314453124733546474089962430298328399658203125
-0.871356390416622161865234375
-1.03952730536460880017557428800500929355621337890625
-1.00637769430875767540101151098497211933135986328125
-1.035474749803543037529607317992486059665679931640625
-0.97895759820938110795651709850062616169452667236328125
-1.1381576430797577526021768790087662637233734130859375
-0.871394630074501019834087855997495353221893310546875
-1.1964522606134415649847824170137755572795867919921875
-1.0212571740150451216067040149937383830547332763671875
-0.95152612686157223009786321199499070644378662109375
-1.103526002168655484325654470012523233890533447265625
-1.0402152127027510797319109769887290894985198974609375
-0.94656953811645505592053950749686919152736663818359375
-1.0076131740212439513726394579862244427204132080078125
-1.283233070373535067432158029987476766109466552734375
-1.045998837351798993466900355997495353221893310546875
-1.124377218484878593329767682007513940334320068359375
-1.5894959688186645063723290149937383830547332763671875
-0.94685234695672992888404451150563545525074005126953125
-1.058805206418037325732939279987476766109466552734375
-1.1177095735073090398969952730112709105014801025390625
-1.0482891929149626975004139239899814128875732421875
-1.1436583989858626342339675829862244427204132080078125
-1.2855387741327286565962140230112709105014801025390625
-1.092264998257160169004009730997495353221893310546875
-1.11818199515342708849630071199499070644378662109375
-1.1364376115798950905855235760100185871124267578125
-1.2986229526996613259370860760100185871124267578125
-1.0524457275867462602292334850062616169452667236328125
-0.99847628653049469438229834850062616169452667236328125
-1.24718428134918202232483963598497211933135986328125
-1.304664671421051025390625
-0.89149719119071957340594281049561686813831329345703125
-1.0596645617485045409722488329862244427204132080078125
-1.077597522735595614307158029987476766109466552734375
-0.80195674985647202870353567050187848508358001708984375
-1.351603712439537030576275355997495353221893310546875
-1.121919531822204607607318394002504646778106689453125
-0.87116296201944354304913531450438313186168670654296875
-0.9733255711197852377836170489899814128875732421875
-1.214262044429779141552216970012523233890533447265625
-1.0879765713214875066938702730112709105014801025390625
-1.4943955528736114768406650910037569701671600341796875
-1.1814966255426406771533720529987476766109466552734375
-1.08440139412879954505797286401502788066864013671875
-0.9215500342845917014500400910037569701671600341796875
-1.1455622446537017111722889239899814128875732421875
-1.1638037335872650768209268790087662637233734130859375
-1.01030928373336781334046463598497211933135986328125
-1.085148513317108154296875
-0.87710477262735364600843013249686919152736663818359375
-1.0406337302923203136373331290087662637233734130859375
-1.0498138421773910433643095529987476766109466552734375
-0.925026464760303479550884730997495353221893310546875
-0.91246258974075311609652771949185989797115325927734375
-0.8694235107302665799267060720012523233890533447265625
-0.79307523846626282182370459850062616169452667236328125
-1.035834636688232279766452847979962825775146484375
-1.065894899368286186103205182007513940334320068359375
-1.0467941892147063498441639239899814128875732421875
-1.0902994823455809392243054389837197959423065185546875
-1.2202180999517440174173543709912337362766265869140625
-1.1888309216499328702099091970012523233890533447265625
-0.95681990027427676892557428800500929355621337890625
-1.2144294518232345847508213410037569701671600341796875
-0.894737850427627545712994105997495353221893310546875
-1.095717066526412875049345529987476766109466552734375
-0.90515326797962181171186557548935525119304656982421875
-0.5715789806842803688624599089962430298328399658203125
-0.94861826270818705442167129149311222136020660400390625
-1.1126398921012878862057959850062616169452667236328125
-1.2354720962047576193754139239899814128875732421875
-0.8592550635337830033932959850062616169452667236328125
-0.9575448438525200334225928600062616169452667236328125
-1.0158118164539338135199386670137755572795867919921875
-1.2174465042352675681058826739899814128875732421875
-1.4243103253841400412937900910037569701671600341796875
-1.1808409535884856200738113329862244427204132080078125
-1.07376184225082393908223821199499070644378662109375
-1.1236278152465819513139422269887290894985198974609375
-0.89487893939018248179451120449812151491641998291015625
-1.1792839503288268243608172269887290894985198974609375
-0.84737528920173643687263620449812151491641998291015625
-0.92940359830856322798098290149937383830547332763671875
-0.84621136367321014848386084850062616169452667236328125
-0.997546848356723803163959019002504646778106689453125
-1.176427323818206804872943394002504646778106689453125
-1.233436229228973335381169817992486059665679931640625
-1.202673633098602312685443394002504646778106689453125
-0.9719302162528038468991553600062616169452667236328125
-1.0362915229797362570707264239899814128875732421875
-1.2636126184463500887744658029987476766109466552734375
-1.1298282027244568315182959850062616169452667236328125
-1.1278634721040725619189970529987476766109466552734375
-1.1113118547201157326753673260100185871124267578125
-0.866933102309703773613591692992486059665679931640625
-0.97240482449531551178978361349436454474925994873046875
-0.868748936355113965390728480997495353221893310546875
-0.98623500287532805952395165149937383830547332763671875
-1.111947619915008456104033029987476766109466552734375
-1.082826446890830851543796597979962825775146484375
-0.88064662754535671940203656049561686813831329345703125
-1.1729916048049926491358974089962430298328399658203125
-1.038987377285957247607939279987476766109466552734375
-1.008117845654487698681123220012523233890533447265625
-0.98802307009696954676059021949185989797115325927734375
-0.8633887523412704378955595529987476766109466552734375
-1.22733390986919399523458196199499070644378662109375
-1.0982130175828934692816574170137755572795867919921875
-1.3829818654060364035984775910037569701671600341796875
-1.2053906202316284623776709850062616169452667236328125
-1.0686918812990189309175548260100185871124267578125
-0.8893035587668418617823817839962430298328399658203125
-0.8076846140623092917820713410037569701671600341796875
-1.0732222783565521506687900910037569701671600341796875
-1.101319174766540509580181605997495353221893310546875
-1.3101267975568771095851161589962430298328399658203125
-1.4431899178028106955906650910037569701671600341796875
-1.1419076776504517578558761670137755572795867919921875
-1.116332609653472918154193394002504646778106689453125
-0.93089611053466791990018691649311222136020660400390625
