0.334845309081028774667032621437101624906063079833984375
0.274267830297647730031229684755089692771434783935546875
0.2427328386701874674002965548424981534481048583984375
0.313110026589404955021933574244030751287937164306640625
0.304520270619251964827611800501472316682338714599609375
0.280254243735114816349351940516498871147632598876953125
0.29710870064631145215372498569195158779621124267578125
0.267585210558746566800181199141661636531352996826171875
0.283809599887041519306052350657409988343715667724609375
0.293923408709916511583060128032229840755462646484375
0.30945424512402264216603953173034824430942535400390625
0.253169874756828006123754448708496056497097015380859375
0.347782860544604777164323650140431709587574005126953125
0.3381912634152886010241445546853356063365936279296875
0.370291603519652234854930838992004282772541046142578125
0.255151491235257321665841345748049207031726837158203125
0.34610432711435945574152128756395541131496429443359375
0.32011904568435911588863973520346917212009429931640625
0.281152683634463718131968335001147352159023284912109375
0.335672193965429521700372106352006085216999053955078125
0.263726809970172781927288951919763348996639251708984375
0.275213875984916034322935729505843482911586761474609375
0.282692900077934961000636349126580171287059783935546875
0.342472966243948795384000050034956075251102447509765625
0.390682083483163744563881891735945828258991241455078125
0.2697812903957161889678673105663619935512542724609375
0.2409534324168316199443751202124985866248607635498046875
0.241954626124113669760617995052598416805267333984375
0.30872642067823452549646390252746641635894775390625
0.2064718352240334231506579953929758630692958831787109375
0.3297595266337935981937334872782230377197265625
0.36425760751933922154677247817744500935077667236328125
0.3332923310782931469731238394160754978656768798828125
0.295079667816962987192397349645034410059452056884765625
0.17797583547332063158563641991349868476390838623046875
0.328129961695944161181870413201977498829364776611328125
0.25990676978415605535843724283040501177310943603515625
0.31556767378365047083121908144676126539707183837890625
0.298113675470009498180701257297187112271785736083984375
0.280836148106715699501734206933178938925266265869140625
0.3518598968531405635218334282399155199527740478515625
0.2447264740443758357368864153613685630261898040771484375
0.3134155177529824864990359856165014207363128662109375
0.23648150662023914581055805683718062937259674072265625
0.263995079370639762483818913096911273896694183349609375
0.301084454342205543042609861004166305065155029296875
0.324750424019676076081708515630452893674373626708984375
0.34732225322127441291542027101968415081501007080078125
0.353740410483334322133686100642080418765544891357421875
0.290574362009561160125059586789575405418872833251953125
0.337251179315440463568620543810538947582244873046875
0.3571471103426322457607966498471796512603759765625
0.305904763430991266659475513733923435211181640625
0.2743344692604428036730723761138506233692169189453125
0.364273955439399388378518551689921878278255462646484375
0.3816682697976936378125856208498589694499969482421875
0.359052934146904034751202061670483089983463287353515625
0.357901035791325317081401635732618160545825958251953125
0.35249966899826434829634536072262562811374664306640625
0.1796779690740404333837432204745709896087646484375
0.303421974269704908255818054385599680244922637939453125
0.2209022082461844227463387824172968976199626922607421875
0.260480653227433245344712986479862593114376068115234375
0.342240316028102731227278354708687402307987213134765625
0.36018369050931331454279415993369184434413909912109375
0.3016298646844235431530023561208508908748626708984375
0.33182078873766396309719084456446580588817596435546875
0.342587611473051223409669319153181277215480804443359375
0.265257058280090773916271018606494180858135223388671875
0.338976796879201069945253266268991865217685699462890625
0.365872757742354337562318278287420980632305145263671875
0.291948988841746359668150034849531948566436767578125
0.33897882624882991198234094554209150373935699462890625
0.347077408989010349760206963765085674822330474853515625
0.275134776211569398451928236681851558387279510498046875
0.286530663749405334339570572410593740642070770263671875
0.322421281992976815899965004064142704010009765625
0.26855623645356219153512711272924207150936126708984375
0.32818160027166498604600519684026949107646942138671875
0.250469636545424145790406100786640308797359466552734375
0.277942096177092257125451624233392067253589630126953125
0.2540600054635131499480849015526473522186279296875
0.35476334701590472864296543775708414614200592041015625
0.28044091848521801590976565421442501246929168701171875
0.23780692552075521906118638071347959339618682861328125
0.281928077204032179192694229641347192227840423583984375
0.29522072786266118082920684173586778342723846435546875
0.2529607188719682486777173835434950888156890869140625
0.311310419652453429506522297742776572704315185546875
0.309984407832648523051233269143267534673213958740234375
0.311044155548844514225237389837275259196758270263671875
0.391789633145473825681648349927854724228382110595703125
0.251283766665700236675462519997381605207920074462890625
0.267736313490409216786503066032310016453266143798828125
0.2452258181797654923439466756462934426963329315185546875
0.279772684270215232782419434442999772727489471435546875
0.2466544952354683406525737154879607260227203369140625
0.281686582368797899800227924060891382396221160888671875
0.000000000000000000054357375351974901248483510793804023372946969112654513021920532622743849060498178005218505859375
0.325373056293806250938160928853903897106647491455078125
0.24857970321305089544949851187993772327899932861328125
0.2878428766716343289999713306315243244171142578125
0.3675397951087735481934259951231069862842559814453125
0.2632803908651373259175443308777175843715667724609375
0.2650652645899971293630414947983808815479278564453125
0.271501787101932123835723587035317905247211456298828125
0.260095914629617841473674388907966203987598419189453125
0.265422663692477189822938044017064385116100311279296875
0.271247827721493084407455853579449467360973358154296875
0.310751827930904112040622067070216871798038482666015625
0.24214690001041561107086863557924516499042510986328125
0.270838420795039613864219063543714582920074462890625
0.27535300023125908186472088345908559858798980712890625
0.3411557010294512526371590865892358124256134033203125
0.3197387796920647673459825455211102962493896484375
0.322199704734763503477523727269726805388927459716796875
0.2868992672927588305498147747130133211612701416015625
0.322694266542395247210350817113067023456096649169921875
0.1782084381003838924328874782077036798000335693359375
0.253169057287395526945061874357634223997592926025390625
0.270490129430216497130601283060968853533267974853515625
0.241280320267690251423431391231133602559566497802734375
0.277307387930560034217108977827592752873897552490234375
0.352488881484591176640464027514099143445491790771484375
0.2745087704331439226734801195561885833740234375
0.2819423380441161697262941743247210979461669921875
0.264787117137059435645340954579296521842479705810546875
0.3556754904331593802879751820000819861888885498046875
0.2819370794487057185762068911571986973285675048828125
0.362019119074862505414102997747249901294708251953125
0.333020551627342620282234975093160755932331085205078125
0.254240236754202320046402974185184575617313385009765625
0.310115466751852031368485995699302293360233306884765625
0.340576246998058496107120163287618197500705718994140625
0.20524393727475043203156701565603725612163543701171875
0.303693183378408060324460393530898727476596832275390625
0.34239854935477220809758591713034547865390777587890625
0.2360870021650895711484707817362505011260509490966796875
0.32106959356411934880526359847863204777240753173828125
0.331546610400891561543090801933431066572666168212890625
0.2357412639185824942966718253956059925258159637451171875
0.332403101069845607895558714517392218112945556640625
0.247485127991193876173525723061175085604190826416015625
0.33517469223596163541145642739138565957546234130859375
0.348827300156415887055771918312530033290386199951171875
0.336350122134847551169656298952759243547916412353515625
0.2554442463485526726429952759644947946071624755859375
0.34192010742026412994931661160080693662166595458984375
0.28535735924582905642665764389676041901111602783203125
0.255632627606657170105108889401890337467193603515625
0.30378132949897185266507904088939540088176727294921875
