0.71503247761347898947548173964605666697025299072265625
0.8039892881609542740761753520928323268890380859375
0.7228470809817368891714295386918820440769195556640625
0.808101810921681984467568327090702950954437255859375
0.74933903047293437538201033021323382854461669921875
0.77563436477857694573145863614627160131931304931640625
0.831596869743788769113734815618954598903656005859375
0.82599205376822515400903057525283657014369964599609375
0.7774431391477196751083056369679979979991912841796875
0.79424349846787489770605361627531237900257110595703125
0.8092859704311710089541520574130117893218994140625
0.7192791848534716425689339303062297403812408447265625
0.777249976686017252092142371111549437046051025390625
0.82560728477492506538482075484353117644786834716796875
0.8090186485531518645331061634351499378681182861328125
0.80392246495397745587041526960092596709728240966796875
0.7943220094716618717711753561161458492279052734375
0.716496367485859764201450161635875701904296875
0.8337666816287512272509729882585816085338592529296875
0.78714977565503108092315187604981474578380584716796875
0.813276052693499895696049861726351082324981689453125
0.81821733530421791869002845487557351589202880859375
0.79707532445090734096737605796079151332378387451171875
0.70900736345312365127568909883848391473293304443359375
0.7987727221347091788317129612551070749759674072265625
0.8347673483995843302096773186349309980869293212890625
0.72095304158447592879355170225608162581920623779296875
0.76806826183685295017511407422716729342937469482421875
0.76983202993986210582733065166394226253032684326171875
0.808567025581943266132611825014464557170867919921875
0.788448181846300943931282745325006544589996337890625
0.86524502276653281196416855891584418714046478271484375
0.751609930397094228027299323002807796001434326171875
0.76360881249832479600314627532497979700565338134765625
0.83569935379441384615262222723686136305332183837890625
0.7678808390148912366157674114219844341278076171875
0.7611991749892350611617075628601014614105224609375
0.764676506411805956275884454953484237194061279296875
0.77251327954804638320496223968802951276302337646484375
0.7551629965501494012869443395175039768218994140625
0.76864810551629492163527856973814778029918670654296875
0.77088477832333157646615973135340027511119842529296875
0.72703255263927080154218174357083626091480255126953125
0.7983716757789076634566072243615053594112396240234375
0.8034411498829310271929671216639690101146697998046875
0.78495832078422933530958971459767781198024749755859375
0.869282392771698386724210649845190346240997314453125
0.6997084699470679236554815361159853637218475341796875
0.7679226650395938325033284854725934565067291259765625
0.78313259422869963000124471363960765302181243896484375
0.78867512348548218792387842768221162259578704833984375
0.7881501324303881172994579173973761498928070068359375
0.76711904208055781140274120843969285488128662109375
0.831717008099776222707077977247536182403564453125
0.72658121233937544847236722489469684660434722900390625
0.7370028024008608014128185459412634372711181640625
0.768415292245063330511811727774329483509063720703125
0.76554275035553243089481156857800669968128204345703125
0.78720414144905959119569160975515842437744140625
0.78141371215884214418423425740911625325679779052734375
0.7770013203121053368960247098584659397602081298828125
0.77683890880616612850673163848114199936389923095703125
0.7823689948408423244785581118776462972164154052734375
0.7338589810385496292610696400515735149383544921875
0.76456763076715750226952650336897931993007659912109375
0.80272930557339261525839901878498494625091552734375
0.789390770394251983788080906379036605358123779296875
0.730273658578573847677262165234424173831939697265625
0.7210519791959464352970599065884016454219818115234375
0.785702132576657330531588740996085107326507568359375
0.77069014423970594318547000511898659169673919677734375
0.73579985652828694409066656589857302606105804443359375
0.75782252489889734281547362115816213190555572509765625
0.78757094909188973819169632406556047499179840087890625
0.8402146594336084017839993975940160453319549560546875
0.73186222999941008549029675123165361583232879638671875
0.82259631306575631271016391110606491565704345703125
0.78058912053677309561550146099762059748172760009765625
0.76816693729374818655486478746752254664897918701171875
0.80371445879512781740316995637840591371059417724609375
0.77303520291609484349493186527979560196399688720703125
0.80127038898053992710401871590875089168548583984375
0.8239518336525784025781149466638453304767608642578125
0.80360417059805155925999997634789906442165374755859375
0.76243407432261800504846860349061898887157440185546875
0.76266551086701428463499041754403151571750640869140625
0.76920961715355462562371258172788657248020172119140625
0.8398395228861719186141954196500591933727264404296875
0.74510604415457015736734547317610122263431549072265625
0.78281384229996719970046115122386254370212554931640625
0.7384582432497646120594936292036436498165130615234375
0.74925680203500111264958150059101171791553497314453125
0.88912749451933870137310123027418740093708038330078125
0.82266516345499673956709330013836733996868133544921875
0.77718107854751139473847842964460141956806182861328125
0.84006141995054084414817907600081525743007659912109375
0.8284271880845228697154425390181131660938262939453125
0.8112174444915114523979582372703589498996734619140625
0.7991725210938807055782717725378461182117462158203125
0.75941817107801468100802821936667896807193756103515625
0.8263361683563543724773126086802221834659576416015625
0.768519176493257294424665815313346683979034423828125
0.7759348270825352500423832680098712444305419921875
0.8362605959641007391525135972187854349613189697265625
0.8502311558824875437068158134934492409229278564453125
0.78992768621677189599949997500516474246978759765625
0.83927407437127687916955665059504099190235137939453125
0.71579092596894577926747160745435394346714019775390625
0.78990926987050646967958300592727027833461761474609375
0.74989708864505100205377630118164233863353729248046875
0.80891623750062635611612904540379531681537628173828125
0.77278727662958501820611445509712211787700653076171875
0.777197772857286306447122115059755742549896240234375
0.71931513836146254714520864581572823226451873779296875
0.802937055377563435598631258471868932247161865234375
0.7906073214697018070040712700574658811092376708984375
0.7619153436142107604922557584359310567378997802734375
0.74139504637907183148826106844353489577770233154296875
0.84276167051551897912986532901413738727569580078125
0.71984214906406551737205745666869916021823883056640625
0.76952438074025375502884571687900461256504058837890625
0.7964446245555041326014134028810076415538787841796875
0.76798585344560377219380598035058937966823577880859375
0.791771428657457310151812635012902319431304931640625
0.78854034295416963740166238494566641747951507568359375
0.81414951638099986030994159591500647366046905517578125
0.834954949729342477127147503779269754886627197265625
0.7090226092228999466016148289781995117664337158203125
0.73479228910519645001642174975131638348102569580078125
0.7884241132138445351529298932291567325592041015625
0.79888828260483968346505889712716452777385711669921875
0.73505793301618826962595676377532072365283966064453125
0.745265655175522123698783616418950259685516357421875
0.75658904036705176832100505635025911033153533935546875
0.778715644691331032589687310974113643169403076171875
0.80038337411461990544836453409516252577304840087890625
0.76277112053821749526605344726704061031341552734375
0.7910046289835690469516293887863866984844207763671875
0.7901504608944558416538939127349294722080230712890625
0.75678555130715297050159051650553010404109954833984375
0.8274377405549866448808415952953509986400604248046875
0.822495848750779856572989956475794315338134765625
0.8310373090951490571143267516163177788257598876953125
0.81132760816313365115348688050289638340473175048828125
0.81934475272824658365067307386198081076145172119140625
0.77605215475746580633398252757615409791469573974609375
0.8356612563693637252271173565532080829143524169921875
0.7938860313171283156208346554194577038288116455078125
0.76110243965638613161672765272669494152069091796875
0.82075275416181947552018982605659402906894683837890625
0.78786877074047800828537901907111518085002899169921875
