0.46369855248392866098328113366733305156230926513671875
0.436177463452245894881542653820361010730266571044921875
0.478509377099984034575896885144175030291080474853515625
0.419092829147919732069027531906613148748874664306640625
0.5133702142769742682304467962239868938922882080078125
0.4865030336357438756067494978196918964385986328125
0.442112940973034829195142947355634532868862152099609375
0.431688167703788761020433639714610762894153594970703125
0.43363127448886429338159587132395245134830474853515625
0.442202696602789713242742664078832603991031646728515625
0.47196179410531768905201488450984470546245574951171875
0.461355737904914742220086054658167995512485504150390625
0.45239214220173151748127793325693346560001373291015625
0.426229964216184364911299553568824194371700286865234375
0.44952852097978068801609197180368937551975250244140625
0.413621748772164898877434779933537356555461883544921875
0.43665017304012077037356220898800529539585113525390625
0.481486082108132318335691479660454206168651580810546875
0.43464657872704870467117643784149549901485443115234375
0.44639048557925864457729403511621057987213134765625
0.46305948599479151983615565768559463322162628173828125
0.41021107546283508415996266194269992411136627197265625
0.454574450397226048625753946907934732735157012939453125
0.46119259256458544626866569160483777523040771484375
0.456009747962741796012409167815349064767360687255859375
0.439263922399163064813620849236031062901020050048828125
0.4497173640120133430997384493821300566196441650390625
0.4109961064742719827336259186267852783203125
0.458322842767494853521981212907121516764163970947265625
0.421151448501725755857449939867365173995494842529296875
0.440244456355089408550185225976747460663318634033203125
0.45261294459114409516331534177879802882671356201171875
0.4391747692125920199401889476575888693332672119140625
0.468876075306732087444316903201979584991931915283203125
0.42334985940165548168323539357515983283519744873046875
0.451316424017678630153938001967617310583591461181640625
0.44529841537568837228633356062346138060092926025390625
0.462795210336023832287111190453288145363330841064453125
0.4391405929456910772756828009732998907566070556640625
0.47454481869087572487586612623999826610088348388671875
0.44561079497624722645099382134503684937953948974609375
0.46717301901811836284394985341350547969341278076171875
0.46859581910940162341461245887330733239650726318359375
0.428081127814119610786036673744092695415019989013671875
0.458612900388332411782954523005173541605472564697265625
0.44196368837865396272945872624404728412628173828125
0.417694563196698342988355534544098190963268280029296875
0.475367305160475817071841220240457914769649505615234375
0.50469813391789430934153415364562533795833587646484375
0.416413226420307924779962149841594509780406951904296875
0.4514698010835902497461802340694703161716461181640625
0.4523988553812479107563149227644316852092742919921875
0.43773396181605594978947237905231304466724395751953125
0.37728570562925589637615075844223611056804656982421875
0.45283375350113519441919152086484245955944061279296875
0.449291193903108398988166527487919665873050689697265625
0.46155243029810966159942609010613523423671722412109375
0.42985501166658846017298856168054044246673583984375
0.46148197547778446736543855877243913710117340087890625
0.43345498537315896303567797076539136469364166259765625
0.438809619699277730919817486210376955568790435791015625
0.43351741373105878718519079484394751489162445068359375
0.4431607313216943122569091428886167705059051513671875
0.484023251554020539355605023956741206347942352294921875
0.490309006042769557343063979715225286781787872314453125
0.434600825635109988542836845226702280342578887939453125
0.435498580122332168418353148808819241821765899658203125
0.456847472751696515036456958114285953342914581298828125
0.481563800700805566545881220008595846593379974365234375
0.45589317657182437670826402609236538410186767578125
0.483398522049095225039394563282257877290248870849609375
0.451253967035936620622038617511861957609653472900390625
0.424426094591701941194372693644254468381404876708984375
0.445583921095295709680073059644200839102268218994140625
0.43127159462419994984117010972113348543643951416015625
0.49012902777639844043022776531870476901531219482421875
0.43969201638514754382214277939056046307086944580078125
0.38139411467087247498142232871032319962978363037109375
0.46840980194229253630311404776875860989093780517578125
0.456272580126867388639055889143492095172405242919921875
0.436318418794731710530498958178213797509670257568359375
0.43097027849869473659083496386301703751087188720703125
0.46470525335169821090630648541264235973358154296875
0.434831105905734538463747185232932679355144500732421875
0.4047750108815593161892820717184804379940032958984375
0.479073035545027392512196229290566407144069671630859375
0.463587728694961953568309809270431287586688995361328125
0.434998533103644391406561453550239093601703643798828125
0.44915361724738545046164972518454305827617645263671875
0.449039261562917346726209189000655896961688995361328125
0.465379001280863902056950109908939339220523834228515625
0.468674166777665546224085346693755127489566802978515625
0.389883081212275772742259505321271717548370361328125
0.44181152265752421381961312363273464143276214599609375
0.445260304918670468676822338238707743585109710693359375
0.427023115976527645187843518215231597423553466796875
0.420085974172048126629164244150160811841487884521484375
0.4365848438547867971237792517058551311492919921875
0.538400311749720916765227229916490614414215087890625
0.450569828695302876386818979881354607641696929931640625
0.410062723180467880723654161556623876094818115234375
0.44795151845999658934971421331283636391162872314453125
0.487606887657998033791528769143042154610157012939453125
0.431906552447357705570851749143912456929683685302734375
0.450094863554163893137882723749498836696147918701171875
0.431476336876985389068295262404717504978179931640625
0.4004705549559897104217043306562118232250213623046875
0.425134288846671426487233702573576010763645172119140625
0.40207478571432619940395625235396437346935272216796875
0.464490160555041831091926951557979919016361236572265625
0.456200419748404140118935856662574224174022674560546875
0.44021728020266248648795226472429931163787841796875
0.4279278915627049428849204559810459613800048828125
0.470689475190649575520041025811224244534969329833984375
0.446658605622910986898688179280725307762622833251953125
0.42704458682778267952784290173440240323543548583984375
0.4552310743997740605237822819617576897144317626953125
0.4686437798831304402114028562209568917751312255859375
0.390881241790651368095410589376115240156650543212890625
0.46837716199477685830032669400679878890514373779296875
0.44085448621233924715312468833872117102146148681640625
0.41781979283555148452222738342243246734142303466796875
0.4335898324225289091060631108121015131473541259765625
0.441351352245185901690405216868384741246700286865234375
0.393507406857185493276318766220356337726116180419921875
0.43291706631528847903922496698214672505855560302734375
0.422612592869775094417406080538057722151279449462890625
0.50430507704150440151380507813883014023303985595703125
0.453131509662698606089037411948083899915218353271484375
0.48065776288912631653005291809677146375179290771484375
0.4589670531186105240095685076084919273853302001953125
0.4641878798067657907466809774632565677165985107421875
0.44114155763012730115946169462404213845729827880859375
0.454435963569346845769558740357751958072185516357421875
0.443786517932138746544978857855312526226043701171875
0.457170639894530272950845528612262569367885589599609375
0.45256315047173878429731530559365637600421905517578125
0.44607934723957665124061122696730308234691619873046875
0.4344297289999408118177370852208696305751800537109375
0.468512816824883493449505067474092356860637664794921875
0.42689910972756683893436502330587245523929595947265625
0.43313760746968787973543157931999303400516510009765625
0.421670642366758940955406842476804740726947784423828125
0.451894139192694777040770759413135237991809844970703125
0.42515040557390693098938072580494917929172515869140625
0.456229611304261151172312338530900888144969940185546875
0.40648192332048582731118813171633519232273101806640625
0.451878170541826940098673048851196654140949249267578125
0.4183477569848743637948018658789806067943572998046875
0.42561014112672446163543327202205546200275421142578125
0.424477687778952839092738713588914833962917327880859375
