17.633266448974609375
18.08367252349853515625
18.3102138042449951171875
18.292284488677978515625
17.9099929332733154296875
17.813251972198486328125
18.01386547088623046875
18.6670601367950439453125
18.0930364131927490234375
17.9000396728515625
17.42409610748291015625
18.66004276275634765625
17.5131857395172119140625
17.7454941272735595703125
18.0954654216766357421875
18.2585413455963134765625
17.8432056903839111328125
18.257584810256961560526178800500929355621337890625
17.9766819477081298828125
18.6657276153564453125
18.185418605804443359375
18.240036487579345703125
18.280353069305419921875
17.772891998291015625
18.3729145526885986328125
17.793493747711181640625
17.8748123645782470703125
18.243786334991455078125
17.9582347869873046875
17.822262287139892578125
18.2554492950439453125
18.445573091506961560526178800500929355621337890625
17.96529865264892578125
17.565717220306396484375
18.0760486125946044921875
17.9284570217132568359375
17.5194261074066162109375
17.8782355785369873046875
17.3554909229278564453125
17.550614833831787109375
18.416839838027950548848821199499070644378662109375
18.0476877689361572265625
18.42175579071044921875
18.6668426990509033203125
18.709028720855712890625
17.926603794097900390625
18.0846745967864990234375
18.001300811767578125
17.99476337432861328125
17.8800532817840576171875
17.0449516773223876953125
18.4141423702239990234375
18.3850405216217041015625
17.9174382686614990234375
17.5464260578155517578125
18.021880865097049451151178800500929355621337890625
18.1867449283599853515625
18.160517215728759765625
17.5095145702362060546875
17.941607952117919921875
17.9423701763153076171875
18.061756134033203125
17.8487169742584228515625
18.275564193725582384786321199499070644378662109375
18.0077667236328125
17.9660589694976806640625
18.228188037872310900411321199499070644378662109375
17.9788110256195068359375
17.8272168636322021484375
18.0566427707672119140625
17.395631313323974609375
18.365324497222900390625
18.077826023101806640625
17.5032117366790771484375
18.166398286819454455098821199499070644378662109375
18.0333907604217529296875
18.274261951446533203125
18.21416568756103515625
18.4640891551971435546875
17.1254398822784423828125
18.0291783809661865234375
18.682202816009521484375
17.831477642059326171875
16.8698909282684326171875
18.3652813434600830078125
18.5163462162017822265625
17.9657192230224609375
18.1829154491424560546875
17.66921901702880859375
18.12178897857666015625
17.9726126194000244140625
18.182156085968017578125
18.0182502269744873046875
18.020851612091064453125
18.3003351688385009765625
18.194265365600582384786321199499070644378662109375
18.1681740283966064453125
18.2739009857177734375
18.1220991611480712890625
17.9779236316680908203125
17.378574371337890625
17.9021205902099609375
18.4072344303131103515625
18.103222131729129529276178800500929355621337890625
17.5601098537445068359375
18.4414403438568115234375
17.833547115325927734375
18.4665448665618896484375
18.100276470184329724588678800500929355621337890625
18.428863048553466796875
17.8905098438262939453125
18.225718021392822265625
17.8837583065032958984375
17.6105477809906005859375
18.5019633769989013671875
18.364217281341552734375
17.6891272068023681640625
18.146834850311279296875
18.27933979034423828125
18.3433811664581298828125
18.106001138687137341776178800500929355621337890625
18.0389397144317626953125
18.79082584381103515625
17.8808338642120361328125
18.2158668041229248046875
18.2821848392486572265625
17.9617650508880615234375
18.1394522190093994140625
18.3481223583221435546875
17.5427224636077880859375
17.8110439777374267578125
18.542067050933841443338678800500929355621337890625
18.11208057403564453125
17.6064102649688720703125
17.9832859039306640625
18.080379962921142578125
18.2416057586669921875
18.2908880710601806640625
18.0831482410430908203125
18.1689274311065673828125
18.08138275146484375
17.7685644626617431640625
17.682906627655029296875
18.41287899017333984375
17.891892910003662109375
18.166100978851318359375
18.2198917865753173828125
17.8265383243560791015625
17.918623447418212890625
17.8217067718505859375
18.1253097057342529296875
