0.366712660843411086819543243109364993870258331298828125
0.370583549955022240052215920513845048844814300537109375
0.342675889728360549835173287647194229066371917724609375
0.390426487852546688639421290645259432494640350341796875
0.32621417282612130694730012692161835730075836181640625
0.35304055038541282129926912602968513965606689453125
0.387226972581156625441423102529370225965976715087890625
0.386939998242895988322942457671160809695720672607421875
0.36930240276506953733814953011460602283477783203125
0.37549942698354843440000649934518150985240936279296875
0.360141054406873883930728652558173052966594696044921875
0.35968862961848657722185862439800985157489776611328125
0.36875115254096091366164955616113729774951934814453125
0.38054036688036185775985131840570829808712005615234375
0.34405754736879046173925189577857963740825653076171875
0.402906843686571480844804682419635355472564697265625
0.38031906504053891726613301216275431215763092041015625
0.35553113300594041401581080208416096866130828857421875
0.3741010451307011930310864045168273150920867919921875
0.3972973242158659434863920978386886417865753173828125
0.357848428401007667698507930253981612622737884521484375
0.396722649505308277984028109131031669676303863525390625
0.36097145696242927126462518572225235402584075927734375
0.363531023258335750369951711036264896392822265625
0.366919483757660092049235345257329754531383514404296875
0.37801569832546311200616173664457164704799652099609375
0.36012087969023320876971183679415844380855560302734375
0.397176293005907066202553323819302022457122802734375
0.362883216589142854058280818208004347980022430419921875
0.38655194756230459862678117133327759802341461181640625
0.366137035798716869994251510433969087898731231689453125
0.374083766599576705846885715800453908741474151611328125
0.37664075504829330753864269354380667209625244140625
0.331779277420491236494370923537644557654857635498046875
0.388893988265630152767471372499130666255950927734375
0.367302570858753452132106076533091254532337188720703125
0.361872862877916701140890154420048929750919342041015625
0.35998220716421258646988690088619478046894073486328125
0.386330053821905383681922785399365238845348358154296875
0.349733583414019777446668513221084140241146087646484375
0.38235333482022026974078698913217522203922271728515625
0.33007571881990482864921432337723672389984130859375
0.358356513963149769796956434220192022621631622314453125
0.382469484395881631488833818366401828825473785400390625
0.36299975979937537662323165932320989668369293212890625
0.371967579968110750865406544107827357947826385498046875
0.407451334763872907718251781261642463505268096923828125
0.329224914862636997003875194423017092049121856689453125
0.31843420516635745354250275340746156871318817138671875
0.392628957188674354572555103004560805857181549072265625
0.375268940348357948888491364414221607148647308349609375
0.37028711262192370856638490295154042541980743408203125
0.3482644745972882649454049897030927240848541259765625
0.41074885495270374580201178105198778212070465087890625
0.367678869267626939887350090430118143558502197265625
0.363253434530470598051721253796131350100040435791015625
0.36449842344267135985091954353265464305877685546875
0.38497801977703982601042298483662307262420654296875
0.357390987830028483696054308893508277833461761474609375
0.388165981837289397748946839783457107841968536376953125
0.378614214032940543663841026500449515879154205322265625
0.385695266995458918568573380980524234473705291748046875
0.379771042758828281105110136195435188710689544677734375
0.337212767716267070028379748691804707050323486328125
0.3471777611733621871081822973792441189289093017578125
0.37530883634814371507815167205990292131900787353515625
0.36369009563491461189954634392051957547664642333984375
0.35811916154988054916685769057949073612689971923828125
0.3463996902124240051534798112697899341583251953125
0.372565691510170771127974376213387586176395416259765625
0.34468548025306311455295826817746274173259735107421875
0.372237969151796244116070511154248379170894622802734375
0.39053618155180014337446436911704950034618377685546875
0.38031559490804134338048925201292149722576141357421875
0.39017131499843105135738596800365485250949859619140625
0.3398666619519630227586048931698314845561981201171875
0.385194598889402384234159626430482603609561920166015625
0.415191187960406382639888533958583138883113861083984375
0.36868487838719177229762635761289857327938079833984375
0.353847854097220970714943177881650626659393310546875
0.384389610460971253846906847684294916689395904541015625
0.389326979167549047655683125412906520068645477294921875
0.361614669217424855585107934530242346227169036865234375
0.390937425447801467637276573441340588033199310302734375
0.39276037979519584641963092508376576006412506103515625
0.34320446072404175996695130379521287977695465087890625
0.3524040082946495733295932950568385422229766845703125
0.38172017190236295913763342468882910907268524169921875
0.362421603718644735891984964837320148944854736328125
0.361792839321101233895916493565891869366168975830078125
0.3653621890632352542382932369946502149105072021484375
0.352107502940737948637917043015477247536182403564453125
0.399916698535011272408468130379333160817623138427734375
0.371756646920199884664981482274015434086322784423828125
0.38468728055830769818612679955549538135528564453125
0.38986404971448729295246948822750709950923919677734375
0.409280914460775913088497190983616746962070465087890625
0.367382161440710508504281506247934885323047637939453125
0.0119173125148460297417774000905410503037273883819580078125
0.364007234953098557372896948436391539871692657470703125
0.405202810008996883173182368409470655024051666259765625
0.364980324578948966962599342878093011677265167236328125
0.3523938778233535185080427254433743655681610107421875
0.376061878487577605501002153687295503914356231689453125
0.368430461429994249300534647773019969463348388671875
0.387904609700564340091233361818012781441211700439453125
0.387897506595057783851387966933543793857097625732421875
0.381419942837484260422797888168133795261383056640625
0.408783351168611142067987884729518555104732513427734375
0.323318143519569944910330150378285907208919525146484375
0.362890626916241298971499418257735669612884521484375
0.330963521261550541741058850675472058355808258056640625
0.370838355323478641167866953765042126178741455078125
0.35315794777262243808735320271807722747325897216796875
0.375321129539247400064283510801033116877079010009765625
0.38264627804083228834741703394684009253978729248046875
0.353964496244017434722906045863055624067783355712890625
0.3622753090769472716914378906949423253536224365234375
0.42077263221214866728558945396798662841320037841796875
0.368758867125528910779763691607513464987277984619140625
0.36676220188978703173887652155826799571514129638671875
0.394498674702832785587958142059505917131900787353515625
0.385073865144401283888697662405320443212985992431640625
0.370555725306227323745389412579243071377277374267578125
0.41190344811682422232479439117014408111572265625
0.384617736049470637649250193135230801999568939208984375
0.384880386505804195085289620692492462694644927978515625
0.3240436134459685479924928586115129292011260986328125
0.332670975428810133944779181547346524894237518310546875
0.340957852794233684523561578316730447113513946533203125
0.3553965133036138812627768857055343687534332275390625
0.341478033939670633234442220782511867582798004150390625
0.38070755453459026451668023582897149026393890380859375
0.381683419201986229296608144068159162998199462890625
0.3726210517766208596412980114109814167022705078125
0.361759510381887749996820957676391117274761199951171875
0.371711639084305767166682699098601005971431732177734375
0.378269695053474463986020737138460390269756317138671875
0.38156138723084331854096262759412638843059539794921875
0.3556392287766707571705637747072614729404449462890625
0.378894801471422681959921874295105226337909698486328125
0.385749317579951067624932647959212772548198699951171875
0.3794192066179207234455361685832031071186065673828125
0.35450143920290155818975108559243381023406982421875
0.3892672486326052005978226588922552764415740966796875
0.38151925023209976028937262526596896350383758544921875
0.39690237260315119893760993363684974610805511474609375
0.378841135603493694983257000785670243203639984130859375
0.36547246521453680134783326138858683407306671142578125
0.368664423658571160924424248150899074971675872802734375
0.380038425262624823819379571432364173233509063720703125
