24.08534864425659094422371708787977695465087890625
23.467552175521849022743481327779591083526611328125
26.196800770759583798508174368180334568023681640625
22.00669348239898681640625
25.977169375419617125544391456060111522674560546875
28.153966102600097798358547152020037174224853515625
25.986038823127746155705608543939888477325439453125
23.8621395969390874824966886080801486968994140625
23.954035077095031880389797152020037174224853515625
25.65939085960388155172040569595992565155029296875
24.770875086784361229774731327779591083526611328125
25.10057415962219096172702847979962825775146484375
22.281615285873414222805877216160297393798828125
22.949361543655395934138141456060111522674560546875
24.67210319042205668438327847979962825775146484375
25.932751064300536114615169935859739780426025390625
23.61415258884429846375496708787977695465087890625
26.70622580528259248922040569595992565155029296875
21.095177698135376687105235760100185871124267578125
23.364984612464905211481891456060111522674560546875
26.39896020889282368671047152020037174224853515625
23.37441101074218607891452847979962825775146484375
27.537373485565186825851924368180334568023681640625
25.320968394279478985708919935859739780426025390625
25.107040343284605654616825631819665431976318359375
28.900148005485533531100372783839702606201171875
25.83671691417693949688327847979962825775146484375
23.3534944057464599609375
27.635336456298826846023075631819665431976318359375
25.312335882186889790546047152020037174224853515625
28.189879150390623863131622783839702606201171875
21.237492408752441264141452847979962825775146484375
26.704982643127440411490169935859739780426025390625
22.748718152046205176475268672220408916473388671875
23.96140587329864501953125
21.793107595443725443828952847979962825775146484375
22.369370918273926207575641456060111522674560546875
25.715825409889220054537872783839702606201171875
24.7953931522369401818650658242404460906982421875
24.007900209426878745944122783839702606201171875
25.3556558322906511193650658242404460906982421875
22.402595090866089577730235760100185871124267578125
26.405791611671446617037872783839702606201171875
25.684988331794738058988514239899814128875732421875
23.860053391456602867037872783839702606201171875
22.085278987884521484375
23.460841984748839195162872783839702606201171875
23.5687069129943864709275658242404460906982421875
23.889103064537049903037768672220408916473388671875
25.5786664485931396484375
26.440896940231322531644764239899814128875732421875
22.55246170520782555968253291212022304534912109375
29.786016988754273171480235760100185871124267578125
24.24388303756713725078952847979962825775146484375
25.364490261077879296180981327779591083526611328125
21.453430833816529599289424368180334568023681640625
27.331433486938475851957264239899814128875732421875
24.252321691513060386569122783839702606201171875
24.3823773097991960412400658242404460906982421875
29.323500785827636860858547152020037174224853515625
22.71935900211334313780753291212022304534912109375
22.873141198158265297024627216160297393798828125
27.16622062683105554015128291212022304534912109375
24.7355514001846330529588158242404460906982421875
22.5180943441391008263963158242404460906982421875
23.507835779190063618671047152020037174224853515625
26.73525027275085363953621708787977695465087890625
24.2105366134643560371841886080801486968994140625
23.99940814971923686016452847979962825775146484375
25.5504018211364751778091886080801486968994140625
25.86059097290038977234871708787977695465087890625
26.0667154645919794120345613919198513031005859375
23.674138178825376854774731327779591083526611328125
26.8580180549621587715591886080801486968994140625
24.090925207138059960243481327779591083526611328125
26.266768765449523215238514239899814128875732421875
27.4547302293777448767286841757595539093017578125
24.05065492630004797547371708787977695465087890625
26.805244503021238955398075631819665431976318359375
26.629136805534361798208919935859739780426025390625
23.829370532035827778827297152020037174224853515625
25.31404914855956889141452847979962825775146484375
29.359853873252870215537768672220408916473388671875
27.990001606941223855073985760100185871124267578125
24.193575310707092995698985760100185871124267578125
26.947704005241394753511485760100185871124267578125
24.510586013793943749305981327779591083526611328125
21.93510452747344885437996708787977695465087890625
25.646130948066712562649627216160297393798828125
27.169130172729492045391452847979962825775146484375
26.4221759891510004081283113919198513031005859375
26.15823802947998188983547152020037174224853515625
27.6745062637329084509474341757595539093017578125
26.469058303833008949368377216160297393798828125
24.490711655616760111797702847979962825775146484375
26.758513379096985573823985760100185871124267578125
21.954775829315185120549358543939888477325439453125
28.969979496002196128756622783839702606201171875
18.991303739547728213210575631819665431976318359375
29.241522159576415873516452847979962825775146484375
22.81687018871307515155422152020037174224853515625
26.806866555213929359524627216160297393798828125
26.99961062431335534483878291212022304534912109375
22.144795427322389258506518672220408916473388671875
28.4776083660125749474900658242404460906982421875
30.775422048568724875394764239899814128875732421875
23.577397603988647034611858543939888477325439453125
23.713711042404174378361858543939888477325439453125
26.1262917089462263220411841757595539093017578125
23.719743165969848774921047152020037174224853515625
26.368340368270875018197330064140260219573974609375
26.36964801788329992859871708787977695465087890625
26.128729372024537269680877216160297393798828125
25.524613032341004981162768672220408916473388671875
25.874052438735962056171047152020037174224853515625
24.04261968135833882342922152020037174224853515625
24.314325499534607644136485760100185871124267578125
24.230439634323118980319122783839702606201171875
24.014850106239318705547702847979962825775146484375
24.052237381935118065712231327779591083526611328125
25.05089467048644991109540569595992565155029296875
27.68132587432861413390128291212022304534912109375
28.569588084220885804143108543939888477325439453125
25.792204265594481427115169935859739780426025390625
22.507821469306946937649627216160297393798828125
26.84879782199859477032077847979962825775146484375
21.66444035530090417296378291212022304534912109375
24.192210507392882590238514239899814128875732421875
22.614381742477416281644764239899814128875732421875
27.525133600234983788368481327779591083526611328125
23.43185415267944193828952847979962825775146484375
27.260097494125364647743481327779591083526611328125
22.9724747705459577673536841757595539093017578125
23.185618643760680157583919935859739780426025390625
25.8944078826904302559341886080801486968994140625
28.38409984111785888671875
24.203033318519590721962231327779591083526611328125
26.805940570831300107101924368180334568023681640625
26.7933930301666265449966886080801486968994140625
26.41809960365295495421378291212022304534912109375
21.2780950069427490234375
25.436398382186890643197330064140260219573974609375
25.63660102367401094625165569595992565155029296875
25.367958965301514950851924368180334568023681640625
25.321517219543455468055981327779591083526611328125
25.14634033203125085265128291212022304534912109375
25.056047868728636984769764239899814128875732421875
25.70408637046813993265459430404007434844970703125
25.671052541732787943828952847979962825775146484375
22.66226112842559814453125
24.23600282669067240703952847979962825775146484375
