-12.1251731081153213409606905770488083362579345703125
-11.6485936619891585763753028004430234432220458984375
-12.8865880806571571071117432438768446445465087890625
-12.2588631912919279187690335675142705440521240234375
-11.7123293269897654766964478767476975917816162109375
-11.4073360548528111024779718718491494655609130859375
-11.8290838648655327602909892448224127292633056640625
-11.9145757518958976817202710662968456745147705078125
-12.9474084683865431344429453019984066486358642578125
-14.7369320705395754345090608694590628147125244140625
-11.891914592190151012118803919292986392974853515625
-11.5389630200736110765546982293017208576202392578125
-14.4055311405485486631050662253983318805694580078125
-12.3789796272893095618883307906799018383026123046875
-11.986055426530779044469454674981534481048583984375
-12.50079056588621284618056961335241794586181640625
-12.41421030199711594832479022443294525146484375
-12.9822801823807782994890658301301300525665283203125
-11.5214944191661121664083111681975424289703369140625
-11.8445098318788826219360998948104679584503173828125
-12.5121863095352754413625007146038115024566650390625
-13.8111312919879853922111578867770731449127197265625
-11.5623055507647478634680737741291522979736328125
-11.7528696733469875113087255158461630344390869140625
-11.7402173198072414805892549338750541210174560546875
-12.942176740980585236684419214725494384765625
-12.696060583904436924740366521291434764862060546875
-14.199952385168710833340810495428740978240966796875
-11.2715491584998517282656393945217132568359375
-11.83286268862664059042799635790288448333740234375
-12.320117242556481329529560753144323825836181640625
-12.411090859889288395834228140302002429962158203125
-11.9659956548409383003672701306641101837158203125
-14.3986147719377495235448805033229291439056396484375
-11.8162860153677780061798330279998481273651123046875
-13.504701760079086625410127453505992889404296875
-11.385692392941468398248616722412407398223876953125
-12.053491697009889094260870479047298431396484375
-13.29561926077422384651072206906974315643310546875
-12.9176531243483285749107380979694426059722900390625
-12.1346363396079741647781702340580523014068603515625
-11.8308753509360986555520867113955318927764892578125
-11.2312484203974491947519709356129169464111328125
-12.4290248039012727332419672165997326374053955078125
-11.933689195844511488076022942550480365753173828125
-11.58803150800218872973346151411533355712890625
-12.9381890041528162527129097725264728069305419921875
-12.2855865284611081023058432037942111492156982421875
-10.8114776241360228681287480867467820644378662109375
-12.303125638600494795582562801428139209747314453125
-13.2528792273861899531084418413229286670684814453125
-11.989891399718384690231687272898852825164794921875
-12.80983508372609236403150134719908237457275390625
-11.7787000172275906351160301710478961467742919921875
-11.396631845219896916887591942213475704193115234375
-11.274962828744417464577054488472640514373779296875
-13.3512769795457462151944127981550991535186767578125
-11.95827080881715431814882322214543819427490234375
-11.7094872689351401362500837421976029872894287109375
-12.8627644452626466176070607616566121578216552734375
-11.381781786011817558801340055651962757110595703125
-12.0206554083899117557621138985268771648406982421875
-12.270203903278545709554236964322626590728759765625
-13.7750060024825842219797777943313121795654296875
-11.64082825468018000947267864830791950225830078125
-12.06621433514713004342411295510828495025634765625
-11.48745781203905380607466213405132293701171875
-16.327387878877924975995483691804111003875732421875
-12.8440167653241825718168911407701671123504638671875
-11.4915572251435218475990041042678058147430419921875
-11.580303065997451739121970604173839092254638671875
-11.083809340883146177247908781282603740692138671875
-11.7123663330474787613866283209063112735748291015625
-11.1713893980465268640500653418712317943572998046875
-11.530605919126088565462850965559482574462890625
-12.5606401920991093135171468020416796207427978515625
-11.889411334003842313222776283510029315948486328125
-11.6184476996445429364257506676949560642242431640625
-11.72699417804535215736905229277908802032470703125
-12.375012905791241024644477874971926212310791015625
-12.114215349121639775376024772413074970245361328125
-11.91837146859823093336672172881662845611572265625
-13.9549853137017638715633438550867140293121337890625
-12.0258533007471388742715134867466986179351806640625
-12.7199938270938464057735473033972084522247314453125
-16.363981935740326889572315849363803863525390625
-13.424218799126389711773299495689570903778076171875
-11.5527828088015649399267203989438712596893310546875
-12.8626539801718475786174167296849191188812255859375
-13.1100914740813347947323563857935369014739990234375
-11.88235636839672082487595616839826107025146484375
-12.46858075626891348974822903983294963836669921875
-11.7340279565051073262793579488061368465423583984375
-12.6297270489053072850538228522054851055145263671875
-12.1343290521997442255042187753133475780487060546875
-11.257976687584328345792528125457465648651123046875
-11.39698864200881445185586926527321338653564453125
-11.7505818122114078505546785891056060791015625
-12.167789070109780169559599016793072223663330078125
-12.483750529114868044189279316924512386322021484375
-12.2598315441203720155272094416432082653045654296875
-11.4536401540012224842257637646980583667755126953125
-12.58924459382350136138484231196343898773193359375
-12.3357917146865379010023389128036797046661376953125
-13.584725021733891736630539526231586933135986328125
-12.1024135911109897989490491454489529132843017578125
-13.3854950941528496599630670971237123012542724609375
-11.415111610439094391722392174415290355682373046875
-10.9888361173068336285041368682868778705596923828125
-12.621113036762242387567312107421457767486572265625
-15.074020671284952044288729666732251644134521484375
-14.1528036856224712636276308330707252025604248046875
-11.567513916543902041667024604976177215576171875
-12.4573922904711000825273004011251032352447509765625
-12.036042626131660426835878752171993255615234375
-12.4747161166450357683288530097343027591705322265625
-11.9239853552479093679039579001255333423614501953125
-13.6974524294538202440207896870560944080352783203125
-12.6183333462343458819532315828837454319000244140625
-11.5886605738633807760606941883452236652374267578125
-12.3756690520583418901878758333623409271240234375
-11.3070931642873571121299391961656510829925537109375
-11.691585568326246402648393996059894561767578125
-12.4096731687597898741159951896406710147857666015625
-11.7415933604649449506496239337138831615447998046875
-11.2482708526203705190482651232741773128509521484375
-13.3756201962921199566380892065353691577911376953125
-11.397385777426631392472700099460780620574951171875
-12.03367066251740880034049041569232940673828125
-11.6859569717889950624112316290847957134246826171875
-12.907496505482026094568936969153583049774169921875
-10.7591944334717855014105225563980638980865478515625
-12.365856544543479600406499230302870273590087890625
-14.0303928746076120859243019367568194866180419921875
-12.546087080956898063277549226768314838409423828125
-11.3881985901357705159853139775805175304412841796875
-13.185283778102867557890931493602693080902099609375
-12.36497318516196486370972706936299800872802734375
-11.653275787168677624094925704412162303924560546875
-12.0063239813573456871154121472500264644622802734375
-12.8876732587704250221349866478703916072845458984375
-12.5674866227217858494213942321948707103729248046875
-13.7873703339757067709570037550292909145355224609375
-12.4887793617735969320392541703768074512481689453125
-11.2294868349304675092525940272025763988494873046875
-11.5645793607553724058334410074166953563690185546875
-11.189562927948760062690780614502727985382080078125
-12.0638515328961801742480020038783550262451171875
-12.568588776134792084349101060070097446441650390625
-11.4927073611833776567436871118843555450439453125
-11.982718747391043478955907630734145641326904296875
