657.283489227294921875
657.283354282379150390625
657.28353118896484375
657.2833397388458251953125
657.2834796905517578125
657.283558368682861328125
657.28339862823486328125
657.283472537994384765625
657.2835204601287841796875
657.28331470489501953125
657.2837760448455810546875
657.2833154201507568359375
657.2834222316741943359375
657.283287525177001953125
657.2832844257354736328125
657.2835261821746826171875
657.2834727764129638671875
657.2839069366455078125
657.28343296051025390625
657.28380870819091796875
657.2834794521331787109375
657.2837531566619873046875
657.2834613323211669921875
657.2836272716522216796875
657.2833535671234130859375
657.2833011150360107421875
657.2835547924041748046875
657.283204555511474609375
657.2833802700042724609375
657.28477954864501953125
657.283901691436767578125
657.28340435028076171875
657.2838428020477294921875
657.2833554744720458984375
657.2839086055755615234375
657.283509731292724609375
657.283946514129638671875
657.2844583988189697265625
657.283631801605224609375
657.28411769866943359375
657.2837545871734619140625
657.283407688140869140625
657.2852594852447509765625
657.2832930088043212890625
657.2838642597198486328125
657.285008907318115234375
657.2847378253936767578125
657.2835543155670166015625
657.283569812774658203125
657.2834208011627197265625
657.2835247516632080078125
657.2837092876434326171875
657.283827304840087890625
657.2832634449005126953125
657.283383846282958984375
657.283699512481689453125
657.283414363861083984375
657.283315181732177734375
657.2834720611572265625
657.2832190990447998046875
657.283347606658935546875
657.2833411693572998046875
657.2836039066314697265625
657.28359317779541015625
657.2836453914642333984375
657.2847747802734375
657.283523082733154296875
657.2838871479034423828125
657.283399105072021484375
657.2837855815887451171875
657.283319950103759765625
657.2833535671234130859375
657.284915447235107421875
657.2835237979888916015625
657.28355312347412109375
657.283533573150634765625
657.2834970951080322265625
657.2835156917572021484375
657.283491611480712890625
657.2832815647125244140625
657.2833404541015625
657.2836644649505615234375
657.283815860748291015625
657.283946990966796875
657.283466339111328125
657.2833969593048095703125
657.2840716838836669921875
657.2845361232757568359375
657.2834184169769287109375
657.284466266632080078125
657.2851369380950927734375
657.2834169864654541015625
657.2837550640106201171875
657.28465175628662109375
657.284811496734619140625
657.2832357883453369140625
657.2836377620697021484375
657.283691883087158203125
657.2833993434906005859375
657.2834873199462890625
657.2838881015777587890625
657.2833259105682373046875
657.2839729785919189453125
657.283463001251220703125
657.283642292022705078125
657.283463954925537109375
657.2833206653594970703125
657.2835693359375
657.284050464630126953125
657.2840602397918701171875
657.28349971771240234375
657.285115718841552734375
657.2838857173919677734375
657.28379154205322265625
657.2837932109832763671875
657.2841663360595703125
657.2839272022247314453125
657.2843444347381591796875
657.2840912342071533203125
657.2836520671844482421875
657.2833616733551025390625
657.2844440937042236328125
657.2834732532501220703125
657.2835695743560791015625
657.2837893962860107421875
657.2835996150970458984375
657.283338069915771484375
657.2849178314208984375
657.2833042144775390625
657.2839777469635009765625
657.28369808197021484375
657.285146236419677734375
657.28354167938232421875
657.2834560871124267578125
657.283756256103515625
657.28433132171630859375
657.2833702564239501953125
657.283939361572265625
657.2833693027496337890625
657.283565521240234375
657.2834651470184326171875
657.2854373455047607421875
657.28369903564453125
657.2837536334991455078125
657.283452510833740234375
657.284584522247314453125
657.28333950042724609375
657.2841255664825439453125
657.285465717315673828125
657.283504486083984375
657.284215450286865234375
