17.585548877716064453125
18.1304223537445068359375
17.7671515941619873046875
17.972097873687744140625
17.67172908782958984375
17.860684871673583984375
17.993987560272216796875
18.6318628787994384765625
18.1072599887847900390625
17.2174701690673828125
18.0041072368621826171875
18.5456740856170654296875
17.5105330944061279296875
18.127885580062862658223821199499070644378662109375
18.0259501934051513671875
18.3568484783172607421875
17.866760730743408203125
18.2814605236053466796875
18.00274181365966796875
18.423619508743289685526178800500929355621337890625
18.154307842254638671875
18.0319826602935791015625
18.1524746417999267578125
17.700412273406982421875
18.4220535755157470703125
17.9165189266204833984375
17.9468746185302734375
18.0802152156829833984375
17.9712035655975341796875
18.3908293247222900390625
18.285068035125732421875
18.4114534854888916015625
17.74851131439208984375
17.5342175960540771484375
18.43373966217041015625
18.352358102798465466776178800500929355621337890625
18.2116653919219970703125
17.5905892848968505859375
17.5033075809478759765625
17.5473821163177490234375
18.3068115711212158203125
18.111023902893062853536321199499070644378662109375
18.1921184062957763671875
18.6600019931793212890625
18.029315948486328125
18.3249657154083251953125
17.98847866058349609375
18.045574665069580078125
17.8608219623565673828125
17.8736746311187744140625
17.308101177215576171875
18.38796329498291015625
18.25213336944580078125
17.95794677734375
18.15622043609619140625
18.008633136749267578125
18.161084413528438830098821199499070644378662109375
18.12054347991943359375
18.351609706878665662088678800500929355621337890625
18.2426197528839111328125
17.8405444622039794921875
18.319805622100830078125
17.737047672271728515625
18.3289821147918701171875
17.82391834259033203125
18.1393353939056396484375
18.158801317214969373026178800500929355621337890625
18.048113107681270861348821199499070644378662109375
17.78535175323486328125
17.967996120452880859375
18.20581150054931640625
18.274552822113037109375
18.0423114299774169921875
18.3580148220062255859375
18.081015110015869140625
18.1212565898895263671875
18.375206470489505505838678800500929355621337890625
18.038562774658203125
18.45848369598388671875
17.33550167083740234375
17.895733356475830078125
18.6175734996795654296875
17.8067872524261474609375
18.003987789154052734375
18.2980811595916748046875
18.56873798370361328125
17.9772741794586181640625
18.1538321971893310546875
17.6917564868927001953125
18.128232717514041638651178800500929355621337890625
17.9660394191741943359375
18.3322670459747314453125
18.072647094726558947286321199499070644378662109375
17.9104769229888916015625
18.1599981784820556640625
18.2294042110443115234375
18.2193572521209716796875
18.32537841796875
18.1542737483978271484375
18.1232511997222900390625
17.4552490711212158203125
17.5067217350006103515625
18.428935527801513671875
18.0317142009735107421875
17.7272737026214599609375
18.4937779903411865234375
17.8030555248260498046875
18.584346294403076171875
18.2142245769500732421875
18.6606481075286865234375
17.9929053783416748046875
17.5965206623077392578125
17.967340946197509765625
18.2518250942230224609375
18.4025552272796630859375
18.3060915470123291015625
17.857411861419677734375
18.156463861465457654276178800500929355621337890625
18.12886333465576171875
18.3310546875
18.3014008998870849609375
18.090604305267337537088678800500929355621337890625
18.689762592315670275411321199499070644378662109375
17.867208003997802734375
18.29431056976318359375
18.306096553802490234375
17.73920726776123046875
18.2096107006072998046875
18.3812198638916015625
18.241330623626708984375
17.6910784244537353515625
18.386358737945556640625
18.177752971649169921875
17.660427570343017578125
17.716314792633056640625
18.0223257541656494140625
18.158891201019287109375
18.2793724536895751953125
18.421043872833251953125
18.0389840602874755859375
18.1032168865203857421875
17.8751690387725830078125
18.4696795940399169921875
18.4158318042755126953125
17.916352748870849609375
18.0535371303558349609375
18.1176078319549560546875
17.795103549957275390625
17.9250094890594482421875
18.27788257598876953125
18.120604038238525390625
