660.3588430881500244140625
660.358771800994873046875
660.3589727878570556640625
660.358791351318359375
660.3587610721588134765625
660.3589680194854736328125
660.3588402271270751953125
660.3589153289794921875
660.3589649200439453125
660.3587729930877685546875
660.3589937686920166015625
660.3586883544921875
660.3588237762451171875
660.358701229095458984375
660.358721256256103515625
660.3589613437652587890625
660.35891819000244140625
660.35895442962646484375
660.358884334564208984375
660.3591954708099365234375
660.35891628265380859375
660.3588159084320068359375
660.3588969707489013671875
660.3586752414703369140625
660.3587892055511474609375
660.3587105274200439453125
660.3590061664581298828125
660.3586444854736328125
660.3588259220123291015625
660.3602154254913330078125
660.359358310699462890625
660.3588650226593017578125
660.358761310577392578125
660.3587944507598876953125
660.35869503021240234375
660.3589003086090087890625
660.3590986728668212890625
660.358745098114013671875
660.3589074611663818359375
660.35886859893798828125
660.3587367534637451171875
660.35882091522216796875
660.360188007354736328125
660.3587357997894287109375
660.359018802642822265625
660.358818531036376953125
660.3591034412384033203125
660.3589966297149658203125
660.358974456787109375
660.3588411808013916015625
660.3586547374725341796875
660.3588178157806396484375
660.358777523040771484375
660.358685970306396484375
660.358828067779541015625
660.35914516448974609375
660.3588531017303466796875
660.3587644100189208984375
660.3589084148406982421875
660.3586513996124267578125
660.35877704620361328125
660.3587787151336669921875
660.3590457439422607421875
660.35903263092041015625
660.3587322235107421875
660.3602273464202880859375
660.3589556217193603515625
660.3588278293609619140625
660.358840465545654296875
660.3587348461151123046875
660.3587548732757568359375
660.3584520816802978515625
660.3603579998016357421875
660.3589675426483154296875
660.3588554859161376953125
660.35896778106689453125
660.35884189605712890625
660.3588392734527587890625
660.3589341640472412109375
660.3587129116058349609375
660.3587491512298583984375
660.3590910434722900390625
660.3586852550506591796875
660.3588469028472900390625
660.3588607311248779296875
660.358797550201416015625
660.3589613437652587890625
660.3588845729827880859375
660.3588149547576904296875
660.3588387966156005859375
660.3602545261383056640625
660.358829498291015625
660.358937740325927734375
660.359523296356201171875
660.3602244853973388671875
660.3586661815643310546875
660.3590562343597412109375
660.35907649993896484375
660.358829021453857421875
660.3589088916778564453125
660.3586895465850830078125
660.3587501049041748046875
660.358806610107421875
660.358899593353271484375
660.3589317798614501953125
660.3587725162506103515625
660.3587322235107421875
660.358992099761962890625
660.358850955963134765625
660.3588206768035888671875
660.3587744235992431640625
660.360433101654052734375
660.3589570522308349609375
660.3588542938232421875
660.3588044643402099609375
660.3588626384735107421875
660.3588416576385498046875
660.3588716983795166015625
660.3588588237762451171875
660.359021663665771484375
660.3587481975555419921875
660.358867645263671875
660.3588545322418212890625
660.3588492870330810546875
660.3587286472320556640625
660.3589742183685302734375
660.3587305545806884765625
660.3602535724639892578125
660.3586719036102294921875
660.35874462127685546875
660.359043598175048828125
660.360514163970947265625
660.358866214752197265625
660.358810901641845703125
660.358771800994873046875
660.35892581939697265625
660.3587129116058349609375
660.35872745513916015625
660.358392238616943359375
660.3589065074920654296875
660.3588392734527587890625
660.3605268001556396484375
660.3590724468231201171875
660.3591520786285400390625
660.3588402271270751953125
660.359081745147705078125
660.35867977142333984375
660.358880519866943359375
660.3608410358428955078125
660.3588564395904541015625
660.3587253093719482421875
