0.2016552396447711947846670454964623786509037017822265625
0.1864379970471010949939483225534786470234394073486328125
0.1314098822757980011832756872536265291273593902587890625
0.203822987650543296922478475607931613922119140625
0.169515552038299766035578386436100117862224578857421875
0.16664883428914689655897518605343066155910491943359375
0.20407309687472097170513052333262749016284942626953125
0.135982597551829342830131963637541048228740692138671875
0.2380127747112004421570219392378930933773517608642578125
0.1500132898615067211789408929689670912921428680419921875
0.1900806565039791229398957739249453879892826080322265625
0.1454100297490522331056439497842802666127681732177734375
0.20912943583842291683794201162527315318584442138671875
0.22970478046669995375594908182392828166484832763671875
0.291943130069103273793729158569476567208766937255859375
0.14801269844903830463778149351128377020359039306640625
0.139210033830285018208172687081969343125820159912109375
0.184964471151934706227848437265492975711822509765625
0.1930811009313071480164580862037837505340576171875
0.2084748552013077904643267856954480521380901336669921875
0.1406512803116167498185262729748501442372798919677734375
0.1500864434276520109623476173510425724089145660400390625
0.203356602122460594639363762325956486165523529052734375
0.1871656904294131396060407723780372180044651031494140625
0.2270082091497888365783097697203629650175571441650390625
0.133934677927758372106836759485304355621337890625
0.1181532000924204461878019856158061884343624114990234375
0.1008270332247092060384829892427660524845123291015625
0.1800163175192492082121731300503597594797611236572265625
0.10660793203885442215206325045073754154145717620849609375
0.19003422573616923774153519843821413815021514892578125
0.2588333120294763478597133143921382725238800048828125
0.1967418533682188108713262408855371177196502685546875
0.139395918423701525856728267172002233564853668212890625
0.0847157668405049968374243007929180748760700225830078125
0.19633842931902412143330138860619626939296722412109375
0.1653699007257487807454054973277379758656024932861328125
0.1663416861854775941065298638932290486991405487060546875
0.169513962972150988850472685953718610107898712158203125
0.162169344472150367408858073758892714977264404296875
0.2188314799997199966430372342074406333267688751220703125
0.143981102705188546142522909576655365526676177978515625
0.1944546139777738602560930303297936916351318359375
0.127492901244173617580912605262710712850093841552734375
0.1763576572174680723303907825538772158324718475341796875
0.0922718967254065047800537513467133976519107818603515625
0.168006967536551587993898237982648424804210662841796875
0.19709150916522844010358994637499563395977020263671875
0.260273180826219807659782645714585669338703155517578125
0.1683802751526626284572785152704454958438873291015625
0.20198760424838868576813410982140339910984039306640625
0.263766415698815814838695814614766277372837066650390625
0.19494490730518332366472122885170392692089080810546875
0.1527598953167968731658987735499977134168148040771484375
0.2274086854195077334050978379309526644647121429443359375
0.2239178897787904298777306166812195442616939544677734375
0.2350286504910562845882537885700003243982791900634765625
0.252101056553503177770636511922930367290973663330078125
0.2296773019028763018756222891170182265341281890869140625
0.125589865911521603170086791578796692192554473876953125
0.182047486793700585838706729191471822559833526611328125
0.1107827432630138220215343380914418958127498626708984375
0.149461271088928759898095677272067405283451080322265625
0.177191603530236496677474633543170057237148284912109375
0.253591465906184920786614611643017269670963287353515625
0.17971546454237075085558217324432916939258575439453125
0.2055758137294273202311245540840900503098964691162109375
0.223908663410314401343015333623043261468410491943359375
0.1795424292366124829900542181349010206758975982666015625
0.21132966589873325435888773426995612680912017822265625
0.21976654889236868495316912230919115245342254638671875
0.1500453261887430278509469872005865909159183502197265625
0.1976992914820556723753952610422857105731964111328125
0.1655271721541830831636588072797167114913463592529296875
0.1666364576802501773489240122216870076954364776611328125
0.1738031997916880955212803883114247582852840423583984375
0.1955873724651507050698029388513532467186450958251953125
0.156910702936868984291862716418108902871608734130859375
0.20771883730198170692204939768998883664608001708984375
0.1332473048649740754445502943781320936977863311767578125
0.1478266296565447779354229851378477178514003753662109375
0.12333586822612263578236024841316975653171539306640625
0.248150662615874539884686100776889361441135406494140625
0.150924636736812944892704990706988610327243804931640625
0.1341731001778596332751902764357510022819042205810546875
0.2142490305298491992669340788779663853347301483154296875
0.1896495873197632520135158529228647239506244659423828125
0.1251478999397990232722577275126241147518157958984375
0.176594473872876578379731427048682235181331634521484375
0.1994863267022157493624234803064609877765178680419921875
0.15266937787584755614744835838791914284229278564453125
0.2011652775565781758881911400749231688678264617919921875
0.135725755491097943572498252251534722745418548583984375
0.1489024510596949346652451140471384860575199127197265625
0.1588974979201878412471415913387318141758441925048828125
0.18821832076817301970805829114397056400775909423828125
0.1375143157264273885420635679111001081764698028564453125
0.1727413518565576178165343890213989652693271636962890625
0.00000000000000000005348064349145917742309062037520150949918531287392768993650682407547947150305844843387603759765625
0.1938415956844918019985613000244484283030033111572265625
0.1867039466684301818322211374834296293556690216064453125
0.2202390360179401762596995695275836624205112457275390625
0.261043908466623009179130576740135438740253448486328125
0.1664675667761178201597971337832859717309474945068359375
0.1339598964066401054484600763316848315298557281494140625
0.1125510554714712896373640660385717637836933135986328125
0.0833466117932045447158628803663305006921291351318359375
0.170710441917607536055356831639073789119720458984375
0.178795955941510043007980357288033701479434967041015625
0.219901011393700829277264574557193554937839508056640625
0.1411522632808352994970846339128911495208740234375
0.159457266928179242082563860094523988664150238037109375
0.146923566914466896538016271733795292675495147705078125
0.194317014377116292767055938384146429598331451416015625
0.1804897173773112595274170644188416190445423126220703125
0.2148334893513720034174951933891861699521541595458984375
0.132618899499601372582446856540627777576446533203125
0.1536769882304917789195286559333908371627330780029296875
0.10651876498694046180304439985775388777256011962890625
0.1276425570320532110191180663605337031185626983642578125
0.139200425971472807606943433711421675980091094970703125
0.1308750281957589411963027714591589756309986114501953125
0.1750465887586599988967606122969300486147403717041015625
0.174163376841619033097430246925796382129192352294921875
0.148648345029751993706668145023286342620849609375
0.153829514253153110114880064429598860442638397216796875
0.1253809047288828859567644258277141489088535308837890625
0.2464201843539003122796060551991104148328304290771484375
0.156356307651409565107059052024851553142070770263671875
0.185105130280313778801115631722495891153812408447265625
0.2088024700016341272945652463022270239889621734619140625
0.1725220516949102222969969488985952921211719512939453125
0.1960251594950595255273384509564493782818317413330078125
0.1840468417347513041537609979059197939932346343994140625
0.112309267801674994569083310125279240310192108154296875
0.165938913323635028884694975204183720052242279052734375
0.199820111618973006439858863814151845872402191162109375
0.1411836684545349218655729828242328949272632598876953125
0.2001331885780950614606155113506247289478778839111328125
0.2119811358588001570790737559946137480437755584716796875
0.120320769883351330609144724803627468645572662353515625
0.189550226960678303012031165053485892713069915771484375
0.12217138221425381805484988717580563388764858245849609375
0.1964175493275819583960384306919877417385578155517578125
0.2085102604491625155613832021117559634149074554443359375
0.1779038867074147212132828599351341836154460906982421875
0.108725619810902340844904756522737443447113037109375
0.2276592787385456617688106462082942016422748565673828125
0.1634044026271239402614554592219064943492412567138671875
0.1264002103360065965009795263540581800043582916259765625
0.21251247826633601345491797474096529185771942138671875
