-0.024442435801029206710044405781445675529539585113525390625
-0.0167536965757608402594058816248434595763683319091796875
-0.01377551697194576325877779510165055398829281330108642578125
-0.0186850843578577029135967535466988920234143733978271484375
-0.01521640650928020484233815778907228377647697925567626953125
-0.014430918768048285605321012781132594682276248931884765625
-0.01351947255432605667080370182020487845875322818756103515625
-0.01451946757733821834202014855463858111761510372161865234375
-0.0187665772438049306691798534529880271293222904205322265625
-0.0157655618339777002512303027970119728706777095794677734375
-0.01719059482216835077483807481257827021181583404541015625
-0.0151371572166681296611745466407228377647697925567626953125
-0.01478037849068641711169913577350598643533885478973388671875
-0.0168688620626926411016910378748434595763683319091796875
-0.01861417479813098907470703125
-0.0168853130191564566875417341407228377647697925567626953125
-0.02145330853760242517669354356257827021181583404541015625
-0.02105172291398048345367755018742172978818416595458984375
-0.01535978548228740699077565778907228377647697925567626953125
-0.01526311308145523147616895442979512154124677181243896484375
-0.01392535731196403551990226077350598643533885478973388671875
-0.0157098421454429613974834722966988920234143733978271484375
-0.016025577113032339615639187968554324470460414886474609375
-0.0159662967175245272544170660466988920234143733978271484375
-0.0184670799970626832442466280781445675529539585113525390625
-0.01090352199971675838108264855463858111761510372161865234375
-0.01133076421916484784191414547649401356466114521026611328125
-0.019984296485781670449366487218867405317723751068115234375
-0.020745512992143631814112580968867405317723751068115234375
-0.0158390121906995771927650906718554324470460414886474609375
-0.01530603237450122756924120182020487845875322818756103515625
-0.01675524063408374841888104356257827021181583404541015625
-0.01318191140890121425266467980463858111761510372161865234375
-0.0173428342491388325086187904844337026588618755340576171875
-0.02058863647282123399140374431226518936455249786376953125
-0.0174873730540275572342689969218554324470460414886474609375
-0.0175149755924940107865150906718554324470460414886474609375
-0.01877641059458255712311114393742172978818416595458984375
-0.0164331714063882840248798089533011079765856266021728515625
-0.0206453047692775719379465471092771622352302074432373046875
-0.01475443281233310664768421105463858111761510372161865234375
-0.0671503273397684175005650786260957829654216766357421875
-0.02331771083176135961334551893742172978818416595458984375
-0.01229977272450923954372203894536141888238489627838134765625
-0.0157914687693119053235601967344337026588618755340576171875
-0.019680655598640441061863981531132594682276248931884765625
-0.017687150835990907149497530781445675529539585113525390625
-0.018105255812406538529213406718554324470460414886474609375
-0.0582187642902135815692332698745303787291049957275390625
-0.02266390748322009984772051893742172978818416595458984375
-0.0188492522388696674695562904844337026588618755340576171875
-0.0086960943043231965499106905781445675529539585113525390625
-0.01348954662680625950221813269536141888238489627838134765625
-0.0193413035571575152304912847966988920234143733978271484375
-0.0158838259428739532463925598904097569175064563751220703125
-0.0182488211989402758506084722966988920234143733978271484375
-0.0166480951011180877685546875
-0.03904771246016025543212890625
-0.01367601692676544133941973768742172978818416595458984375
-0.0162568128108978270096596219218554324470460414886474609375
-0.019262297376990318575895599906289135105907917022705078125
-0.0204608246684074394916574846092771622352302074432373046875
-0.0134297729283571233571681347029880271293222904205322265625
-0.01346007071435451583896192317979512154124677181243896484375
-0.044848004207015033928396263718241243623197078704833984375
-0.02019432686269283239166583143742172978818416595458984375
-0.0205961526185274128308844154844337026588618755340576171875
-0.015454714819788932522737212593710864894092082977294921875
-0.01336756974458694520457857635165055398829281330108642578125
-0.01535077124834060592617479557020487845875322818756103515625
-0.0194000451266765593094643094218554324470460414886474609375
-0.0184353563189506540476170215470119728706777095794677734375
-0.014820565432310105202784455968867405317723751068115234375
-0.02216158442199230027558343181226518936455249786376953125
-0.01738546609878539872529046306226518936455249786376953125
-0.01255596362054347929493314239834944601170718669891357421875
-0.01281829491257667485992755018742172978818416595458984375
-0.0151338535547256465563226157655662973411381244659423828125
-0.026030560582876206832114718281445675529539585113525390625
-0.020115397572517394741975493843710864894092082977294921875
-0.01403419449925422633762561730463858111761510372161865234375
-0.0174529522657394416118581403907228377647697925567626953125
-0.0166780415177345264776676003748434595763683319091796875
-0.01637951716780662592132244981257827021181583404541015625
-0.0179688189923763279309820717344337026588618755340576171875
-0.0166932591050863270154547279844337026588618755340576171875
-0.0178010710328817371717047279844337026588618755340576171875
-0.014577738940715789794921875
-0.0198385576903820047556248340470119728706777095794677734375
-0.02299346782267093491913811931226518936455249786376953125
-0.013788099437952040793309294031132594682276248931884765625
-0.0106426661834120757366139997657228377647697925567626953125
-0.0184726908802986151958425153907228377647697925567626953125
-0.01893665634095668959258063068773481063544750213623046875
-0.0182900432869791997048114495783011079765856266021728515625
-0.011093177869915961386571012781132594682276248931884765625
-0.014492078721523284079442106531132594682276248931884765625
-0.01463347151875495945339000769536141888238489627838134765625
-0.1161082845926284801141292746251565404236316680908203125
-0.0199861007183790191643613098904097569175064563751220703125
-0.017209437116980551285561062968554324470460414886474609375
-0.01937779419124126267792718181226518936455249786376953125
-0.02097263313829898778717364393742172978818416595458984375
-0.02073662601411342676360760606257827021181583404541015625
-0.0161611938476562515265566588595902430824935436248779296875
-0.01756289236247539353730218181226518936455249786376953125
-0.0284389020502567278769756597966988920234143733978271484375
-0.016688693016767501553498931343710864894092082977294921875
-0.013647568374872208474268830968867405317723751068115234375
-0.01334667909890413332874015139850598643533885478973388671875
-0.0143819313496351235126535783592771622352302074432373046875
-0.01197862073779106147075612653907228377647697925567626953125
-0.01634896352887153792021734943773481063544750213623046875
-0.01171760469675064107730744211721685132943093776702880859375
-0.013798310384154320595850862218867405317723751068115234375
-0.0169105070829391468389957253748434595763683319091796875
-0.0141755328327417377820562904844337026588618755340576171875
-0.01428788907825946814800222028907228377647697925567626953125
-0.01849231690168380570771233806226518936455249786376953125
-0.01375946022570133202289621721092771622352302074432373046875
-0.0163471798598766315802066628748434595763683319091796875
-0.01856809675693511796357171306226518936455249786376953125
-0.01437807746231555862392870182020487845875322818756103515625
-0.013091009408235550204313568656289135105907917022705078125
-0.016819690912961961226645968281445675529539585113525390625
-0.0156545525789260862870033719218554324470460414886474609375
-0.01520743116736412124667676692979512154124677181243896484375
-0.021273942366242408474885650093710864894092082977294921875
-0.0249919415265321721852931347029880271293222904205322265625
-0.01738670460879802870390875568773481063544750213623046875
-0.02071174241602420640351311931226518936455249786376953125
-0.02014967672526836450774823106257827021181583404541015625
-0.0159791231155395514751393903907228377647697925567626953125
-0.0200813689827919021613222838595902430824935436248779296875
-0.01190433956682681974903470489834944601170718669891357421875
-0.018217234313488005204018094218554324470460414886474609375
-0.0216081014275550827019589661404097569175064563751220703125
-0.0167123230546712860100644348904097569175064563751220703125
-0.01130167871713638229336229557020487845875322818756103515625
-0.0139466925710439691721287402970119728706777095794677734375
-0.0135566264390945441509206403907228377647697925567626953125
-0.0253200431168079387322933371251565404236316680908203125
-0.017572773918509483614958099906289135105907917022705078125
-0.05183882936835289279020599906289135105907917022705078125
-0.015917948484420775534520231531132594682276248931884765625
-0.01265785261988639810726287038278314867056906223297119140625
-0.02205781444907188582060797443773481063544750213623046875
-0.0160828175395727156204994656718554324470460414886474609375
-0.008714675605297088345491118843710864894092082977294921875
-0.0180544720590114608771425963595902430824935436248779296875
-0.01851618282496929335234625568773481063544750213623046875
