661.4380702972412109375
656.780899524688720703125
645.297970294952392578125
663.942064762115478515625
647.4153659343719482421875
657.9132444858551025390625
645.3377511501312255859375
654.8771278858184814453125
657.7303240299224853515625
650.575487613677978515625
638.1810686588287353515625
653.6454029083251953125
641.127439975738525390625
646.783060550689697265625
662.406457424163818359375
659.04682826995849609375
644.5290162563323974609375
642.485348224639892578125
656.93262958526611328125
654.1295149326324462890625
645.3968083858489990234375
667.537768840789794921875
638.985607147216796875
653.229090213775634765625
669.524236202239990234375
646.1418774127960205078125
636.1522490978240966796875
651.285854339599609375
644.7482678890228271484375
652.587258815765380859375
669.4429790973663330078125
639.4022052288055419921875
663.5433635711669921875
663.8516352176666259765625
666.935328006744384765625
661.6314837932586669921875
637.5177173614501953125
641.3730146884918212890625
635.0739252567291259765625
645.0068817138671875
645.664131641387939453125
659.3843052387237548828125
664.361553192138671875
667.136019229888916015625
679.7437050342559814453125
654.496547222137451171875
656.4042570590972900390625
653.183742046356201171875
660.6640627384185791015625
671.2821328639984130859375
641.45758342742919921875
668.375335693359375
661.40604114532470703125
652.52183055877685546875
639.9646778106689453125
658.546012401580810546875
663.044715404510498046875
663.3884241580963134765625
635.9382457733154296875
651.8946325778961181640625
662.790735721588134765625
652.106597423553466796875
640.6952228546142578125
674.4306490421295166015625
661.0632932186126708984375
648.4817850589752197265625
658.971352100372314453125
667.0411651134490966796875
678.0764429569244384765625
663.0060760974884033203125
633.1606037616729736328125
644.923419952392578125
659.6049823760986328125
633.267736911773681640625
656.095808506011962890625
659.52276134490966796875
664.4820163249969482421875
668.143829822540283203125
659.5223634243011474609375
660.05030536651611328125
636.0256297588348388671875
667.50832271575927734375
655.6347630023956298828125
619.2665402889251708984375
665.3654825687408447265625
663.4018504619598388671875
648.9938971996307373046875
652.659770965576171875
647.87374210357666015625
650.22433757781982421875
660.65599727630615234375
660.8562281131744384765625
640.2328994274139404296875
657.319926738739013671875
660.81611537933349609375
633.7184479236602783203125
657.94892597198486328125
653.7422244548797607421875
652.7723553180694580078125
651.4460418224334716796875
666.329097270965576171875
653.503712177276611328125
640.944038867950439453125
660.2439577579498291015625
643.459187030792236328125
652.911544322967529296875
661.6385595798492431640625
645.8962764739990234375
659.8171112537384033203125
658.94774532318115234375
636.395850658416748046875
662.2926723957061767578125
672.2146074771881103515625
640.9064044952392578125
665.1955473423004150390625
642.077728748321533203125
656.0792734622955322265625
662.8729922771453857421875
657.9020941257476806640625
631.9818897247314453125
663.1474783420562744140625
658.617296695709228515625
656.1918890476226806640625
640.1457064151763916015625
655.1769692897796630859375
655.08087253570556640625
652.616768360137939453125
646.9386603832244873046875
654.704330921173095703125
639.41294765472412109375
640.620268344879150390625
666.3620235919952392578125
669.0603258609771728515625
657.012290477752685546875
643.7480728626251220703125
661.4700706005096435546875
636.167461395263671875
662.2554829120635986328125
662.2959291934967041015625
671.146520137786865234375
651.6146914958953857421875
652.839715480804443359375
644.2242119312286376953125
666.01514530181884765625
642.812709808349609375
660.171103000640869140625
666.518284320831298828125
664.711658477783203125
659.0097668170928955078125
658.45213985443115234375
656.413937091827392578125
