663.41101169586181640625
663.4109394550323486328125
663.41114044189453125
663.410958766937255859375
663.4109270572662353515625
663.41113567352294921875
663.4110076427459716796875
663.4110829830169677734375
663.41113185882568359375
663.4109399318695068359375
663.4111607074737548828125
663.4108545780181884765625
663.410990238189697265625
663.4108679294586181640625
663.4108898639678955078125
663.4111292362213134765625
663.4110858440399169921875
663.4111216068267822265625
663.411052227020263671875
663.4113643169403076171875
663.4110834598541259765625
663.410983562469482421875
663.411064624786376953125
663.4108445644378662109375
663.410956859588623046875
663.41087818145751953125
663.4111728668212890625
663.410811901092529296875
663.41099452972412109375
663.412382602691650390625
663.411525249481201171875
663.411032199859619140625
663.4109280109405517578125
663.4109637737274169921875
663.4108607769012451171875
663.41106891632080078125
663.41126537322998046875
663.4109117984771728515625
663.411076068878173828125
663.4110400676727294921875
663.4109036922454833984375
663.4109895229339599609375
663.4123547077178955078125
663.410903453826904296875
663.41118526458740234375
663.4109871387481689453125
663.4112720489501953125
663.4111652374267578125
663.411141872406005859375
663.4110088348388671875
663.410822391510009765625
663.410985469818115234375
663.4109451770782470703125
663.41085338592529296875
663.410995960235595703125
663.4113128185272216796875
663.411021709442138671875
663.41093349456787109375
663.411076068878173828125
663.4108180999755859375
663.410945892333984375
663.410946369171142578125
663.411213397979736328125
663.4112007617950439453125
663.410899639129638671875
663.412393093109130859375
663.4111235141754150390625
663.41099643707275390625
663.4110090732574462890625
663.4109036922454833984375
663.410923480987548828125
663.4106190204620361328125
663.4125249385833740234375
663.411132335662841796875
663.411022186279296875
663.4111354351043701171875
663.411008358001708984375
663.4110076427459716796875
663.411104679107666015625
663.4108798503875732421875
663.410917758941650390625
663.411258697509765625
663.4108521938323974609375
663.4110133647918701171875
663.4110271930694580078125
663.4109652042388916015625
663.41112804412841796875
663.411051273345947265625
663.410981655120849609375
663.4110071659088134765625
663.41242218017578125
663.4109790325164794921875
663.411106109619140625
663.4116919040679931640625
663.4123909473419189453125
663.410833835601806640625
663.411222934722900390625
663.4112441539764404296875
663.41099643707275390625
663.411070346832275390625
663.4108583927154541015625
663.4109170436859130859375
663.4109728336334228515625
663.411066532135009765625
663.4110972881317138671875
663.4109404087066650390625
663.4108998775482177734375
663.411159515380859375
663.41101837158203125
663.410990238189697265625
663.41094207763671875
663.4125998020172119140625
663.4111278057098388671875
663.4110219478607177734375
663.4109680652618408203125
663.41103076934814453125
663.4110085964202880859375
663.4110395908355712890625
663.411025524139404296875
663.4111881256103515625
663.4109170436859130859375
663.4110352993011474609375
663.4110243320465087890625
663.4110186100006103515625
663.41089630126953125
663.4111499786376953125
663.4108982086181640625
663.4124143123626708984375
663.4108417034149169921875
663.410910129547119140625
663.4112122058868408203125
663.412681102752685546875
663.411034107208251953125
663.4109814167022705078125
663.410946369171142578125
663.4110963344573974609375
663.4108817577362060546875
663.41089534759521484375
663.4105556011199951171875
663.4110739231109619140625
663.4110071659088134765625
663.4126946926116943359375
663.411239147186279296875
663.411324977874755859375
663.411000728607177734375
663.4112489223480224609375
663.41084575653076171875
663.41104793548583984375
663.4130077362060546875
663.4110240936279296875
663.41089344024658203125
