0.3256648144513054621285164103028364479541778564453125
0.286313946019616516469596945171360857784748077392578125
0.28372727989411450355561328251496888697147369384765625
0.339814044298644202246606482731294818222522735595703125
0.25266965038336497428872462478466331958770751953125
0.29323368029518892541318564326502382755279541015625
0.329530958626846837145052404594025574624538421630859375
0.350961808824899745840042442068806849420070648193359375
0.307070284949858163248137543632765300571918487548828125
0.287697188782154056330142566366703249514102935791015625
0.3243841516264927005153140271431766450405120849609375
0.2922068486510120965959913519327528774738311767578125
0.30314543634248869441449869555071927607059478759765625
0.3327674629399750561020709938020445406436920166015625
0.294417199593343614782980921518174000084400177001953125
0.347848272299866534407186691169044934213161468505859375
0.31830925232851925432697726137121208012104034423828125
0.289464177156256885492524588698870502412319183349609375
0.316294680907273362269194194595911540091037750244140625
0.347682533571344876133224488512496463954448699951171875
0.281216544732664053274362458978430368006229400634765625
0.3522588332761420470973234841949306428432464599609375
0.31896191457667211199833445789408870041370391845703125
0.306827888585459784831499518986674956977367401123046875
0.316624852813566282083712621897575445473194122314453125
0.3253977767582825197933971139718778431415557861328125
0.333811377913286466689868348112213425338268280029296875
0.315054669959669741974295220643398351967334747314453125
0.32461271125644131085863364205579273402690887451171875
0.338675791569219619692177047909353859722614288330078125
0.325398363997241091283285641111433506011962890625
0.343915501096583808848805574598372913897037506103515625
0.30368642103225551576173302237293682992458343505859375
0.2454382144646348462568852255571982823312282562255859375
0.3225394691239122924031335060135461390018463134765625
0.31236716477230441757484413756174035370349884033203125
0.3186383259816338853198658398468978703022003173828125
0.289589867127038880223466321695013903081417083740234375
0.335557883009003854457574789194040931761264801025390625
0.31317121748861087571214056879398413002490997314453125
0.323038773086012642732356425767648033797740936279296875
0.26068562674430284520354916821816004812717437744140625
0.308982422102485332349175450872280634939670562744140625
0.282623349574892213098564752726815640926361083984375
0.297001844896102651372160607934347353875637054443359375
0.319941668157755321200141906956559978425502777099609375
0.32698685294095153341942250335705466568470001220703125
0.255592250550274402431938369772979058325290679931640625
0.287693929579132257057239030473283492028713226318359375
0.332433099339168147690060095555963926017284393310546875
0.331383836700661849050675300532020628452301025390625
0.315814221809000816865165006674942560493946075439453125
0.294878035863759213608403797479695640504360198974609375
0.299707937361487541938487311199423857033252716064453125
0.326502807329525968071948227589018642902374267578125
0.29351809465094602646928478861809708178043365478515625
0.312203302652578507103697802449460141360759735107421875
0.340186180705352725350820719540934078395366668701171875
0.301206913489763861146997214746079407632350921630859375
0.341802939414048434496606887478264980018138885498046875
0.3281463790800731583630067689227871596813201904296875
0.33061681305309142953063883396680466830730438232421875
0.308701311631447261607519294557278044521808624267578125
0.262264122838225477440943222973146475851535797119140625
0.303214887433488067269848897922202013432979583740234375
0.331971653047508918898955698750796727836132049560546875
0.290846806996115869736740933149121701717376708984375
0.3035789176055947446997151928371749818325042724609375
0.301163261236005064258591801262809894979000091552734375
0.32270425578245254261133823092677630484104156494140625
0.301096200512828315876134865902713499963283538818359375
0.3297164279515032436762567158439196646213531494140625
0.3260209323770013600807260445435531437397003173828125
0.3351984886536667485046336878440342843532562255859375
0.332578129256134336078076785270241089165210723876953125
0.291445542171257343522228211440960876643657684326171875
0.334178645889770919996664133577723987400531768798828125
0.29769637770538748267057371776900254189968109130859375
0.309445339843240685429037739595514722168445587158203125
0.29142027011951709969395096777589060366153717041015625
0.350839627222082228730215547329862602055072784423828125
0.309123825149856423788463644086732529103755950927734375
0.283001734585583475389825025558820925652980804443359375
0.345991485000294252127872596247470937669277191162109375
0.323282701028622498906628379700123332440853118896484375
0.309614169534742689204875887298840098083019256591796875
0.264140803719285888195855704907444305717945098876953125
0.32564768847374792049009784022928215563297271728515625
0.300017657635522017045559550751931965351104736328125
0.287180848994738335822063390878611244261264801025390625
0.33976762319553011071349146732245571911334991455078125
0.293131209217933064170580337304272688925266265869140625
0.337069809749376891883088092072284780442714691162109375
0.287036966071828769653251356430700980126857757568359375
0.335262747385930370835893654657411389052867889404296875
0.3271099697967259078978941033710725605487823486328125
0.339533229288444038385108569855219684541225433349609375
0.315116144290729149890495364161324687302112579345703125
0.117024319057802139720791956278844736516475677490234375
0.300642358498378448050658562351600266993045806884765625
0.354860030235562506906177304699667729437351226806640625
0.31590279328760073607185177024803124368190765380859375
0.2913812535030866346374978093081153929233551025390625
0.302989819210091881895863252793787978589534759521484375
0.313066749412305445066095899164793081581592559814453125
0.316886547034225973806798037912813015282154083251953125
0.30416111245678845165230086422525346279144287109375
0.301246089627508262243082981512998230755329132080078125
0.344608857800254464454070557621889747679233551025390625
0.228262768644433566844753613622742705047130584716796875
0.3170907620046516939282810199074447154998779296875
0.303102425581568912793528625115868635475635528564453125
0.31758555135290145177151543975924141705036163330078125
0.306745142556750172158075429251766763627529144287109375
0.3263122460573326666377624860615469515323638916015625
0.315578259007009032099944079163833521306514739990234375
0.295771679648495655623463562733377330005168914794921875
0.2917592757073996789785041983122937381267547607421875
0.339438882112735151874716166275902651250362396240234375
0.29578660933400069410481592058204114437103271484375
0.302349846918278319929385133946198038756847381591796875
0.3017086360419092283535746901179663836956024169921875
0.342559289648090403712643592371023260056972503662109375
0.31043082509713626482295012465328909456729888916015625
0.33082880714728712945316146942786872386932373046875
0.32254833010613970234459202401922084391117095947265625
0.32057787249420643949093800983973778784275054931640625
0.286915593100280641447596963189425878226757049560546875
0.262211098279905130414846325948019511997699737548828125
0.28227070655363295514916899264790117740631103515625
0.314886648964774418235634811935597099363803863525390625
0.263205424693479350661817761647398583590984344482421875
0.324836578961907374019091321315499953925609588623046875
0.297147102691081632652725375010049901902675628662109375
0.305812232690492014075545057494309730827808380126953125
0.312835125544883851933519736121525056660175323486328125
0.31926273863565135524567040192778222262859344482421875
0.317916042420459288297962530123186297714710235595703125
0.337276764421337638122366797688300721347332000732421875
0.300228624454433046242485261245747096836566925048828125
0.3310562182127350094873463604017160832881927490234375
0.339130992289227217728608820834779180586338043212890625
0.251706376219156979789914885259349830448627471923828125
0.31626344041924381311758907031617127358913421630859375
0.310751425652930179932553755861590616405010223388671875
0.323680434669726124763400321171502582728862762451171875
0.3278397299632818118197974399663507938385009765625
0.338294309274228932604700048614176921546459197998046875
0.255740241145618274476447595588979311287403106689453125
0.31166189784682918340052992789424024522304534912109375
0.345608191097921346734977987580350600183010101318359375
