0.480302171485517848115165406852611340582370758056640625
0.46277980632989279552447214882704429328441619873046875
0.41217769113581581574834444836596958339214324951171875
0.531923113952693871198107444797642529010772705078125
0.4683183821544176783646662443061359226703643798828125
0.370894160115878779304665613381075672805309295654296875
0.50580314884732058278160593545180745422840118408203125
0.45900498015317003908108972609625197947025299072265625
0.496776333696629546210488115320913493633270263671875
0.458418040676316806969481376654584892094135284423828125
0.4945396503556576117688337035360746085643768310546875
0.395024078334746786556053166350466199219226837158203125
0.55384684306960796362773180590011179447174072265625
0.5682691533678845274835111922584474086761474609375
0.57255146713514715184345504894736222922801971435546875
0.4490978736901947154791514549287967383861541748046875
0.58548849665509361539506016924860887229442596435546875
0.45062260025595135548570624450803734362125396728515625
0.433626756360248444277516455258592031896114349365234375
0.53756090190701721898136611343943513929843902587890625
0.4060794567930035015024259337224066257476806640625
0.47476965314277486118754723065649159252643585205078125
0.49337991609938047776751091078040190041065216064453125
0.5525872570212382317578203583252616226673126220703125
0.6005464677350074165218529742560349404811859130859375
0.51011328059339688945073021386633627116680145263671875
0.395646535948813216077013521498884074389934539794921875
0.362140569318937732834484677368891425430774688720703125
0.47044070342417121377565081274951808154582977294921875
0.333917951684949809720848179495078511536121368408203125
0.5487521769446688235660758437006734311580657958984375
0.59692039388186912685085871999035589396953582763671875
0.496545555494545709507292485795915126800537109375
0.4502093124473252050421478998032398521900177001953125
0.38164605229760784066428414007532410323619842529296875
0.56369791225967436076871308614499866962432861328125
0.4591869408099282789947892524651251733303070068359375
0.55232615052739941763348952008527703583240509033203125
0.53870906581134203605643051560036838054656982421875
0.495887565037575195336927436073892749845981597900390625
0.5473039423225769528613682268769480288028717041015625
0.43246505073495511428660620367736555635929107666015625
0.5166350185323496102540730134933255612850189208984375
0.394657484634024779968086704684537835419178009033203125
0.41506665838197687179444983485154807567596435546875
0.499345060393093509443218636079109273850917816162109375
0.57421136054990762342953303232206963002681732177734375
0.5346353667078720395267055209842510521411895751953125
0.52805170274862567314499983694986440241336822509765625
0.495737929046085323836479119563591666519641876220703125
0.55764288279962259675670566139160655438899993896484375
0.57137987516133936782836144629982300102710723876953125
0.476305960827668795065648055242490954697132110595703125
0.4975691571566744908494683841126970946788787841796875
0.569955466452270353983067252556793391704559326171875
0.5837179013577620256825184696936048567295074462890625
0.53740391976895274250836109786177985370159149169921875
0.56953903157767127307664623003802262246608734130859375
0.54425303987933915106367521730135194957256317138671875
0.3354607839355538967396341831772588193416595458984375
0.48868428254320506187724504343350417912006378173828125
0.43099167011019667850035830269916914403438568115234375
0.471092548806884614531753641131217591464519500732421875
0.5741096931130182934310823839041404426097869873046875
0.5485482218542998555932399540324695408344268798828125
0.501305521134070009026117986650206148624420166015625
0.53442620977420307593064308093744330108165740966796875
0.5559096576490372143553031492047011852264404296875
0.453850620329989962176142626049113459885120391845703125
0.5673111763208262825486372094019316136837005615234375
0.5690914474226074215579274095944128930568695068359375
0.456764332882392876111765644964179955422878265380859375
0.54803637034829721930151436026790179312229156494140625
0.56268174941879689487933546843123622238636016845703125
0.515990389640700986007004757993854582309722900390625
0.47292969293561781807255783860455267131328582763671875
0.55590511813170240262849119972088374197483062744140625
0.4370514561986460488896000242675654590129852294921875
0.50837759558392037195773127677966840565204620361328125
0.383165535526817979672387082246132194995880126953125
0.49154998804955096769475630935630761086940765380859375
0.424764105057751362171103437503916211426258087158203125
0.57854336065719869086620974485413171350955963134765625
0.48005906731779257601289145895862020552158355712890625
0.4280011685643956287350420097936876118183135986328125
0.4602629060432994467788603287772275507450103759765625
0.474751872223910631465315645982627756893634796142578125
0.430725121775247299371613962648552842438220977783203125
0.5148458099493937734081328017055056989192962646484375
0.46546730678626258015384564714622683823108673095703125
0.50509827132780049652183151920326054096221923828125
0.61530104174028965591247697375365532934665679931640625
0.482868489389412014478608625722699798643589019775390625
0.42705938842203494676397212970186956226825714111328125
0.430601556199980806116656140147824771702289581298828125
0.53625282447429600818367134706932120025157928466796875
0.46485008234789837455736005722428672015666961669921875
0.4670971794890999007066056947223842144012451171875
0.000000000000000000054357375351974901248483510793804023372946969112654513021920532622743849060498178005218505859375
0.5412713806151872031335869905888102948665618896484375
0.475099538295873369264654684229753911495208740234375
0.461860244668855945970875609418726526200771331787109375
0.55535488960114720580207858802168630063533782958984375
0.424025364693495221413144236066727899014949798583984375
0.479664130532218513369713264182792045176029205322265625
0.388231102781035397608633275012834928929805755615234375
0.434931076918665227015736718385596759617328643798828125
0.4163415413143229937276146301883272826671600341796875
0.4997808497713374098481153851025737822055816650390625
0.47313909160584854962650069865048862993717193603515625
0.4138812651068892733974280417896807193756103515625
0.380837611187982816307595612670411355793476104736328125
0.474032096751558162939232943244860507547855377197265625
0.496121216922756513856285209840280003845691680908203125
0.537162697216979179160034618689678609371185302734375
0.5646238312805509362846123622148297727108001708984375
0.4411508749530506090508197303279303014278411865234375
0.440919337010100498286391257352079264819622039794921875
0.364760883913556377411424591628019697964191436767578125
0.36519934818644206320215062078204937279224395751953125
0.429742083211933800779291914295754395425319671630859375
0.42389215063550189643848398191039450466632843017578125
0.494625881371341280523523664669482968747615814208984375
0.59041212998893366492580980775528587400913238525390625
0.466271078420178286538799738991656340658664703369140625
0.477547195359084797328108606961905024945735931396484375
0.4325123216099548972835009408299811184406280517578125
0.54039749309538398502894551711506210267543792724609375
0.4534809459619359994775322775240056216716766357421875
0.5768731247507847825772842043079435825347900390625
0.5211992090943724509344292528112418949604034423828125
0.412854537352559558538445116937509737908840179443359375
0.4982562729561836878389158300706185400485992431640625
0.5366369714051566486290312241180799901485443115234375
0.381883506697478003477641550489352084696292877197265625
0.461414969822408760347087763875606469810009002685546875
0.56706503606570246578399974168860353529453277587890625
0.416024957582454779636549346832907758653163909912109375
0.55196039568245491846454342521610669791698455810546875
0.50883894354465752929428390416433103382587432861328125
0.419919542744883023122071108446107245981693267822265625
0.57511167843647281738839183162781409919261932373046875
0.423902231618405511692770915033179335296154022216796875
0.5480344438879287682908625356503762304782867431640625
0.5969222401176439429804077008157037198543548583984375
0.54125260404725861196340019887429662048816680908203125
0.4605120671363673867659827010356821119785308837890625
0.54249782827579051680544353075674735009670257568359375
0.48196504800140071989034140642615966498851776123046875
0.45252218938289701100075035355985164642333984375
0.51766950257521904266155843288288451731204986572265625
