0.57771267775264523169909125499543733894824981689453125
0.5719611233951251705320828477852046489715576171875
0.6283118258327167193755258267628960311412811279296875
0.58165844378408293469107093187631107866764068603515625
0.62859280346636803304960494642728008329868316650390625
0.62479125633218668411927865236066281795501708984375
0.633229326184814755862362289917655289173126220703125
0.606747265049235817713224605540744960308074951171875
0.59059286617123751828017930165515281260013580322265625
0.61343698664592560820807420896016992628574371337890625
0.6348899423270173425493112517870031297206878662109375
0.5560241045091236511410670573241077363491058349609375
0.598748328841121946197745273821055889129638671875
0.60760783575909693698946512085967697203159332275390625
0.605999134321021148963382074725814163684844970703125
0.5948713864613193180730377207510173320770263671875
0.576065331044441908403541674488224089145660400390625
0.5989404979211621071755189404939301311969757080078125
0.583241423945159542796545792953111231327056884765625
0.6030304588791068898245839591254480183124542236328125
0.60066964725746885278567788191139698028564453125
0.60745787998011635533401886277715675532817840576171875
0.6095322185444895790595865037175826728343963623046875
0.59385889625269039360233591651194728910923004150390625
0.60520728400649848044423606552300043404102325439453125
0.61691340112842107945567704518907703459262847900390625
0.60116083444722689943517934807459823787212371826171875
0.54962187387169603169922993401996791362762451171875
0.6101674581209464154341048924834467470645904541015625
0.55478141003865533154026934425928629934787750244140625
0.63620984122805157578994794675963930785655975341796875
0.5990682051143101372048249686486087739467620849609375
0.57195964564352885783904412164702080190181732177734375
0.5659521971886591895639639915316365659236907958984375
0.59773839105694348550201766556710936129093170166015625
0.60289748059714243222373397657065652310848236083984375
0.6039277881753644106055389784160070121288299560546875
0.59227863103220890206301874059136025607585906982421875
0.5931265300925174788204685683012939989566802978515625
0.61277058087573255118485349157708697021007537841796875
0.5909370031394960420811912626959383487701416015625
0.608941761653866375780808084527961909770965576171875
0.63660734455279766041968514400650747120380401611328125
0.5970731861069717982815063805901445448398590087890625
0.61097688676988604061790510968421585857868194580078125
0.59610955359156181376789618298062123358249664306640625
0.58112397364853995984645962380454875528812408447265625
0.56503500414841545396171795800910331308841705322265625
0.623769825358414298221987337456084787845611572265625
0.58205546522805595710536863407469354569911956787109375
0.60750909749104364809824119220138527452945709228515625
0.6319340804599071770297769035096280276775360107421875
0.58800513404872944978052373699028976261615753173828125
0.5023657362972124840183596461429260671138763427734375
0.60691720015923789066647486833971925079822540283203125
0.59283129103854614871949024745845235884189605712890625
0.6100127236076120507135556181310676038265228271484375
0.61643869105188375812076628790237009525299072265625
0.61119568446110517090374969484400935471057891845703125
0.6001217106546616886220135711482726037502288818359375
0.61102000979110571154961917272885330021381378173828125
0.591248787944818499084931318066082894802093505859375
0.56526616378924143813122782376012764871120452880859375
0.6171660745702116646071999639389105141162872314453125
0.62328334789763106815740911770262755453586578369140625
0.603960655114348821115299870143644511699676513671875
0.58127610010371844051491052596247754991054534912109375
0.60194679611731183310752157922252081334590911865234375
0.60163837469160430515557891339994966983795166015625
0.61560598246746212058866376537480391561985015869140625
0.6527095076332176670774742888170294463634490966796875
0.59813463870683325485089198991772718727588653564453125
0.5715479711670834461756385280750691890716552734375
0.6253115414154157836179592777625657618045806884765625
0.5939652934492845037794950258103199303150177001953125
0.62177096525874475663187013196875341236591339111328125
0.602069797101093318048015134991146624088287353515625
0.5255257070970407173859939575777389109134674072265625
0.62594150805230996947869925861596129834651947021484375
0.56798965232162845762076130995410494506359100341796875
0.617712062088820790251020298455841839313507080078125
0.585159738192154943448031190200708806514739990234375
0.61145326239422115310873095950228162109851837158203125
0.6005778387670683837740170929464511573314666748046875
0.5262985744524135700572742280201055109500885009765625
0.67950559649257835648228365243994630873203277587890625
0.58239920534583233813208380524883978068828582763671875
0.60489950324671581949331766736577264964580535888671875
0.58852662921221365888158061352442018687725067138671875
0.58614032228897727794247884958167560398578643798828125
0.62302301283103089790671447190106846392154693603515625
0.6108675557185196947074246054398827254772186279296875
0.57398721195374868830896275539998896420001983642578125
0.59724386343745472505162297238712199032306671142578125
0.5831991446757769370634605365921743214130401611328125
0.6127812040784041958119132686988450586795806884765625
0.58418837045418892106596331359469331800937652587890625
0.56710169831689138941754890765878371894359588623046875
0.426691448404643625114118776764371432363986968994140625
0.60545244326989633432134496615617536008358001708984375
0.5882006488904296670483518028049729764461517333984375
0.59852099740770114966181836280156858265399932861328125
0.62893432862902987068309812457300722599029541015625
0.5991863377288402237041964326635934412479400634765625
0.62168925308312050770354062478872947394847869873046875
0.56767512829628363757450415505445562303066253662109375
0.50578022940811206975553204756579361855983734130859375
0.5624076546903491458095913912984542548656463623046875
0.59238157064596308476467356740613467991352081298828125
0.54424766215236897171081409396720118820667266845703125
0.61526496937410490861708467491553165018558502197265625
0.564860996544811921893369799363426864147186279296875
0.57481647682137360089171806976082734763622283935546875
0.59521388300981292740488015624578110873699188232421875
0.632201691136220933486811190959997475147247314453125
0.62291451995573543509721048394567333161830902099609375
0.57049181407792148856827907366096042096614837646484375
0.5590085212055979635437097385874949395656585693359375
0.55532730631668669740719224137137643992900848388671875
0.60910723671310817994850594914169050753116607666015625
0.59884264511641449590939600966521538794040679931640625
0.54097769506181780929665592339006252586841583251953125
0.6028482015768468205152430527959950268268585205078125
0.60071327077545555450655001550330780446529388427734375
0.53444453502605571149075558423646725714206695556640625
0.6104729608129890738865697130677290260791778564453125
0.60261772983685546467569338346947915852069854736328125
0.6323305870314974708179533990914933383464813232421875
0.567191152811447718562476438819430768489837646484375
0.6187100940193825948654193780384957790374755859375
0.58615779227485942382003258899203501641750335693359375
0.58449162402453647136013614726834930479526519775390625
0.61988039794873428522947733654291369020938873291015625
0.58740208518699799089546331742894835770130157470703125
0.598166482641810492992817671620287001132965087890625
0.59458465113470515550631034784601069986820220947265625
0.6013022122110964762242701908689923584461212158203125
0.59332700990182285494256575475446879863739013671875
0.618436539943932661600456412998028099536895751953125
0.57583040351567260639598089255741797387599945068359375
0.6230252350988385590113693979219533503055572509765625
0.61075060812591441816721271607093513011932373046875
0.5294581586589293120681531945592723786830902099609375
0.6157028805343276456341072844224981963634490966796875
0.573043589707953326950473638135008513927459716796875
0.61459855423796383444567936749081127345561981201171875
0.58040217195237364666837720506009645760059356689453125
0.60605680135464845559312152545317076146602630615234375
0.5237838886721137843238693676539696753025054931640625
0.59632688478750350835611016009352169930934906005859375
0.61039125240417224649291938476380892097949981689453125
