0.5782197
0.567667
0.5822923
0.53508496
0.62671345
0.5929782
0.5521475
0.53862244
0.57031935
0.58731014
0.58923244
0.5568092
0.5400218
0.53931427
0.609546
0.52976584
0.5725672
0.5855399
0.5561742
0.5508286
0.5794415
0.5445987
0.5842312
0.556433
0.55262756
0.56596994
0.5187323
0.5063961
0.5615513
0.58846146
0.5601247
0.5466523
0.5676805
0.6069185
0.56396276
0.59075046
0.57491267
0.6002553
0.50740916
0.59044826
0.53534746
1.0991589
0.61238325
0.5491642
0.5680949
0.5670522
0.5525609
0.6014921
0.968452
0.5434918
0.5595717
0.51858103
0.5210939
0.56632733
0.54110605
0.53617907
0.55209404
0.614779
0.56818706
0.5404755
0.52573717
0.5429051
0.56941795
0.57996786
0.8214567
0.5785819
0.573217
0.58479214
0.55063725
0.56160575
0.61563706
0.5373495
0.5411364
0.54755765
0.5854466
0.5962533
0.5506508
0.5017797
0.5965914
0.62608904
0.5336278
0.5865299
0.61589354
0.52775824
0.5152289
0.61037487
0.5804021
0.53390914
0.56340444
0.61645037
0.56181574
0.57095575
0.5390362
0.6138609
0.553346
0.5280283
0.5328258
0.6051169
2.3247495
0.56776553
0.54488534
0.59481925
0.628318
0.56570154
0.60312766
0.5714397
0.5772905
0.5617297
0.48991224
0.5840351
0.5835299
0.57005656
0.54454726
0.57612765
0.538193
0.5436399
0.5652754
0.5552118
0.5189811
0.50908715
0.55377316
0.56822956
0.52878565
0.5489664
0.55380195
0.55177075
0.5541893
0.6269991
0.6048957
0.6208761
0.5939016
0.6489523
0.54437035
0.54230046
0.5541883
0.579529
0.55342025
0.5663564
0.51504457
0.5553672
0.53018296
0.5872959
0.5651666
0.8412764
0.54916954
0.56604964
0.56041
0.56595755
0.51382184
0.58575875
0.55330575
