0.997344493865966796875
0.99760305881500244140625
0.998283088207244873046875
0.99912548065185546875
0.99907433986663818359375
0.998571574687957763671875
0.999248504638671875
0.998439788818359375
0.99908816814422607421875
0.998245716094970703125
0.999047458171844482421875
0.999484956264495849609375
0.999128162860870361328125
0.998656749725341796875
0.997285425662994384765625
0.999161899089813232421875
0.997136056423187255859375
0.998344600200653076171875
0.998608529567718505859375
0.998707950115203857421875
0.998499333858489990234375
0.99899923801422119140625
0.99870359897613525390625
0.9977419376373291015625
0.996885716915130615234375
0.999675750732421875
0.999229371547698974609375
0.997371971607208251953125
0.99868261814117431640625
0.999563395977020263671875
0.99886190891265869140625
0.9984643459320068359375
0.999446570873260498046875
0.99874079227447509765625
0.997454226016998291015625
0.9991471767425537109375
0.9968068599700927734375
0.999978005886077880859375
0.999056756496429443359375
0.997071683406829833984375
0.999472320079803466796875
0.99816787242889404296875
0.99891149997711181640625
0.9987881183624267578125
0.999329507350921630859375
0.998984396457672119140625
0.999907672405242919921875
0.999389171600341796875
0.99846947193145751953125
0.998683154582977294921875
0.99910891056060791015625
0.999697625637054443359375
0.999164760112762451171875
0.998402535915374755859375
0.998512923717498779296875
0.99900090694427490234375
0.9990556240081787109375
0.998902499675750732421875
0.998456299304962158203125
0.99879229068756103515625
0.99783670902252197265625
0.999028503894805908203125
0.99918138980865478515625
0.99902021884918212890625
0.999555051326751708984375
0.9975602626800537109375
0.996674120426177978515625
0.999530315399169921875
0.999239742755889892578125
0.997198283672332763671875
0.999122798442840576171875
0.998843669891357421875
0.998761117458343505859375
0.999157607555389404296875
0.99864864349365234375
0.9962482452392578125
0.998676836490631103515625
0.998725831508636474609375
0.999403059482574462890625
0.996899127960205078125
0.998106420040130615234375
0.998949944972991943359375
0.99889290332794189453125
0.99871647357940673828125
0.998825132846832275390625
0.998314917087554931640625
0.998391807079315185546875
0.997919559478759765625
0.997983872890472412109375
0.999149382114410400390625
0.99859726428985595703125
0.99861812591552734375
0.999003589153289794921875
0.9983246326446533203125
0.9985125064849853515625
0.99736559391021728515625
0.998195111751556396484375
0.998997867107391357421875
0.999022006988525390625
0.99738347530364990234375
0.998592376708984375
0.998371779918670654296875
0.999229490756988525390625
0.997812569141387939453125
0.999669969081878662109375
0.998921573162078857421875
0.99735033512115478515625
0.999004542827606201171875
0.9984972476959228515625
0.997090876102447509765625
0.99822914600372314453125
0.998349845409393310546875
0.999180614948272705078125
0.99896180629730224609375
0.997996747493743896484375
0.998901069164276123046875
0.998463451862335205078125
0.995666921138763427734375
0.99807822704315185546875
0.998727142810821533203125
0.999005019664764404296875
0.997996985912322998046875
0.9995305538177490234375
0.998557984828948974609375
0.99866020679473876953125
0.99882900714874267578125
0.999315321445465087890625
0.99860870838165283203125
0.997884809970855712890625
0.9987545013427734375
0.998231112957000732421875
0.999355494976043701171875
0.999136626720428466796875
0.998707354068756103515625
0.9992249011993408203125
0.9996187686920166015625
0.998610198497772216796875
0.998536646366119384765625
0.99883925914764404296875
0.9988167285919189453125
0.998856246471405029296875
0.998656213283538818359375
0.998592555522918701171875
0.9992101192474365234375
0.99962520599365234375
0.998429715633392333984375
0.999302923679351806640625
0.9986526966094970703125
0.999822437763214111328125
0.999215602874755859375
0.997676670551300048828125
