667.7718584537506103515625
667.7717864513397216796875
667.771988391876220703125
667.7718060016632080078125
667.771775722503662109375
667.771982669830322265625
667.771854877471923828125
667.77192974090576171875
667.771978855133056640625
667.771785736083984375
667.7720086574554443359375
667.77170276641845703125
667.7718374729156494140625
667.771715641021728515625
667.771736621856689453125
667.7719762325286865234375
667.771933078765869140625
667.771967411041259765625
667.77189922332763671875
667.7722098827362060546875
667.771930694580078125
667.7718312740325927734375
667.77191162109375
667.77169132232666015625
667.77180385589599609375
667.771726131439208984375
667.7720201015472412109375
667.77165889739990234375
667.771840572357177734375
667.773230075836181640625
667.77237224578857421875
667.7718794345855712890625
667.771774768829345703125
667.77180957794189453125
667.7717149257659912109375
667.77191638946533203125
667.772113323211669921875
667.7717587947845458984375
667.7719218730926513671875
667.7718830108642578125
667.77175045013427734375
667.7718369960784912109375
667.7732017040252685546875
667.7717502117156982421875
667.772033214569091796875
667.77183437347412109375
667.772118091583251953125
667.7720115184783935546875
667.7719879150390625
667.7718551158905029296875
667.7716691493988037109375
667.7718331813812255859375
667.771791934967041015625
667.7717015743255615234375
667.77184391021728515625
667.772159576416015625
667.771869659423828125
667.7717792987823486328125
667.771923065185546875
667.7716653347015380859375
667.7717916965484619140625
667.771792888641357421875
667.772060394287109375
667.772046566009521484375
667.77174663543701171875
667.77324008941650390625
667.771968364715576171875
667.771842479705810546875
667.771854877471923828125
667.7717506885528564453125
667.77176952362060546875
667.771465778350830078125
667.7733709812164306640625
667.7719752788543701171875
667.771869182586669921875
667.771982669830322265625
667.7718522548675537109375
667.7718560695648193359375
667.7719500064849853515625
667.7717297077178955078125
667.7717645168304443359375
667.7721049785614013671875
667.7716991901397705078125
667.7718601226806640625
667.77187442779541015625
667.7718122005462646484375
667.7719762325286865234375
667.7718994617462158203125
667.7718284130096435546875
667.77185344696044921875
667.773269176483154296875
667.771824359893798828125
667.7719523906707763671875
667.772538661956787109375
667.7732379436492919921875
667.7716810703277587890625
667.7720699310302734375
667.772090911865234375
667.7718448638916015625
667.77191448211669921875
667.771704196929931640625
667.7717640399932861328125
667.7718203067779541015625
667.77191448211669921875
667.7719442844390869140625
667.7717912197113037109375
667.7717459201812744140625
667.7720072269439697265625
667.7718665599822998046875
667.77183055877685546875
667.7717888355255126953125
667.773446559906005859375
667.7719709873199462890625
667.7718689441680908203125
667.7718293666839599609375
667.7718784809112548828125
667.7718555927276611328125
667.771886348724365234375
667.7718732357025146484375
667.772034168243408203125
667.771762847900390625
667.771882534027099609375
667.771869182586669921875
667.7718639373779296875
667.771744251251220703125
667.7719919681549072265625
667.7717416286468505859375
667.773263454437255859375
667.7716853618621826171875
667.771759033203125
667.7720582485198974609375
667.773532867431640625
667.771880626678466796875
667.771826267242431640625
667.7717864513397216796875
667.771938323974609375
667.771728515625
667.7717421054840087890625
667.7714025974273681640625
667.7719218730926513671875
667.771854400634765625
667.7735424041748046875
667.7720892429351806640625
667.7721679210662841796875
667.7718505859375
667.77209377288818359375
667.7716925144195556640625
667.771895885467529296875
667.7738540172576904296875
667.7718727588653564453125
667.7717416286468505859375
