0.99810230731964122430355246251565404236316680908203125
0.998720228672027587890625
0.99857020378112804070980246251565404236316680908203125
0.99965512752532958984375
0.999621570110321044921875
0.999189078807830810546875
0.999457061290740966796875
0.9986460208892822265625
0.99925559759140003546207253748434595763683319091796875
0.99915343523025523797542746251565404236316680908203125
0.998933732509613037109375
0.99984675645828235968082253748434595763683319091796875
0.99935877323150634765625
0.99866735935211181640625
0.99833309650421142578125
0.99977648258209239617855246251565404236316680908203125
0.99707686901092518194644753748434595763683319091796875
0.99824917316436756475894753748434595763683319091796875
0.99826920032501220703125
0.998890578746795654296875
0.99971210956573475225894753748434595763683319091796875
0.998935401439666748046875
0.99931669235229481085269753748434595763683319091796875
0.998715460300445556640625
0.997651994228363037109375
0.999394893646240234375
0.99985200166702281610042746251565404236316680908203125
0.99917095899581920281917746251565404236316680908203125
0.99923819303512562139957253748434595763683319091796875
0.99947857856750477179019753748434595763683319091796875
0.9992744922637939453125
0.999538719654083251953125
0.99964767694473277703792746251565404236316680908203125
0.9989445209503173828125
0.997684895992279052734375
0.999137222766876220703125
0.9975872039794921875
0.99993610382080078125
0.999615848064422607421875
0.99628365039825439453125
0.99966019392013560906917746251565404236316680908203125
0.99997061491012562139957253748434595763683319091796875
0.999078094959259033203125
0.999358117580413818359375
0.999495327472686767578125
0.99920237064361561163394753748434595763683319091796875
0.99991780519485484735042746251565404236316680908203125
0.999737441539764404296875
0.99978733062744140625
0.99904602766036998406917746251565404236316680908203125
0.998262345790863037109375
0.9997727870941162109375
0.99923390150070201531917746251565404236316680908203125
0.99851560592651356085269753748434595763683319091796875
0.99897491931915283203125
0.99899399280548095703125
0.999167382717132568359375
0.99898660182952880859375
0.99965959787368763311832253748434595763683319091796875
0.9988005161285400390625
0.997748434543609619140625
0.99891865253448475225894753748434595763683319091796875
0.999732673168182373046875
0.99957400560379039422542746251565404236316680908203125
0.99999940395355224609375
0.998325526714324951171875
0.99790382385253917352230246251565404236316680908203125
0.99967867136001598016292746251565404236316680908203125
0.99923866987228404656917746251565404236316680908203125
0.99800199270248401983707253748434595763683319091796875
0.999425947666168212890625
0.99974012374877918585269753748434595763683319091796875
0.99902468919754039422542746251565404236316680908203125
0.998710095882415771484375
0.99897617101669322625667746251565404236316680908203125
0.997904002666473388671875
0.99935615062713623046875
0.99919658899307239874332253748434595763683319091796875
0.99966949224472034796207253748434595763683319091796875
0.99833643436431884765625
0.99889457225799560546875
0.99860417842865001336605246251565404236316680908203125
0.999323308467864990234375
0.9993965625762939453125
0.999332487583160400390625
0.99857324361801158563167746251565404236316680908203125
0.99852126836776722296207253748434595763683319091796875
0.99753916263580322265625
0.99935895204544078485042746251565404236316680908203125
0.99919074773788441046207253748434595763683319091796875
0.99884021282196044921875
0.99889391660690318719417746251565404236316680908203125
0.99970906972885120733707253748434595763683319091796875
0.998974978923797607421875
0.998802483081817626953125
0.99832081794738758429019753748434595763683319091796875
0.99900865554809559210269753748434595763683319091796875
0.99960893392562877313167746251565404236316680908203125
0.99692803621292125360042746251565404236316680908203125
0.998614013195037841796875
0.998949348926544189453125
0.99899357557296764031917746251565404236316680908203125
0.99966651201248157843082253748434595763683319091796875
0.99828881025314319952457253748434595763683319091796875
0.999394595623016357421875
0.99890410900115955694644753748434595763683319091796875
0.99878251552581798211605246251565404236316680908203125
0.99947601556777965203792746251565404236316680908203125
0.998402416706085205078125
0.99890351295471202508480246251565404236316680908203125
0.998479425907135009765625
0.99926745891571044921875
0.9996750354766845703125
0.998692572116851806640625
0.998055636882781982421875
0.99888128042221080438167746251565404236316680908203125
0.999623119831085205078125
0.99853831529617320672542746251565404236316680908203125
0.999014198780059814453125
0.9984328746795654296875
0.99931484460830677374332253748434595763683319091796875
0.9984829425811767578125
0.99943596124649036749332253748434595763683319091796875
0.99891185760498035772769753748434595763683319091796875
0.99860775470733642578125
0.998857796192169189453125
0.99985492229461681024105246251565404236316680908203125
0.99944275617599476202457253748434595763683319091796875
0.99828594923019398077457253748434595763683319091796875
0.99904012680053722039730246251565404236316680908203125
0.9992187023162841796875
0.99952608346939075811832253748434595763683319091796875
0.999080479145050048828125
0.99921017885208118780582253748434595763683319091796875
0.99915003776550281866519753748434595763683319091796875
0.999983489513397216796875
0.998737633228302001953125
0.99970781803131103515625
0.99796020984649658203125
0.998272716999053955078125
0.99948537349700916632144753748434595763683319091796875
0.99922621250152598992855246251565404236316680908203125
0.999272882938385009765625
0.99995666742324840203792746251565404236316680908203125
0.99989855289459239617855246251565404236316680908203125
0.99945634603500355108707253748434595763683319091796875
0.99928247928619384765625
0.99894511699676524774105246251565404236316680908203125
0.9999840259552001953125
0.99967253208160400390625
0.998566210269927978515625
