18.0484790802001953125
18.034042835235595703125
18.2403371334075927734375
18.32257080078125
18.284877300262451171875
18.2374179363250732421875
18.09117412567138671875
18.1071174144744873046875
17.9859993457794189453125
17.6919925212860107421875
17.9321954250335693359375
17.862186431884765625
18.08811855316162109375
17.860261440277099609375
17.3282501697540283203125
18.154035329818729138651178800500929355621337890625
18.0155966281890869140625
18.063014268875118517598821199499070644378662109375
17.7672488689422607421875
18.0666468143463134765625
18.095247745513916015625
17.89119243621826171875
18.012250423431396484375
18.1042935848236083984375
18.294559955596923828125
18.24425506591796875
18.267375946044918322286321199499070644378662109375
18.2176177501678466796875
18.1819231510162353515625
18.167666912078857421875
18.1212389469146728515625
18.303903579711910509786321199499070644378662109375
17.7508723735809326171875
17.7363979816436767578125
17.7115519046783447265625
17.8421189785003662109375
17.8326451778411865234375
17.7970387935638427734375
17.75753688812255859375
17.7687799930572509765625
18.18995380401611328125
18.0884921550750732421875
17.887717723846435546875
18.433137416839599609375
18.1911563873291015625
17.896934986114501953125
18.275617361068729138651178800500929355621337890625
18.1975524425506591796875
18.0836651325225830078125
18.1240341663360595703125
18.22337245941162109375
18.198582172393798828125
17.969816684722900390625
17.923453807830810546875
18.19951152801513671875
17.8829391002655029296875
18.547925472259521484375
18.47962284088134765625
17.9643650054931640625
18.189900875091552734375
18.0276889801025390625
18.400787115097049451151178800500929355621337890625
18.2188813686370849609375
17.892147064208984375
17.8652737140655517578125
18.2816665172576904296875
18.251762866973876953125
18.5135233402252197265625
18.38456249237060546875
18.2083594799041748046875
17.6258928775787353515625
17.77419757843017578125
18.448657512664794921875
18.1756274700164794921875
18.063753128051761365213678800500929355621337890625
17.9760758876800537109375
18.040591716766357421875
17.9117462635040283203125
18.2848184108734130859375
18.36105251312255859375
18.1068284511566162109375
18.1494662761688232421875
18.0364186763763427734375
18.041126489639278673848821199499070644378662109375
17.9549510478973388671875
17.6405413150787353515625
17.822336673736572265625
18.0430691242218017578125
17.798611164093017578125
17.9255745410919189453125
17.7102959156036376953125
17.729789257049560546875
17.7478129863739013671875
18.2230570316314697265625
18.346978664398193359375
17.9437563419342041015625
17.9157619476318359375
17.806271076202392578125
17.941272258758544921875
17.92816257476806640625
18.1613490581512451171875
18.2065827846527099609375
18.0519378185272216796875
18.032794952392574572286321199499070644378662109375
17.937021732330322265625
18.2442028522491455078125
17.95237064361572265625
18.0367524623870849609375
17.6760222911834716796875
18.091822147369384765625
18.00016021728515625
17.871293544769287109375
18.1665503978729248046875
18.015021562576297498026178800500929355621337890625
18.277021646499630236348821199499070644378662109375
18.017891407012939453125
18.336552143096923828125
18.2195756435394287109375
18.2351105213165283203125
18.361329793930057263651178800500929355621337890625
18.099416255950927734375
18.244836330413818359375
18.4463231563568115234375
18.143781423568729138651178800500929355621337890625
18.214539051055908203125
17.909098148345947265625
18.0402119159698486328125
18.05779170989990234375
18.2045910358428955078125
18.0248281955718994140625
17.991048336029052734375
18.1722698211669921875
17.7886905670166015625
18.223368167877197265625
18.274038791656497693338678800500929355621337890625
18.0841662883758544921875
18.2788956165313720703125
17.8786563873291015625
18.0739943981170654296875
17.98738765716552734375
18.3564341068267822265625
18.7462978363037109375
17.85522747039794921875
17.9532539844512939453125
18.4345614910125732421875
18.5328900814056396484375
17.892323970794677734375
17.8137319087982177734375
17.7884933948516845703125
17.9747469425201416015625
17.857099056243896484375
