-63.47132228851318558326966012828052043914794921875
-67.8583925819396966971908113919198513031005859375
-80.2704417037963793291055480949580669403076171875
-61.51312024116516141702959430404007434844970703125
-75.9574495124816877478224341757595539093017578125
-71.4498940277099592321974341757595539093017578125
-68.6968159294128355440989253111183643341064453125
-60.443021564483643714993377216160297393798828125
-66.8468225097656301159076974727213382720947265625
-72.018092479705813957480131648480892181396484375
-69.9125716590881296497173025272786617279052734375
-71.0415452575683588065658113919198513031005859375
-63.061628608703614418118377216160297393798828125
-66.1801721572876004984209430404007434844970703125
-67.5108374786376970178025658242404460906982421875
-60.38802665710448991376324556767940521240234375
-66.0293024826049759212764911353588104248046875
-70.41964393615722883623675443232059478759765625
-68.123094406127933098105131648480892181396484375
-63.51114793777465905577628291212022304534912109375
-68.90457040786742481941473670303821563720703125
-63.806764039993282722207368351519107818603515625
-71.0785639762878389547040569595992565155029296875
-70.3828438949584977990525658242404460906982421875
-71.6529580307006881412235088646411895751953125
-68.7774226760864308971576974727213382720947265625
-71.654123992919920738131622783839702606201171875
-66.8770908164977981869014911353588104248046875
-71.0557238006591802559341886080801486968994140625
-77.2146469306945846255985088646411895751953125
-68.1087291145324655872173025272786617279052734375
-60.71401979446411445451303734444081783294677734375
-71.0788595771789601940326974727213382720947265625
-72.899762840270994956881622783839702606201171875
-68.852451114654542152493377216160297393798828125
-68.5890880966186529121841886080801486968994140625
-65.485002365112308098105131648480892181396484375
-70.6905385398864751778091886080801486968994140625
-64.167049980163568534408113919198513031005859375
-72.30625110626220930498675443232059478759765625
-64.974613456726075355618377216160297393798828125
-71.3167634391784730496510746888816356658935546875
-69.6060629081726034428356797434389591217041015625
-64.81548309326171875
-67.366786098480218925033113919198513031005859375
-69.3474803352356019559010746888816356658935546875
-63.23239449501037512391121708787977695465087890625
-68.276885356903079582480131648480892181396484375
-64.28752893447875749188824556767940521240234375
-66.4010509681701677209275658242404460906982421875
-64.4042068862915044746841886080801486968994140625
-61.878222436904906089694122783839702606201171875
-76.17027027130126271003973670303821563720703125
-63.47643571853637922686175443232059478759765625
-64.3147716522216796875
-62.81645649909972917157574556767940521240234375
-67.13138383865356217938824556767940521240234375
-63.84714774131774817078621708787977695465087890625
-66.5405619049072214465923025272786617279052734375
-76.465190143585203941256622783839702606201171875
-68.4869514274597150915724341757595539093017578125
-69.3881576538085909078290569595992565155029296875
-72.159535617828368003756622783839702606201171875
-69.36973804473876725751324556767940521240234375
-66.5441505432128934671709430404007434844970703125
-68.54947895050048600751324556767940521240234375
-64.0318039512634271659408113919198513031005859375
-69.672549095153812004355131648480892181396484375
-65.2012534904479963415724341757595539093017578125
-62.74405483245849524109871708787977695465087890625
-72.829970741271978340591886080801486968994140625
-68.2207580375671369665724341757595539093017578125
-62.13619312286376583642777404747903347015380859375
-67.064570636749266441256622783839702606201171875
-78.919894313812250175033113919198513031005859375
-76.289605407714844886868377216160297393798828125
-67.455662403106686042519868351519107818603515625
-65.2458996963500936772106797434389591217041015625
-73.318997764587408028091886080801486968994140625
-72.14025730133056413251324556767940521240234375
-71.45486528396605763191473670303821563720703125
-71.2777863311767561071974341757595539093017578125
-67.417514114379883949368377216160297393798828125
-68.86433654785156477373675443232059478759765625
-63.45781393051147034611858543939888477325439453125
-76.6368141555786195340260746888816356658935546875
-70.05012481689453807121026329696178436279296875
-65.747965965270992683144868351519107818603515625
-67.7616810035705583459275658242404460906982421875
-71.4974251556396467321974341757595539093017578125
-71.476357555389398612533113919198513031005859375
-68.0567967414855985452959430404007434844970703125
-65.58408468246460643058526329696178436279296875
-73.5314183998107893103224341757595539093017578125
-68.2433415222167951696974341757595539093017578125
-69.3224140357971236880985088646411895751953125
-61.98800345420837487608878291212022304534912109375
-78.9755660438537603340591886080801486968994140625
-56.41976060867309428203952847979962825775146484375
-67.9875717544555726590260746888816356658935546875
-63.5780905342102045096908113919198513031005859375
-71.5646533584594664034739253111183643341064453125
-74.641475410461424644381622783839702606201171875
-74.2429403495788591271775658242404460906982421875
-70.5817395591735845528091886080801486968994140625
-71.158477210998540840591886080801486968994140625
-63.2888794136047323490856797434389591217041015625
-69.9568207168579050403423025272786617279052734375
-68.058229122161861823769868351519107818603515625
-70.1456852340698304715260746888816356658935546875
-70.4501031684875442806514911353588104248046875
-69.566188335418701171875
-66.1379455757141130334275658242404460906982421875
-73.0028635406494146309341886080801486968994140625
-65.472111434936522300631622783839702606201171875
-64.88801939010619435066473670303821563720703125
-68.670186309814454261868377216160297393798828125
-65.7103402137756376077959430404007434844970703125
-65.7996479415893560371841886080801486968994140625
-64.71955997467040333503973670303821563720703125
-70.438609218597406425033113919198513031005859375
-69.4731847763061551859209430404007434844970703125
-67.0255699539184632840260746888816356658935546875
-69.0815920448303160128489253111183643341064453125
-65.127211723327633308144868351519107818603515625
-63.00248806953430147359540569595992565155029296875
-62.74310916900634538251324556767940521240234375
-71.482814788818359375
-75.4447628402709966621841886080801486968994140625
-68.67944770812988508623675443232059478759765625
-68.7051194190978975484540569595992565155029296875
-75.5970928192138700296709430404007434844970703125
-70.458835754394527839394868351519107818603515625
-68.6492767715454164090260746888816356658935546875
-67.027121868133548332480131648480892181396484375
-64.745245666503905113131622783839702606201171875
-69.923877029418946449368377216160297393798828125
-73.3385861968994134940658113919198513031005859375
-66.0625227546691888846908113919198513031005859375
-69.1334693908691377828290569595992565155029296875
-66.86419063568115461748675443232059478759765625
-68.0825368118286178287235088646411895751953125
-73.273749141693116371243377216160297393798828125
-67.4759125900268514897106797434389591217041015625
-65.6413095474243135640790569595992565155029296875
-69.308726787567138671875
-68.081964340209964348105131648480892181396484375
-68.056778278350833488730131648480892181396484375
-72.15964740753173600751324556767940521240234375
-64.9205701255798288684673025272786617279052734375
-68.295702667236326988131622783839702606201171875
