666.9242799282073974609375
666.9242107868194580078125
666.9244096279144287109375
666.9242293834686279296875
666.92419719696044921875
666.924407482147216796875
666.92427825927734375
666.9243533611297607421875
666.9244019985198974609375
666.9242103099822998046875
666.92443180084228515625
666.9241259098052978515625
666.924261569976806640625
666.9241383075714111328125
666.9241592884063720703125
666.9243996143341064453125
666.9243564605712890625
666.9243915081024169921875
666.924322605133056640625
666.9246332645416259765625
666.9243543148040771484375
666.9242537021636962890625
666.924335002899169921875
666.92411327362060546875
666.924227237701416015625
666.9241485595703125
666.9244444370269775390625
666.9240825176239013671875
666.92426395416259765625
666.9256534576416015625
666.924795627593994140625
666.9243028163909912109375
666.9241993427276611328125
666.924233913421630859375
666.9241313934326171875
666.9243395328521728515625
666.9245357513427734375
666.9241821765899658203125
666.9243462085723876953125
666.9243052005767822265625
666.924175262451171875
666.9242589473724365234375
666.92562389373779296875
666.924174785614013671875
666.9244568347930908203125
666.9242565631866455078125
666.924541473388671875
666.924436092376708984375
666.924411296844482421875
666.92427825927734375
666.9240934848785400390625
666.924255847930908203125
666.9242155551910400390625
666.9241240024566650390625
666.924266338348388671875
666.92458438873291015625
666.924292087554931640625
666.9242026805877685546875
666.9243471622467041015625
666.9240896701812744140625
666.924214839935302734375
666.924216747283935546875
666.9244849681854248046875
666.9244709014892578125
666.9241702556610107421875
666.925664424896240234375
666.92439365386962890625
666.9242656230926513671875
666.924278736114501953125
666.9241740703582763671875
666.924193859100341796875
666.9238893985748291015625
666.9257962703704833984375
666.9244039058685302734375
666.9242923259735107421875
666.9244058132171630859375
666.924277782440185546875
666.92427825927734375
666.9243724346160888671875
666.9241511821746826171875
666.924188137054443359375
666.924529552459716796875
666.9241235256195068359375
666.92428493499755859375
666.924297809600830078125
666.924237728118896484375
666.9243984222412109375
666.9243218898773193359375
666.924252033233642578125
666.9242775440216064453125
666.9256916046142578125
666.924247264862060546875
666.9243757724761962890625
666.9249632358551025390625
666.925662517547607421875
666.924105167388916015625
666.924495220184326171875
666.9245145320892333984375
666.92426776885986328125
666.9243450164794921875
666.9241287708282470703125
666.9241874217987060546875
666.9242446422576904296875
666.924337863922119140625
666.9243676662445068359375
666.9242093563079833984375
666.9241693019866943359375
666.9244296550750732421875
666.924289226531982421875
666.9242608547210693359375
666.9242122173309326171875
666.92586994171142578125
666.9243953227996826171875
666.9242923259735107421875
666.9242436885833740234375
666.9243011474609375
666.924279689788818359375
666.9243109226226806640625
666.9242975711822509765625
666.9244577884674072265625
666.9241850376129150390625
666.9243071079254150390625
666.9242928028106689453125
666.9242870807647705078125
666.9241645336151123046875
666.924414157867431640625
666.9241759777069091796875
666.92568683624267578125
666.924108028411865234375
666.924182415008544921875
666.924480915069580078125
666.925953388214111328125
666.9243032932281494140625
666.9242517948150634765625
666.924213886260986328125
666.9243638515472412109375
666.9241507053375244140625
666.92416477203369140625
666.923826694488525390625
666.9243452548980712890625
666.9242804050445556640625
666.925966739654541015625
666.924511432647705078125
666.9245903491973876953125
666.924272060394287109375
666.924518108367919921875
666.9241230487823486328125
666.92431926727294921875
666.92627620697021484375
666.924294948577880859375
666.924165248870849609375
