315041129732094511920
294770572505522581245
270789812797368509559
323505016530540982206
244745861233744916546
268348185197777352076
339322830444502989489
380861471543648116569
296301668658561729441
234594372031273177218
345248188479542388597
298894665095082072857
266404315872227589769
320720406913468102810
213102819288896713778
364618455541997120726
258710186662264269528
303670655132848500378
297728027212041000537
370402366949460413466
267140071256758998286
349156777620151759378
356084139875411187019
295365698739120773360
304536685455602230176
337241647061584267640
356114166894384127257
277286584013347242249
337682274052508764821
346103182560200762298
335392572174400416274
349005162251481905377
298763291396486238957
208629026403853893587
307078432804909747892
318782176175244624304
336071326711879085854
236589900642412344078
324285302661596187932
320914648998164072960
332221269625811273704
257827780111628706284
330385713081067958483
275416288658499949346
288834231876884290403
323124305522040752755
274104300502157138229
221865969431474423838
302036777910113430563
320119676672616556898
327166893496573723660
309492604428037791114
287186508463688890073
303203964395711120704
281289469056192644305
257309330048927291076
272945633868215363784
373628111760891043880
320934257763425106452
352109133818558624360
340715057792043972829
320573667350000044205
315794012683855906817
258823304525799264478
316639677028208920101
351002996784311529593
235560144892763014354
305936298198512955004
306137754321907096610
303043477568231128166
306266274752407556118
338259632932026186313
318480792068171906104
332305035541410052034
319691641989530753302
307354158089430599685
351009832951300238360
264080874892018519944
275896198237629503137
261662415163547550522
374811237751464780328
292775834204998089621
284242971183366359728
357940499952026094893
313033917951516897585
321975049903132853191
250858068309967079494
345111428248854953259
253647098790791906460
283031690527257162542
342430086234352390128
291586658762219558797
347646803645966190519
275844045430491758299
351993200905608455621
332666928203062319688
350306220713924319664
332322024202153681349
129681807814631055954
266614074964006602542
377850103897877876100
309241836514276151333
285108923435672061720
281379971356305438572
307969866813994763784
320687177939293434353
268470482740077684117
289937564775889495310
343956090201239886267
213737315343278933566
332474552235439971305
244540103347162486896
333393976218353087904
322513295316160188611
333721168611019343947
305227766870736347054
288475800470569651001
289279131810232077282
279424312051859153369
297612952079601970365
315023734890774598131
271757093986402081465
339984678008370155924
310888933858775722047
283817437678685134280
321299900634748122885
288375938331570116564
309034460393942350202
260519510641638896538
273171256325431248010
329438396748960469483
246285470065847005536
299680276801232300448
256003275274296098887
293619290943887504755
304517878655087102367
323168747473410470083
315569998817363391556
350792421123878488934
288986887538855931950
342735769838020684955
362526523809428423911
243110925616965360812
337072907089892056061
298972126278183185656
313417557841019675874
307322325104486740850
357448463777164804861
192834073763654448038
319678010510787221889
356200721201643670905
