0.391439907156157895773418431417667306959629058837890625
0.359450622359604288202916677619214169681072235107421875
0.386796220099525689395392191727296449244022369384765625
0.354630903800822683269444723919150419533252716064453125
0.41337393771248531759709976540761999785900115966796875
0.392310341013887009520288984276703558862209320068359375
0.372693884403828390450286178747774101793766021728515625
0.3740766757808688947051223294693045318126678466796875
0.359046013168476674248807967160246334969997406005859375
0.361070937480832299115718342363834381103515625
0.409441949736923882507966254706843756139278411865234375
0.371786045230484585299990385465207509696483612060546875
0.378548139760102875239766717641032300889492034912109375
0.372088248546239286351777764139114879071712493896484375
0.353055565517305380840440420797676779329776763916015625
0.359117026587976895246612230039318092167377471923828125
0.372675336070963314494264295717584900557994842529296875
0.38558999921440839653286047905567102134227752685546875
0.3488833152818580085607891305699013173580169677734375
0.377621058921544572317685606321902014315128326416015625
0.360637359786143585349549312013550661504268646240234375
0.360886922716795510712728400903870351612567901611328125
0.391248282509059297495923601672984659671783447265625
0.385249417729949084066021214312058873474597930908203125
0.39385557221303457708927453495562076568603515625
0.370195026227466084112194266708684153854846954345703125
0.384953331068501380940460876445285975933074951171875
0.320187203846003409779541470925323665142059326171875
0.38111509498033091514201942118234001100063323974609375
0.344617575142853294067890601581893861293792724609375
0.38925057590862888190486046369187533855438232421875
0.39878783304812348564638568859663791954517364501953125
0.3731043425854581041534174801199696958065032958984375
0.3419846343731334226134777054539881646633148193359375
0.33987033073203820610075354125001467764377593994140625
0.382012916602341101590667449272586964070796966552734375
0.377050704679320280998666703453636728227138519287109375
0.359706288846922184188059645748580805957317352294921875
0.352031131404980601740106749275582842528820037841796875
0.40840611414785421562356759750400669872760772705078125
0.376312835088108588177391311546671204268932342529296875
0.39463051029475659792211672538542188704013824462890625
0.402639061667710185243862497372901998460292816162109375
0.33917080483379791200349018254200927913188934326171875
0.388041292758880107527375002973712980747222900390625
0.365914241795099626219922583914012648165225982666015625
0.336035448807437908680384452964062802493572235107421875
0.356227331323992812972534238724620081484317779541015625
0.423628086086686173050708248410956002771854400634765625
0.3549916806860660134503859808319248259067535400390625
0.389766186304810802187859053447027690708637237548828125
0.389914889040869294678515188934397883713245391845703125
0.343445880239863499117092260348726995289325714111328125
0.28345519598827018104003627740894444286823272705078125
0.382725127595745673314553414456895552575588226318359375
0.3737545731856279918048358013038523495197296142578125
0.393584641659702694216349527778220362961292266845703125
0.374143953031340625869916038936935365200042724609375
0.393282119149941211677656838219263590872287750244140625
0.367209382734779710144579212283133529126644134521484375
0.373767996881188280244856514400453306734561920166015625
0.36436733812190691406129872120800428092479705810546875
0.364810068723744718166557277072570286691188812255859375
0.397578303512210295966866624439717270433902740478515625
0.417447854953618413542670850802096538245677947998046875
0.37154398999760307464867992166546173393726348876953125
0.348476194274686512653005365791614167392253875732421875
0.3932191276692709180906604160554707050323486328125
0.403565971365818676463987912939046509563922882080078125
0.385816526306643314825350898900069296360015869140625
0.414456460755197486633960579638369381427764892578125
0.374706972948765593134368145911139436066150665283203125
0.353917238009881174320980790071189403533935546875
0.382206195974826801187163027861970476806163787841796875
0.3597344913320295045622287943842820823192596435546875
0.41397800525960970485783718686434440314769744873046875
0.367486971371317416856783211187575943768024444580078125
0.280747631128517916021536393600399605929851531982421875
0.37100910563964861754726598519482649862766265869140625
0.362482697559493305394795470419921912252902984619140625
0.36968038154291449348676223962684161961078643798828125
0.345459164690555098342628070895443670451641082763671875
0.384708652545579010695320221202564425766468048095703125
0.372198831056679002582399107268429361283779144287109375
0.306182498987754014851958572762669064104557037353515625
0.420396294217998900411004115085233934223651885986328125
0.364740853416822385923978799837641417980194091796875
0.37091415278323491833134539774619042873382568359375
0.36339287853820267937265953150927089154720306396484375
0.370154251755996199779730204681982286274433135986328125
0.402394806817248984476265150078688748180866241455078125
0.394257945646584506693699267998454160988330841064453125
0.323017853197046400648417829870595596730709075927734375
0.342251511620845383365718817003653384745121002197265625
0.355718510682781985376976763291168026626110076904296875
0.364869474057029907765326015578466467559337615966796875
0.34147197994249889330120595332118682563304901123046875
0.349810476385841784274788324182736687362194061279296875
0.34641220938869488055189549413626082241535186767578125
0.36537915556622679869036574018537066876888275146484375
0.33555940601946410151157351720030419528484344482421875
0.381727007652176875129867994473897852003574371337890625
0.400899459918842293593144177066278643906116485595703125
0.35959108006591922190864352160133421421051025390625
0.3831265582057066243493181900703348219394683837890625
0.356822073724263277849644282468943856656551361083984375
0.322280533852787487436586388866999186575412750244140625
0.341399833568644617276532926553045399487018585205078125
0.33906160754459069295307926950044929981231689453125
0.346780521273854003272418822234612889587879180908203125
0.376319587829905710663069839938543736934661865234375
0.34163963034801880791491157651762478053569793701171875
0.36731577095167178281798214811715297400951385498046875
0.4017326792201922902592059472226537764072418212890625
0.375045420314572608422309940578998066484928131103515625
0.35821862790973868495569831793545745313167572021484375
0.37945674197635892443969396481406874954700469970703125
0.37265922314541921611663610747200436890125274658203125
0.29778941140817971611198800019337795674800872802734375
0.38269048013829287668841061531566083431243896484375
0.372458812988501086760351199700380675494670867919921875
0.313283342272269116346450346100027672946453094482421875
0.361299220589058001085192017853842116892337799072265625
0.379416560688693393910142503955285064876079559326171875
0.314412525413922006034539435859187506139278411865234375
0.36425120886449680046581534043070860207080841064453125
0.348081621808762287084704212247743271291255950927734375
0.442435474063546496648058337086695246398448944091796875
0.358850713869256099375348867397406138479709625244140625
0.405411773779030204511997226290986873209476470947265625
0.40355159072209667581176972817047499120235443115234375
0.38610394841387940534360723177087493240833282470703125
0.36354607346466949469032670094748027622699737548828125
0.35390938906220548165748596147750504314899444580078125
0.3648629772901619272573725538677535951137542724609375
0.387152472407010617150291409416240639984607696533203125
0.37594871817367447874858044087886810302734375
0.37123426149960980779951569274999201297760009765625
0.3757909091349223018596603651531040668487548828125
0.380545330480912713522201329396921209990978240966796875
0.370867953019985818752246586882392875850200653076171875
0.362477424508443224482334699132479727268218994140625
0.30411439547368190883247507372288964688777923583984375
0.382527338379825276870604966461542062461376190185546875
0.35435489287170829353357248692191205918788909912109375
0.37415090772698678112107018023380078375339508056640625
0.34197317127323467733646111810230650007724761962890625
0.37349704925645521580435115538421086966991424560546875
0.3086951997384816959169029360054992139339447021484375
0.358323817228239083210183935079840011894702911376953125
0.367972982715400076525469330590567551553249359130859375
