17.67438411712646484375
18.13764190673828125
17.9978415966033935546875
18.0133254528045654296875
17.8381359577178955078125
17.754624843597412109375
18.065022945404052734375
18.666818618774417615213678800500929355621337890625
18.156925201416015625
17.3761119842529296875
18.00160980224609375
18.538833141326904296875
17.667255401611328125
18.194461822509769177713678800500929355621337890625
18.047435760498046875
18.3286869525909423828125
18.006463527679443359375
18.2684361934661865234375
18.0457155704498291015625
18.3871786594390869140625
18.243530750274654650411321199499070644378662109375
18.256557941436767578125
18.236238002777099609375
18.0276238918304443359375
18.3677387237548828125
17.8913695812225341796875
18.060534715652462267598821199499070644378662109375
18.1865751743316650390625
17.941989898681640625
17.8953816890716552734375
18.30891704559326171875
18.560933589935302734375
17.7969684600830078125
17.6447947025299072265625
18.5072629451751708984375
18.4289467334747314453125
18.1694304943084716796875
17.6407601833343505859375
17.542625904083251953125
17.74595737457275390625
18.52028656005859375
18.181820392608642578125
18.1818988323211669921875
18.8766105175018310546875
18.068821430206298828125
18.3898999691009521484375
18.1370875835418701171875
17.9842259883880615234375
17.869023799896240234375
17.9920661449432373046875
17.304647922515869140625
18.462459564208984375
18.2546432018280029296875
17.9603121280670166015625
18.1432807445526123046875
18.048267841339111328125
18.205573320388790392598821199499070644378662109375
18.10824680328369140625
18.2870614528656005859375
18.323689937591552734375
17.9667689800262451171875
18.37077999114990234375
17.787350177764892578125
18.360197544097900390625
17.9536507129669189453125
18.140537261962890625
18.260784626007080078125
18.064102649688720703125
17.953068256378173828125
17.9875776767730712890625
18.1857776641845703125
18.4318745136260986328125
18.120804309844970703125
18.4157397747039794921875
18.14571380615234375
18.053460836410518908223821199499070644378662109375
18.3917267322540283203125
18.179351329803466796875
18.5109169483184814453125
17.3340756893157958984375
17.9853894710540771484375
18.750615119934078478536321199499070644378662109375
17.7888710498809814453125
18.268041372299190783223821199499070644378662109375
18.664582729339599609375
18.5487186908721923828125
18.062770843505859375
18.123359441757198595723821199499070644378662109375
17.7854621410369873046875
18.2428820133209228515625
18.04435634613037109375
18.267114162445068359375
18.149786472320556640625
18.050903797149654650411321199499070644378662109375
18.52807331085205078125
18.60939502716064453125
18.190885543823238634786321199499070644378662109375
18.369095325469970703125
18.199926137924190783223821199499070644378662109375
18.1214940547943115234375
17.4807446002960205078125
17.506011962890625
18.5102367401123046875
18.18724536895751953125
17.8160216808319091796875
18.655450105667110705098821199499070644378662109375
17.832657337188720703125
18.603689193725582384786321199499070644378662109375
18.230135440826416015625
18.61428928375244140625
18.0392100811004638671875
17.5874154567718505859375
18.085914134979248046875
18.0338637828826904296875
18.533364057540897107401178800500929355621337890625
18.4293181896209716796875
18.01740360260009765625
18.1451985836029052734375
18.26376628875732421875
18.503676414489742541036321199499070644378662109375
18.236905574798583984375
18.0357015132904052734375
18.779904842376708984375
17.899257659912109375
18.391209125518798828125
18.34241008758544921875
17.777757167816162109375
18.09148502349853515625
18.3778438568115234375
18.31984424591064453125
17.8078906536102294921875
18.413055896759033203125
18.221357822418212890625
17.688089847564697265625
17.963300228118896484375
18.0713460445404052734375
18.2152612209320068359375
18.3954632282257080078125
18.5783274173736572265625
18.2488038539886474609375
18.2234728336334228515625
17.8575708866119384765625
18.5974404811859130859375
18.490525722503665662088678800500929355621337890625
17.9831883907318115234375
18.1347692012786865234375
18.22803974151611328125
17.9352657794952392578125
18.01368999481201171875
18.4599630832672119140625
18.1236212253570556640625
