17.713176727294921875
18.1488797664642333984375
17.8752114772796630859375
18.298035144805908203125
18.106695413589481091776178800500929355621337890625
17.680984020233154296875
17.810625553131103515625
17.9196746349334716796875
18.3106348514556884765625
17.8819267749786376953125
17.4368190765380859375
17.867303371429443359375
17.7647473812103271484375
17.69106006622314453125
18.4190156459808349609375
18.092784404754638671875
17.9694602489471435546875
17.700422763824462890625
18.0622675418853759765625
18.2085895538330078125
17.9716780185699462890625
18.161935806274417615213678800500929355621337890625
17.43228816986083984375
17.8173205852508544921875
18.3366472721099853515625
17.8116142749786376953125
17.955029010772705078125
17.7120802402496337890625
17.681131839752197265625
17.9143784046173095703125
18.2809441089630126953125
17.6447274684906005859375
17.7930238246917724609375
18.371689319610595703125
18.1337330341339111328125
18.182285308837890625
17.54155063629150390625
17.59668636322021484375
17.497158527374267578125
17.7252557277679443359375
18.552930355072021484375
18.07005596160888671875
18.2302558422088623046875
18.42924594879150390625
18.531203746795654296875
18.038896322250369763651178800500929355621337890625
18.2553842067718505859375
17.926694393157958984375
17.92310619354248046875
18.2842807769775390625
17.0825479030609130859375
18.4465267658233642578125
17.9984385967254638671875
18.0432050228118896484375
17.734797954559326171875
18.1379241943359375
18.325365543365478515625
18.389441013336181640625
17.5222008228302001953125
17.9920718669891357421875
18.275817394256591796875
18.1099898815155029296875
17.6930692195892333984375
18.44646453857421875
18.02429103851318359375
17.8568756580352783203125
18.0409908294677734375
18.149325847625732421875
18.3151586055755615234375
18.2892210483551025390625
17.0711743831634521484375
17.7955963611602783203125
18.128448009490966796875
17.517453670501708984375
18.20832157135009765625
18.2254073619842529296875
18.1978130340576171875
18.36705303192138671875
18.186007022857662462911321199499070644378662109375
18.1858599185943603515625
18.085376262664794921875
18.39848804473876953125
18.0951330661773681640625
16.8828175067901611328125
18.2529909610748291015625
18.141348361968990587911321199499070644378662109375
17.815536022186279296875
18.0724761486053466796875
17.7240135669708251953125
17.9451878070831298828125
18.2946584224700927734375
18.2778551578521728515625
17.7672903537750244140625
18.21243000030517578125
18.1380856037139892578125
18.2592296600341796875
18.015655040740966796875
17.963045597076416015625
17.866129398345947265625
17.9039020538330078125
18.2130243778228759765625
17.92107677459716796875
18.470860004425048828125
18.17102336883544921875
17.7421009540557861328125
18.0348193645477294921875
18.723129749298095703125
17.7984077930450439453125
18.450618743896484375
18.1036128997802734375
17.5581080913543701171875
18.2154858112335205078125
18.3607895374298095703125
17.6050674915313720703125
18.127756595611572265625
18.1537950038909912109375
18.0706603527069091796875
18.1445281505584716796875
18.284610271453857421875
17.61015605926513671875
18.1478264331817626953125
18.41240787506103515625
18.194380044937137341776178800500929355621337890625
17.9926044940948486328125
18.323258876800537109375
18.068138599395751953125
18.064184665679931640625
17.740922451019287109375
18.23980998992919921875
17.652614116668701171875
17.822605609893798828125
18.345973253250118517598821199499070644378662109375
18.3268320560455322265625
18.019424915313720703125
18.0093028545379638671875
18.1621816158294677734375
17.4447152614593505859375
18.3295307159423828125
18.080201625823974609375
18.391425609588623046875
17.863446712493896484375
17.9974477291107177734375
17.6789531707763671875
18.27895259857177734375
17.887529850006103515625
18.298935413360595703125
18.1919920444488525390625
18.41530513763427734375
18.32523345947265625
17.8953654766082763671875
18.242125988006591796875
