0.999621868133544921875
1
1
0.9995269775390625
1
1
1
0.999782502651214599609375
0.999528825283050537109375
1
0.999689400196075439453125
1
0.99994564056396484375
1
0.999673902988433837890625
1
1
0.99973583221435546875
0.999977052211761474609375
0.99932658672332763671875
0.999973118305206298828125
1
1
0.999952137470245361328125
1
0.99995219707489013671875
0.99998760223388671875
0.9999983310699462890625
0.99997556209564208984375
0.99995315074920654296875
0.999640643596649169921875
0.9988243579864501953125
0.999739229679107666015625
0.999925434589385986328125
0.99970591068267822265625
0.999793231487274169921875
0.999142229557037353515625
0.999961555004119873046875
0.999961674213409423828125
0.999186038970947265625
1
1
0.999972283840179443359375
1
0.99996483325958251953125
0.999979674816131591796875
1
0.999954283237457275390625
1
1
0.999211847782135009765625
1
1
0.999944388866424560546875
1
0.999654710292816162109375
0.999942362308502197265625
0.99959886074066162109375
0.999647676944732666015625
0.999740421772003173828125
0.999952137470245361328125
0.999950706958770751953125
0.99997055530548095703125
1
1
0.999548971652984619140625
0.999612629413604736328125
0.999981582164764404296875
0.999811708927154541015625
0.998832523822784423828125
0.999712288379669189453125
0.999868214130401611328125
1
0.999998867511749267578125
0.9999582767486572265625
0.99958193302154541015625
0.99986302852630615234375
0.999962270259857177734375
0.99992120265960693359375
1
0.999931037425994873046875
1
1
0.999969661235809326171875
0.9999408721923828125
0.999720394611358642578125
1
0.99969065189361572265625
0.999910295009613037109375
1
0.999955356121063232421875
1
0.999950468540191650390625
0.9999787807464599609375
0.99966013431549072265625
0.999976575374603271484375
1
1
0.999147951602935791015625
1
0.999901711940765380859375
1
0.9999797344207763671875
0.999960422515869140625
1
0.99999916553497314453125
0.999448359012603759765625
0.99996173381805419921875
0.999998748302459716796875
0.999681532382965087890625
0.999687671661376953125
0.999973118305206298828125
0.99978840351104736328125
1
1
1
0.9998857975006103515625
0.999455034732818603515625
0.999943554401397705078125
0.99971592426300048828125
1
1
0.99961102008819580078125
1
1
0.999971866607666015625
0.99999940395355224609375
1
0.99963772296905517578125
0.99976718425750732421875
0.99901866912841796875
1
0.999976575374603271484375
0.999712288379669189453125
1
1
0.99941742420196533203125
1
0.999961376190185546875
1
0.999598324298858642578125
0.999743759632110595703125
0.999715864658355712890625
0.999958038330078125
0.999969303607940673828125
0.99995839595794677734375
0.999818742275238037109375
0.99991071224212646484375
0.998706281185150146484375
0.99999988079071044921875
0.99962532520294189453125
