90.5605621337890625
93.8307647705078125
95.80181884765625
101.49932098388671875
99.39925384521484375
93.57807159423828125
112.33055877685546875
94.71695709228515625
104.1414337158203125
111.391143798828125
102.0735015869140625
89.6079254150390625
97.37458038330078125
108.82039642333984375
112.52276611328125
102.10889434814453125
93.83441162109375
81.919342041015625
110.0899810791015625
106.54766845703125
97.49959564208984375
116.0413055419921875
112.44429779052734375
94.4365692138671875
109.74932098388671875
108.39441680908203125
93.0724334716796875
98.802581787109375
105.1415863037109375
107.272735595703125
98.0222930908203125
106.30106353759765625
101.8068389892578125
96.236053466796875
99.5556182861328125
98.8961639404296875
96.96677398681640625
91.1339569091796875
88.4603271484375
95.284820556640625
101.4973602294921875
102.93891143798828125
99.7046356201171875
96.56684112548828125
98.70984649658203125
97.5819244384765625
105.50061798095703125
90.079345703125
96.921966552734375
94.61283111572265625
108.3581695556640625
101.59415435791015625
99.795623779296875
109.77399444580078125
97.15161895751953125
92.05861663818359375
111.1677703857421875
98.5966644287109375
97.2097625732421875
94.1926116943359375
106.458251953125
105.35761260986328125
104.8142852783203125
96.23563385009765625
99.0499725341796875
105.3009033203125
105.7041473388671875
101.0404510498046875
92.95180511474609375
106.01921844482421875
115.6227874755859375
93.2817535400390625
93.95580291748046875
101.2227935791015625
118.2970123291015625
92.3475494384765625
99.9136505126953125
105.753936767578125
90.519622802734375
101.04535675048828125
98.65541839599609375
105.65840911865234375
101.455718994140625
103.264190673828125
94.60388946533203125
92.33963775634765625
91.83185577392578125
106.2882537841796875
98.24715423583984375
110.7967071533203125
98.88532257080078125
99.85131072998046875
118.85472869873046875
105.05039215087890625
91.03594970703125
108.03563690185546875
112.4811859130859375
108.07587432861328125
181.3256988525390625
100.49913787841796875
111.01548004150390625
114.3713836669921875
99.92882537841796875
110.66530609130859375
108.1259765625
103.98929595947265625
111.9317169189453125
98.0263824462890625
110.4356689453125
93.37548065185546875
109.90090179443359375
102.82798004150390625
96.34352874755859375
99.32517242431640625
106.82205963134765625
106.19696044921875
96.81982421875
95.2353515625
111.2790679931640625
88.78014373779296875
112.30602264404296875
103.63425445556640625
97.61580657958984375
98.99610137939453125
106.5768585205078125
105.57254791259765625
111.14574432373046875
88.242340087890625
95.78116607666015625
96.2166290283203125
103.94972991943359375
97.938385009765625
99.2455596923828125
96.19037628173828125
100.47045135498046875
98.90411376953125
100.2886199951171875
104.64608001708984375
99.86704254150390625
95.874420166015625
109.9171600341796875
98.4910736083984375
98.591644287109375
106.912994384765625
105.7020721435546875
101.008056640625
118.5139312744140625
107.8015594482421875
96.88202667236328125
106.06189727783203125
105.50293731689453125
