18.0141236782073974609375
18.20665454864501953125
18.4237220287322998046875
17.99986171722412109375
18.3272304534912109375
18.297189712524417615213678800500929355621337890625
17.970483303070068359375
18.0440909862518310546875
17.7950592041015625
17.8893146514892578125
17.9327805042266845703125
17.9344661235809326171875
18.0803654193878173828125
16.9763543605804443359375
17.8604252338409423828125
18.331969738006591796875
17.950747013092041015625
18.166112422943115234375
17.9321839809417724609375
18.14531421661376953125
18.09052276611328125
18.0386965274810791015625
18.065517425537109375
18.16782283782958984375
18.314934253692626953125
18.217653751373291015625
18.3158953189849853515625
18.253690242767337537088678800500929355621337890625
18.1244354248046875
18.242742061614990234375
18.135126590728759765625
18.317716598510745740213678800500929355621337890625
17.9003560543060302734375
17.819571971893310546875
17.8347246646881103515625
17.886992931365966796875
17.9042294025421142578125
17.8989260196685791015625
17.8985626697540283203125
17.8995516300201416015625
18.106552124023441052713678800500929355621337890625
18.1490767002105712890625
17.939571380615234375
18.4393227100372314453125
18.3675763607025146484375
18.063090801239017224588678800500929355621337890625
18.3382842540740966796875
18.282839298248291015625
18.152122020721435546875
18.2210896015167236328125
18.2838289737701416015625
18.205052137374881482401178800500929355621337890625
17.9555213451385498046875
17.9887363910675048828125
18.1518714427947998046875
17.88395023345947265625
18.5551321506500244140625
18.6581342220306396484375
18.0345256328582763671875
18.2388970851898193359375
18.1163542270660400390625
18.411691665649417615213678800500929355621337890625
18.2912120819091796875
17.93526744842529296875
18.00098514556884765625
18.5482060909271240234375
18.28643512725830078125
18.545862913131710314473821199499070644378662109375
18.5912330150604248046875
18.227570056915283203125
17.684210300445556640625
17.7743523120880126953125
18.5223834514617919921875
18.230868816375732421875
17.940772533416748046875
17.95465183258056640625
18.0685367584228515625
17.9696815013885498046875
18.3240931034088134765625
18.38493824005126953125
18.2236804962158203125
18.173879146575927734375
18.0664718151092529296875
18.1576530933380126953125
18.1722028255462646484375
17.6468355655670166015625
17.949537754058837890625
18.0782573223114013671875
17.8378236293792724609375
17.92203521728515625
17.7943437099456787109375
17.808757305145263671875
17.9390819072723388671875
18.169357776641849255838678800500929355621337890625
18.0987064838409423828125
17.9351179599761962890625
17.91958332061767578125
17.8524353504180908203125
17.931245326995849609375
17.9530012607574462890625
18.156954288482662462911321199499070644378662109375
18.2091515064239501953125
17.97960662841796875
18.0235769748687744140625
18.0610907077789306640625
18.2241899967193603515625
18.035463571548465466776178800500929355621337890625
18.1943972110748291015625
17.7004659175872802734375
18.0550105571746826171875
18.0082981586456298828125
18.036224842071533203125
18.0988814830780029296875
18.0079395771026611328125
18.383026361465457654276178800500929355621337890625
18.0078814029693603515625
18.304816722869873046875
18.246504306793212890625
18.1735613346099853515625
18.415958404541015625
17.9076397418975830078125
18.471298694610595703125
18.5104885101318359375
18.1092531681060791015625
18.168806791305545544901178800500929355621337890625
17.934511661529541015625
17.957927227020263671875
18.29584503173828125
18.1425669193267822265625
17.8724749088287353515625
18.0066106319427490234375
18.2996728420257568359375
17.8508408069610595703125
18.352723598480224609375
18.409108638763427734375
18.169339656829830431661321199499070644378662109375
18.283618688583377576151178800500929355621337890625
18.000942230224609375
18.026501417160030626973821199499070644378662109375
18.144564151763916015625
18.382966518402099609375
18.73948192596435546875
17.7622125148773193359375
17.8870460987091064453125
18.342793941497802734375
18.510983943939208984375
17.8052070140838623046875
17.799680233001708984375
17.8852884769439697265625
18.03000926971435546875
17.887185573577880859375
