15.351912
15.490487
17.70131
14.6800375
16.501049
16.976946
16.12125
14.251494
15.962658
16.349401
15.640191
16.467983
14.89591
15.30238
15.515841
14.568804
14.788509
16.1116
15.50311
15.132929
16.218546
15.178486
15.539853
15.910195
15.600592
16.077183
15.132192
14.544821
15.074954
16.963829
15.521802
14.406647
15.979977
16.506678
15.913131
15.045841
15.183848
16.46234
14.044666
16.031424
15.314497
15.675891
15.6311865
15.828724
15.415328
15.649806
14.9063015
15.6348505
14.643377
15.686686
14.462991
14.220056
16.55994
14.830645
14.375176
14.68644
15.341246
14.394975
15.299604
16.18769
15.162607
15.61909
15.743811
15.122552
14.547761
15.16891
14.955726
14.886683
15.256248
15.073266
15.849609
15.180488
14.307088
15.295142
16.813843
17.189375
15.063405
14.832364
16.006021
16.660473
15.616809
16.478128
15.681949
15.875123
14.898583
17.087255
15.378526
14.885536
15.441085
16.083654
15.76456
15.301014
14.875563
16.877426
15.567501
15.852376
14.910555
16.754177
12.813663
16.349426
14.267189
16.229471
16.820652
15.940656
16.019499
16.251343
14.294694
15.871345
15.549409
15.22755
15.706203
14.811955
14.96599
15.837528
14.601698
14.573283
15.620342
14.286143
15.169985
14.886989
15.6017475
15.465183
15.525178
15.838442
14.831779
14.905819
15.127307
16.073772
15.879242
15.810945
15.344472
17.331408
15.069954
15.397689
15.400809
15.329078
15.181269
16.052732
14.866456
14.552761
15.217533
15.346285
16.038204
15.266786
14.761343
15.788109
14.321497
15.348586
15.486324
14.876094
14.894018
