18.109696865081787109375
18.1774194240570068359375
18.17087459564208984375
18.09753513336181640625
18.3454663753509521484375
18.2704765796661376953125
18.251874446868896484375
18.1420466899871826171875
17.9409492015838623046875
17.8211495876312255859375
18.0541427135467529296875
18.080587863922119140625
18.0533730983734130859375
18.569156646728515625
17.206445217132568359375
18.1861202716827392578125
18.05352497100830078125
18.099002361297607421875
17.712947368621826171875
18.1164772510528564453125
18.0719420909881591796875
17.996557712554931640625
18.0330607891082763671875
18.07844066619873046875
18.3665473461151123046875
18.352492809295654296875
18.1607134342193603515625
18.2904269695281982421875
18.1486403942108154296875
18.246547698974609375
18.1473376750946044921875
18.3035032749176025390625
17.840802669525146484375
17.7679307460784912109375
17.829669475555419921875
17.8757135868072509765625
17.8876817226409912109375
17.9066741466522216796875
17.978347301483154296875
17.70435237884521484375
18.151463985443115234375
18.01931285858154296875
17.7992837429046630859375
18.511500597000118517598821199499070644378662109375
18.3916504383087158203125
17.890558719635009765625
18.273993253707889294901178800500929355621337890625
18.0669023990631103515625
18.165333271026611328125
18.137677669525142931661321199499070644378662109375
18.246410608291622423848821199499070644378662109375
18.281444072723388671875
17.8022620677947998046875
17.8998138904571533203125
18.259532451629638671875
17.8886816501617431640625
18.5504300594329833984375
18.5535933971405029296875
18.146767139434814453125
18.179917335510257458963678800500929355621337890625
18.2375795841217041015625
18.4269244670867919921875
18.6654179096221923828125
17.902334690093994140625
17.8039596080780029296875
18.120137929916385388651178800500929355621337890625
18.272369384765625
18.3752119541168212890625
18.4530556201934814453125
18.2771790027618408203125
17.6001374721527099609375
17.6025829315185546875
18.135534763336181640625
18.144580364227294921875
17.8661060333251953125
18.0541036128997802734375
17.9022960662841796875
17.9241182804107666015625
18.3448021411895751953125
18.4362621307373046875
18.1298944950103759765625
18.204606294631961560526178800500929355621337890625
18.03808307647705078125
18.011196613311767578125
18.0709316730499267578125
17.6681544780731201171875
17.7513201236724853515625
18.0660636425018310546875
17.792667388916015625
17.9191973209381103515625
17.8186724185943603515625
17.76068115234375
17.8300876617431640625
17.9426631927490234375
18.2971293926239013671875
17.979048252105712890625
17.9958398342132568359375
17.928986072540283203125
17.871655941009521484375
18.085912227630615234375
18.168483734130859375
18.164442539215087890625
17.9677295684814453125
18.0146973133087158203125
18.116301059722900390625
17.9983804225921630859375
17.8951704502105712890625
17.936587810516357421875
17.7168881893157958984375
17.9298050403594970703125
17.970408916473388671875
17.783565044403076171875
18.0869541168212890625
18.0116417407989501953125
18.6335794925689697265625
17.9896411895751953125
18.2625286579132080078125
18.3776333332061767578125
18.331286668777462267598821199499070644378662109375
18.264832973480224609375
18.033756256103515625
18.340574741363525390625
18.4563305377960205078125
18.120516300201416015625
18.090584278106689453125
17.93939304351806640625
18.0148448944091796875
17.98739147186279296875
18.1543710231781005859375
17.9776589870452880859375
18.09304046630859375
18.1256771087646484375
18.020556211471561169901178800500929355621337890625
18.249304294586181640625
18.2747938632965087890625
18.2488257884979248046875
18.1804115772247314453125
17.9211556911468505859375
17.870358943939208984375
18.321153163909912109375
18.2118432521820068359375
18.34349536895751953125
17.7818195819854736328125
18.033235549926761365213678800500929355621337890625
18.36693286895751953125
18.406265735626220703125
17.991745471954345703125
17.909938335418701171875
17.9893324375152587890625
17.9389512538909912109375
17.935833454132080078125
