0.310313549737447791354583159773028455674648284912109375
0.22515638537987825440467304360936395823955535888671875
0.153729283289808282830790631123818457126617431640625
0.316328497105942629818997602342278696596622467041015625
0.1757922117829735786376232908878591842949390411376953125
0.2138024035147809975843102847647969610989093780517578125
0.266398739012507823620268254671827889978885650634765625
0.2416916719402104340996828568677301518619060516357421875
0.29683211011062959894246660041972063481807708740234375
0.257272640490840809324168958482914604246616363525390625
0.281348910269210161771979983313940465450286865234375
0.146625910422736982496871860348619520664215087890625
0.3590922233992330792062830369104631245136260986328125
0.32419094606124365665067443842417560517787933349609375
0.3644453835040495359720580381690524518489837646484375
0.222801725293780672476628978984081186354160308837890625
0.2643778283623656744083518788102082908153533935546875
0.22091909475206195079266535685746930539608001708984375
0.20058688111386258068336019277921877801418304443359375
0.30400418006281670901813640739419497549533843994140625
0.1468584909898794366167606995077221654355525970458984375
0.269316667154437749953643788103363476693630218505859375
0.2375965264207720861744377316426835022866725921630859375
0.306476727125259251760525103236432187259197235107421875
0.369145993683454853862002664754982106387615203857421875
0.2153207328070748383108679036013199947774410247802734375
0.255094835039808287557860921879182569682598114013671875
0.1748768958459772371316631733861868269741535186767578125
0.261331215952091355791964133459259755909442901611328125
0.136810037638943782223321932178805582225322723388671875
0.286914544770710600030128034632070921361446380615234375
0.3825605424583342628608306768001057207584381103515625
0.283167095694001835770592379049048759043216705322265625
0.21574233213802995745567159247002564370632171630859375
0.11340890466133156377903645761762163601815700531005859375
0.29914436377977760006530161263071931898593902587890625
0.1974184089839234601537754087985376827418804168701171875
0.258905223173034493289179636121843941509723663330078125
0.2481125066121760702753107352691586129367351531982421875
0.303130773969386202448816902688122354447841644287109375
0.283588086304823516758943924287450499832630157470703125
0.2106479844316959948447021133688394911587238311767578125
0.243009294185647151120832631931989453732967376708984375
0.1706289275132399085865841925624408759176731109619140625
0.209031584685815008395337599722552113234996795654296875
0.2191963254072502309544034915234078653156757354736328125
0.325636930416259406939616383169777691364288330078125
0.2203917565564228464580764921265654265880584716796875
0.30096702151838794492277884273789823055267333984375
0.264769715385181847455697834448073990643024444580078125
0.306273213293953128211200009900494478642940521240234375
0.368654758014827443890482072674785740673542022705078125
0.282792583599270397343161675962619483470916748046875
0.231904723334180606908461186321801505982875823974609375
0.344145244077492973300280709736398421227931976318359375
0.32487615803582514661940194855560548603534698486328125
0.35047929256889265303698266507126390933990478515625
0.37149593798702629232622030031052418053150177001953125
0.334430723302589549827956716399057768285274505615234375
0.15746979002926753121727188045042566955089569091796875
0.330106229635549641709957313651102595031261444091796875
0.1794434950536716311120244427002035081386566162109375
0.202610129127766214196526561863720417022705078125
0.268513935203657794215104104296187870204448699951171875
0.358537215025565070281032831189804710447788238525390625
0.273937775711507180975701203351491130888462066650390625
0.292772169993622710659764152296702377498149871826171875
0.34916384450661042126995425860513933002948760986328125
0.232760793535809196175279112139833159744739532470703125
0.3115752425431541627887099821236915886402130126953125
0.3484430958043682746705371755524538457393646240234375
0.244169160827726605678122950848774053156375885009765625
0.317120202792692651438954953846405260264873504638671875
0.360045748982688096351267859063227660953998565673828125
0.24010786553838470158694917699904181063175201416015625
0.263207611861259349606001478605321608483791351318359375
0.309167398418727701336905511197983287274837493896484375
0.2535201566673601636381363277905620634555816650390625
0.260658535899185250794829471487901173532009124755859375
0.193820092431638446583974655368365347385406494140625
0.2383181114785989651583264503642567433416843414306640625
0.1881051141318566266580347701165010221302509307861328125
0.315084100777990261388339376935618929564952850341796875
0.281865270261885181302119462998234666883945465087890625
0.1727087719970926971146951700575300492346286773681640625
0.268593365580211906884500194792053662240505218505859375
0.1910915858449646342887007222088868729770183563232421875
0.254871260508692021318211118341423571109771728515625
0.2327047706136010363220378849291591905057430267333984375
0.2628913704325264166783426844631321728229522705078125
0.2714352181404053876434545600204728543758392333984375
0.336725779847796502508572302758693695068359375
0.2058257672726596931855880256989621557295322418212890625
0.207291492896906126564005035106674768030643463134765625
0.189569565517632654394475366643746383488178253173828125
0.266774462338969342578565147050539962947368621826171875
0.232538528497717944532041656202636659145355224609375
0.229779518104729074678971301182173192501068115234375
0.0792521820904676099761587693137698806822299957275390625
0.2347275183850030533250219377805478870868682861328125
0.26487095337586119558892505665426142513751983642578125
0.294988360074457223181099152498063631355762481689453125
0.361228756213238078043303858066792599856853485107421875
0.1694085252994654011704511731295497156679630279541015625
0.235073085803844172847476556853507645428180694580078125
0.1842599679510517896030563633757992647588253021240234375
0.1929988991836872058716068067951709963381290435791015625
0.241858287324063614409652700487640686333179473876953125
0.301612556484899430042645462890504859387874603271484375
0.285628029373687530867442774251685477793216705322265625
0.1403993266350574142808937949666869826614856719970703125
0.243667157436948056403736018182826228439807891845703125
0.2136191728054750160747943255046266131103038787841796875
0.30359581761645004771565936607657931745052337646484375
0.293801086950184975332689418792142532765865325927734375
0.278756330748997582791304239435703493654727935791015625
0.21628540747168345514950260621844790875911712646484375
0.29807975377914297521186881567700766026973724365234375
0.1479152964808954084929837335948832333087921142578125
0.1437774670099376816967406966796261258423328399658203125
0.214898726224934666362287316587753593921661376953125
0.206212857122344661586765823813038878142833709716796875
0.262571390911040813964660856072441674768924713134765625
0.322775521182963931465792484232224524021148681640625
0.2194314934917326598284859073828556574881076812744140625
0.2349467715936603140480798401767970062792301177978515625
0.23334021143447924995228959232917986810207366943359375
0.299283007861624705814307390028261579573154449462890625
0.224793063222886002616718315039179287850856781005859375
0.313867537820865905029421583094517700374126434326171875
0.278348590449674915259237195641617290675640106201171875
0.1856819411296775912401102459625690244138240814208984375
0.301799830476830399650367553476826287806034088134765625
0.27991085313705366122150053342920728027820587158203125
0.146110416824909716826397243494284339249134063720703125
0.2441885652780028947983481657502125017344951629638671875
0.311946950109008913631924997389432974159717559814453125
0.164987801632446473565352107470971532166004180908203125
0.306587161717916167891218037766520865261554718017578125
0.268187264632970212563378709091921336948871612548828125
0.196018718264260705108625870707328431308269500732421875
0.29578859370707022424795695769716985523700714111328125
0.20495614440181209037206144785159267485141754150390625
0.29176440052887187004415636693011038005352020263671875
0.308258417430285869276218591039651073515415191650390625
0.287230982804973000721560083547956310212612152099609375
0.238860892667258351007575356561574153602123260498046875
0.31733977233848997823173476717784069478511810302734375
0.24297281926134228768887624028138816356658935546875
0.23785469508607459676596818098914809525012969970703125
0.269364520778433369496696059286477975547313690185546875
