0.76791827976703641578382075749686919152736663818359375
0.8660633286833763211376435720012523233890533447265625
0.75043140739202496281023968549561686813831329345703125
0.8419654203951358883983857595012523233890533447265625
0.778395384103059750913189418497495353221893310546875
0.83690934479236600562757075749686919152736663818359375
0.9069542579352856126462256725062616169452667236328125
0.89653997957706454968729303800500929355621337890625
0.83366854175925253489509714199812151491641998291015625
0.78589578568935392066663325749686919152736663818359375
0.89256741583347321000729834850062616169452667236328125
0.79591142654418944868410790149937383830547332763671875
0.838723510950803774477435581502504646778106689453125
0.83123443499207494422620356999686919152736663818359375
0.88582159563899043330792437700438313186168670654296875
0.81638535499572750797625531049561686813831329345703125
0.87129208296537397071546138249686919152736663818359375
0.75420919910073280778561866100062616169452667236328125
0.86528960525989528917989446199499070644378662109375
0.874542254507541638730572230997495353221893310546875
0.81863923653960224413594914949499070644378662109375
0.89948827803134923097871933350688777863979339599609375
0.84579596191644668135012352649937383830547332763671875
0.73564760029315945377703656049561686813831329345703125
0.86238776952028273203865182949812151491641998291015625
0.87323889821767808339103567050187848508358001708984375
0.73425717920064925703371727649937383830547332763671875
0.80813871100544931724840580500313080847263336181640625
0.8103558661043643862598173654987476766109466552734375
0.82197080269455913281717585050500929355621337890625
0.8493215337395667585695946399937383830547332763671875
0.92052658081054683503197111349436454474925994873046875
0.77769386574625964936302580099436454474925994873046875
0.801126248687505704282330043497495353221893310546875
0.8589970014989376512204444225062616169452667236328125
0.74938233509659768483146535800187848508358001708984375
0.849585097730159777285052769002504646778106689453125
0.80539238184690475907956397350062616169452667236328125
0.84445844933390612485624160399311222136020660400390625
0.80083335876464845082267629550187848508358001708984375
0.8300056912004947218264305774937383830547332763671875
0.76794152230024337324465477649937383830547332763671875
0.76516001731157301524177682949812151491641998291015625
0.87164154469966892424537263650563545525074005126953125
0.86324297249317172298077593950438313186168670654296875
0.81847789525985714664813031049561686813831329345703125
0.9486205784976482480175263845012523233890533447265625
0.75022365301847460106188236750313080847263336181640625
0.8227510780096054521237647350062616169452667236328125
0.82195032656192779096926415149937383830547332763671875
0.85210263818502429700174616300500929355621337890625
0.81837847933173180070554053600062616169452667236328125
0.839831056594848579521794817992486059665679931640625
0.904176373481750506044818394002504646778106689453125
0.77019641935825344791766156049561686813831329345703125
0.74454184591770167234159316649311222136020660400390625
0.8162808285653591067188017404987476766109466552734375
0.76154835343360904875709138650563545525074005126953125
0.8485786451399326413280732595012523233890533447265625
0.81188958033919333967531883899937383830547332763671875
0.8382212544977665213963291535037569701671600341796875
0.8306607443094253806492588410037569701671600341796875
0.80423663467168804430684758699499070644378662109375
0.7702764517068863003856904470012523233890533447265625
0.7991833670437336056835420095012523233890533447265625
0.8757262921333313077099091970012523233890533447265625
0.8721829585731029066408837024937383830547332763671875
0.76815782517194752809785995850688777863979339599609375
0.76650711491703982236600722899311222136020660400390625
0.8378446421027183621532685720012523233890533447265625
0.82105078279972076860104834850062616169452667236328125
0.816919633597135597113947369507513940334320068359375
0.8134504047036170693019130339962430298328399658203125
0.836847148388624173520611293497495353221893310546875
0.8943333911895752219578525910037569701671600341796875
0.78951145738363270876192245850688777863979339599609375
0.87668528228998188200904451150563545525074005126953125
0.8362039767205715623532569225062616169452667236328125
0.85887131452560427913311968950438313186168670654296875
0.84841856822371486401834772550500929355621337890625
0.8342032830417156485935947785037569701671600341796875
0.847144644260406476377056605997495353221893310546875
0.868501086235046404482318394002504646778106689453125
0.876377397626638465766291119507513940334320068359375
0.83235773220658304527574955500313080847263336181640625
0.832039834409952216986994244507513940334320068359375
0.88632657602429387733167231999686919152736663818359375
0.82791740298271176978772700749686919152736663818359375
0.79167299360036846866961468549561686813831329345703125
0.8544929011166095822460420095012523233890533447265625
0.7912036243081093100926182160037569701671600341796875
0.8269436380267143338329560720012523233890533447265625
0.92194441154599193755103669900563545525074005126953125
0.85257634997367859330807959850062616169452667236328125
0.83544303655624385651634611349436454474925994873046875
0.89442157015204426517840374799561686813831329345703125
0.88559908241033558073951326150563545525074005126953125
0.86511448755860331782940875200438313186168670654296875
0.8668320241570472983738682160037569701671600341796875
0.77715059280395504259786321199499070644378662109375
0.8668316698074340909130341970012523233890533447265625
0.82037048012018198850370254149311222136020660400390625
0.79712769106030467725076960050500929355621337890625
0.87274949565529824635490285800187848508358001708984375
0.8840559145808219998485810720012523233890533447265625
0.8245695337653160539304053600062616169452667236328125
0.85643704667687414744392526699812151491641998291015625
0.74403481543064120540265093950438313186168670654296875
0.84471597611904147839823053800500929355621337890625
0.750736112296581215019841692992486059665679931640625
0.88037034094333643796659316649311222136020660400390625
0.80333281159400937720960200749686919152736663818359375
0.83086107268929476621366347899311222136020660400390625
0.76902168065309528532935701150563545525074005126953125
0.850386857539415341733501918497495353221893310546875
0.80652779251337047838887883699499070644378662109375
0.8178980566561222520505225475062616169452667236328125
0.79706424996256830528551518000313080847263336181640625
0.8578435310721397311084501779987476766109466552734375
0.7627868776023387642482020964962430298328399658203125
0.829391521811485343818048932007513940334320068359375
0.86960093945264815840090477649937383830547332763671875
0.79959398075938226124748098300187848508358001708984375
0.8491125896573066267336571399937383830547332763671875
0.79804963260889050236102093549561686813831329345703125
0.88249071791768074479733741100062616169452667236328125
0.93502097636461256602302682949812151491641998291015625
0.7535532891750336137448584850062616169452667236328125
0.7792914339900016695850126779987476766109466552734375
0.8398698617517947884181239714962430298328399658203125
0.85862697675824162235613812299561686813831329345703125
0.7784930306673050193211338410037569701671600341796875
0.79924163952469828853253375200438313186168670654296875
0.82118308603763578989997995449812151491641998291015625
0.81636828407645223304456294499686919152736663818359375
0.83469979435205454709745254149311222136020660400390625
0.82343477159738542869860111750313080847263336181640625
0.8318171203136444091796875
0.8609574221074580702151024524937383830547332763671875
0.82629470050334929975832665149937383830547332763671875
0.8710062491893768577000400910037569701671600341796875
0.8913057583570480613133213410037569701671600341796875
0.8650606667995452969677216970012523233890533447265625
0.89419103443622593996309433350688777863979339599609375
0.8594624355435371843014991100062616169452667236328125
0.813330131173133796806951067992486059665679931640625
0.84850295290350918886446152100688777863979339599609375
0.86074331417679783573504437299561686813831329345703125
0.79334583073854447743400442050187848508358001708984375
0.863602302521467191098736293497495353221893310546875
0.84755250081419941654559124799561686813831329345703125
