0.2039920780889925844281407307789777405560016632080078125
0.186800587129285045051574343233369290828704833984375
0.1355594422585197633690512475368450395762920379638671875
0.2051420617669905965829713068160344846546649932861328125
0.1666798366949441001505505255408934317529201507568359375
0.1622563792941889015963852216373197734355926513671875
0.21493249026867722317746256521786563098430633544921875
0.152971515836196114701550641257199458777904510498046875
0.23257255534055876200483226057258434593677520751953125
0.149412354686763559907802800807985477149486541748046875
0.1941635779318613697075335267072659917175769805908203125
0.14319938961398992471885094346362166106700897216796875
0.2098967833994365428385009408884798176586627960205078125
0.23692283213911846662114157879841513931751251220703125
0.2948962817257410051752231083810329437255859375
0.1505191630317954387674461713686469011008739471435546875
0.1407289332278624238714570537922554649412631988525390625
0.19292095753959637161045748143806122243404388427734375
0.1996796396064603740239107310117105953395366668701171875
0.2092599252225767203494655177564709447324275970458984375
0.1464415586548707681746606112938025034964084625244140625
0.151089890879994914740791500662453472614288330078125
0.208638501868536163641465464024804532527923583984375
0.189528018401184328300956849489011801779270172119140625
0.2317222765727335598295866248008678667247295379638671875
0.1351548983875918708008612156845629215240478515625
0.11998695863440668463173466307125636376440525054931640625
0.10023425050822566684249892432490014471113681793212890625
0.1996020745502277426997039810885326005518436431884765625
0.1081526619061503324825679328569094650447368621826171875
0.18623366440981381497721258710953406989574432373046875
0.261112790267090499884972132349503226578235626220703125
0.1962586797863543619513393423403613269329071044921875
0.1464255416067887782816114849993027746677398681640625
0.0850061965735177393899135722676874138414859771728515625
0.197785254717695313519953970171627588570117950439453125
0.15937318618430873495839250608696602284908294677734375
0.1646266167072676089855320924471016041934490203857421875
0.1607906852870964742319159768157987855374813079833984375
0.1601055242835509317966824482937227003276348114013671875
0.2183831515078189788869877929755602963268756866455078125
0.144801382962158109446448861490353010594844818115234375
0.2027919383126964014696369531520758755505084991455078125
0.1235797304137562224735091831462341360747814178466796875
0.1903639648886391311233268197611323557794094085693359375
0.09164339452153634490993994177188142202794551849365234375
0.185874890091343003550861112671555019915103912353515625
0.1921750003991913313683426167699508368968963623046875
0.259350792911214933500474444372230209410190582275390625
0.1639633410269673852166505412242258898913860321044921875
0.2001463062646646751119305918109603226184844970703125
0.2634696241976135500095779207185842096805572509765625
0.201093501522666695535690450924448668956756591796875
0.14917865632416582588604114789632149040699005126953125
0.2360651925237385595490735568091622553765773773193359375
0.23840289418362192730427295828121714293956756591796875
0.236947071908818529539786368331988342106342315673828125
0.26168881830710921665428259075270034372806549072265625
0.2300357067160045676512680756786721758544445037841796875
0.1257548433567742540706291265451000072062015533447265625
0.1844596773242539733406175628260825760662555694580078125
0.111712466020307987779602854061522521078586578369140625
0.1469349417926179846016765395688707940280437469482421875
0.1757046033277373797698572843728470616042613983154296875
0.26675882567676489909302972591831348836421966552734375
0.1798159794391856747264313298728666268289089202880859375
0.2054092729326126021138776422958471812307834625244140625
0.219260209973936859295662316071684472262859344482421875
0.177987094830323488992007696651853621006011962890625
0.208335477765447085740646571139222942292690277099609375
0.226864675318540764958896716052549891173839569091796875
0.15155693472040299152325815157382749021053314208984375
0.1959284387123353121662461262530996464192867279052734375
0.1692934278303531991927144417786621488630771636962890625
0.1641805321487544711001049790866090916097164154052734375
0.1764771919199100425057480379109620116651058197021484375
0.1911005464989373459072652394752367399632930755615234375
0.154397163762537481535019878720049746334552764892578125
0.2076907577149501860080960113918990828096866607666015625
0.1345410619781130800998170116145047359168529510498046875
0.143443827170215365551797503940179012715816497802734375
0.125480828252089782193223754802602343261241912841796875
0.25336478531832273830559643101878464221954345703125
0.153447201173587843836543243014602921903133392333984375
0.134995937021449574633180645832908339798450469970703125
0.2098059014382458453695790012716315686702728271484375
0.1846806232463326924442270637882757000625133514404296875
0.1272030924616614211419829416627180762588977813720703125
0.18166772630108984909469427293515764176845550537109375
0.2036342721634987196210886395419947803020477294921875
0.14372241722248590978239235482760705053806304931640625
0.20894801946100016731833193261991254985332489013671875
0.1303640621591456716377166458187275566160678863525390625
0.1455779956281027243125691938985255546867847442626953125
0.1589556600245413953143014396118815056979656219482421875
0.1916623003412208647855408116811304353177547454833984375
0.13349262018073793090167100672260858118534088134765625
0.173497078809380311792409656845848076045513153076171875
0.00000000000000000005348064349145917742309062037520150949918531287392768993650682407547947150305844843387603759765625
0.1977567599442894563654959938503452576696872711181640625
0.178473709394494972624300999086699448525905609130859375
0.2153576391402885203962824789414298720657825469970703125
0.268740036473588739251994184087379835546016693115234375
0.1708966185459262765444776732692844234406948089599609375
0.1342650162394203594562469561424222774803638458251953125
0.11406459675566711642336059640001622028648853302001953125
0.079999877220120085841159607298322953283786773681640625
0.185344010582742024784153045402490533888339996337890625
0.1778542685417092428235008583214948885142803192138671875
0.2184218717765956385701286990297376178205013275146484375
0.1431737050172082470478329696561559103429317474365234375
0.162568392080472523542056251244503073394298553466796875
0.148639062543275246586205184939899481832981109619140625
0.195801796442372555429045632990892045199871063232421875
0.1901306673553506410012658989217015914618968963623046875
0.213072988577971467183402864975505508482456207275390625
0.12895922129212988860302857574424706399440765380859375
0.158281093027492880676021513863815926015377044677734375
0.10806996945558604295012372631390462629497051239013671875
0.127527517741010620877517567350878380239009857177734375
0.140202890734457685795177894760854542255401611328125
0.130269588303733752088220398945850320160388946533203125
0.1763105036065806263678723553312011063098907470703125
0.17285766752513342936481421929784119129180908203125
0.14948032839275093852648979009245522320270538330078125
0.159928114422396294713735187542624771595001220703125
0.1297341301557810855360486357312765903770923614501953125
0.2451884794300056846783064656847272999584674835205078125
0.1634108683548006479835379423093399964272975921630859375
0.18303934646091601923245661964756436645984649658203125
0.211734996425470445302607913617976009845733642578125
0.167928266670152204209642832211102358996868133544921875
0.1952718795215599156822605664274306036531925201416015625
0.1857047785446670484788000976550392806529998779296875
0.109035027709140253104891371549456380307674407958984375
0.1610354873755560356496374652124359272420406341552734375
0.2019223614107999165145912456864607520401477813720703125
0.1405327955243997062328986658030771650373935699462890625
0.19963530689133313078542641960666514933109283447265625
0.2162728854663935329494250936477328650653362274169921875
0.1286083933783091215463656453721341677010059356689453125
0.18686920729769329607705685702967457473278045654296875
0.12289286185621191294092824364270200021564960479736328125
0.2042615305713020579236882667828467674553394317626953125
0.21866865654121958595368369060452096164226531982421875
0.1766248114765933963088428981791366823017597198486328125
0.1174549075919295859637969670075108297169208526611328125
0.2242582643684275789386362021105014719069004058837890625
0.16462423269646364598628451858530752360820770263671875
0.14008476409635239878781476363656111061573028564453125
0.218259798688477502093263638016651384532451629638671875
