0.994785606861114501953125
0.995886862277984619140625
0.986917674541473388671875
0.99516022205352783203125
0.987984836101531982421875
0.986081659793853759765625
0.99199235439300537109375
0.998195230960845947265625
0.990576267242431640625
0.995909214019775390625
0.98785030841827392578125
0.99584734439849853515625
0.996401131153106689453125
0.996026933193206787109375
0.99432933330535888671875
0.989838540554046630859375
0.999166905879974365234375
0.99674701690673828125
0.991069614887237548828125
0.99699699878692626953125
0.991807460784912109375
0.996222794055938720703125
0.994143545627593994140625
0.99676263332366943359375
0.990630924701690673828125
0.9932868480682373046875
0.992610871791839599609375
0.992290556430816650390625
0.98547303676605224609375
0.996983110904693603515625
0.99679887294769287109375
0.9943687915802001953125
0.99471676349639892578125
0.995071589946746826171875
0.99387919902801513671875
0.996572315692901611328125
0.99758255481719970703125
0.9917774200439453125
0.99633944034576416015625
0.993326365947723388671875
0.991066157817840576171875
0.988855063915252685546875
0.985317170619964599609375
0.991557180881500244140625
0.992631971836090087890625
0.98326599597930908203125
0.996380746364593505859375
0.99037086963653564453125
0.983146369457244873046875
0.993627488613128662109375
0.99826991558074951171875
0.987600147724151611328125
0.98050022125244140625
0.99896037578582763671875
0.98691141605377197265625
0.993036210536956787109375
0.992038249969482421875
0.97926104068756103515625
0.9900357723236083984375
0.99322414398193359375
0.988439083099365234375
0.993723690509796142578125
0.984329164028167724609375
0.988068044185638427734375
0.994907855987548828125
0.99627590179443359375
0.997260153293609619140625
0.99474012851715087890625
0.995982944965362548828125
0.999068439006805419921875
0.98514854907989501953125
0.993435680866241455078125
0.996474325656890869140625
0.992910563945770263671875
0.988235950469970703125
0.998279631137847900390625
0.991530239582061767578125
0.997424542903900146484375
0.998004853725433349609375
0.997452318668365478515625
0.99679553508758544921875
0.9949047565460205078125
0.99631440639495849609375
0.998089373111724853515625
0.9988214969635009765625
0.998239219188690185546875
0.993454754352569580078125
0.98984086513519287109375
0.997897624969482421875
0.99779403209686279296875
0.985887110233306884765625
0.990880548954010009765625
0.99424564838409423828125
0.99418461322784423828125
0.996682107448577880859375
0.99168109893798828125
0.99426305294036865234375
0.99634349346160888671875
1
0.996375262737274169921875
0.997872173786163330078125
0.998204767704010009765625
0.99286162853240966796875
0.9979970455169677734375
0.9887497425079345703125
0.99830830097198486328125
0.9983673095703125
0.998103916645050048828125
0.995288670063018798828125
0.99684536457061767578125
0.99461424350738525390625
0.995679914951324462890625
0.993839681148529052734375
0.99185955524444580078125
0.987640857696533203125
0.995760738849639892578125
0.991387188434600830078125
0.997968018054962158203125
0.993479073047637939453125
0.9899384975433349609375
0.982921063899993896484375
0.997782528400421142578125
0.9931108951568603515625
0.993502676486968994140625
0.999298751354217529296875
0.993632614612579345703125
0.995754420757293701171875
0.9861290454864501953125
0.995391786098480224609375
0.983367443084716796875
0.99542415142059326171875
0.98984277248382568359375
0.993078708648681640625
0.9885122776031494140625
0.99667835235595703125
0.987492859363555908203125
0.9987952709197998046875
0.99541032314300537109375
0.99287617206573486328125
0.99866378307342529296875
0.991990566253662109375
0.987616002559661865234375
0.998861372470855712890625
0.98303067684173583984375
0.996887266635894775390625
0.986686527729034423828125
0.998441874980926513671875
0.992289364337921142578125
0.99451863765716552734375
0.9846889972686767578125
0.99694263935089111328125
