18.149187326431270861348821199499070644378662109375
18.023240566253665662088678800500929355621337890625
18.127144336700439453125
18.0117664337158203125
18.3270347118377685546875
18.2902405261993408203125
17.9170358180999755859375
18.227526903152462267598821199499070644378662109375
17.899950504302978515625
17.8088855743408203125
18.044955253601070666036321199499070644378662109375
17.95368671417236328125
18.0552227497100830078125
17.0258824825286865234375
17.079879283905029296875
18.170265197753902697286321199499070644378662109375
18.1575133800506591796875
18.1502335071563720703125
17.8134067058563232421875
18.1921174526214599609375
18.1434571743011474609375
17.9977500438690185546875
18.1123287677764892578125
18.058456420898441052713678800500929355621337890625
18.3101990222930908203125
18.3776566982269287109375
18.336006641387939453125
18.273914337158203125
18.133872270584102892598821199499070644378662109375
18.134281635284423828125
18.2228853702545166015625
18.40363979339599609375
17.85085964202880859375
17.8333404064178466796875
17.870777606964111328125
17.9904515743255615234375
17.9493496417999267578125
17.9337227344512939453125
17.972493648529052734375
17.8764102458953857421875
18.306356906890869140625
18.168313503265380859375
18.1188766956329345703125
18.520079135894775390625
18.280689001083377576151178800500929355621337890625
18.027985095977783203125
18.319319248199462890625
18.32602596282958984375
18.1825616359710693359375
18.1196384429931640625
18.1914126873016357421875
18.2042648792266845703125
17.8675134181976318359375
17.89423656463623046875
18.3488252162933349609375
18.0629193782806396484375
18.7476749420166015625
18.6466395854949951171875
18.2725732326507568359375
18.142579793930057263651178800500929355621337890625
18.1278095245361328125
18.3997547626495361328125
18.6091063022613525390625
17.989012241363525390625
17.9996783733367919921875
18.1459522247314453125
18.3710002899169921875
18.46110439300537109375
18.5546538829803466796875
18.3076937198638916015625
17.77667999267578125
17.79083251953125
18.231010913848876953125
18.2722866535186767578125
18.0286042690277099609375
18.468574285507198595723821199499070644378662109375
18.06456661224365234375
18.0299770832061767578125
18.49712657928466796875
18.352143764495849609375
18.2831242084503173828125
18.1459982395172119140625
18.196616649627689099588678800500929355621337890625
18.1105844974517822265625
18.134562015533447265625
17.84887981414794921875
17.7940442562103271484375
18.0607597827911376953125
17.892182826995849609375
17.9953343868255615234375
17.76114368438720703125
17.8457586765289306640625
17.80035877227783203125
18.0015327930450439453125
18.27339458465576171875
18.0115520954132080078125
18.0356709957122802734375
17.8658792972564697265625
18.004863739013671875
18.112266063690185546875
18.2162859439849853515625
18.2160303592681884765625
17.984393596649169921875
18.0766985416412353515625
18.065839290618896484375
18.1080033779144287109375
18.012176990509033203125
18.050822019577022814473821199499070644378662109375
17.7123405933380126953125
18.0313622951507568359375
17.992189884185791015625
17.8601911067962646484375
18.1873524188995361328125
18.016955852508544921875
18.524652957916259765625
18.230942726135257458963678800500929355621337890625
18.363372325897216796875
18.46803569793701171875
18.3449554443359375
18.378105640411376953125
18.194780111312862658223821199499070644378662109375
18.3146493434906005859375
18.6120507717132568359375
18.311273336410518908223821199499070644378662109375
18.29922008514404296875
18.154799461364742541036321199499070644378662109375
18.102842807769775390625
18.523633480072021484375
18.21014118194580078125
18.1862499713897705078125
18.309704303741455078125
18.326777458190921521463678800500929355621337890625
17.8426716327667236328125
18.307496547698974609375
18.32198619842529296875
18.1782939434051513671875
18.3317945003509521484375
18.0106589794158935546875
18.02665615081787109375
18.2057573795318603515625
18.327652454376220703125
18.2419474124908447265625
17.837764263153076171875
17.9142711162567138671875
18.4723293781280517578125
18.397647380828857421875
17.861401081085205078125
17.931072235107421875
18.0173931121826171875
17.9549310207366943359375
17.9407291412353515625
