661.8770902156829833984375
664.86710262298583984375
646.152118206024169921875
668.800357341766357421875
650.61899662017822265625
643.482921123504638671875
649.98129177093505859375
657.7194588184356689453125
663.1463167667388916015625
653.4133083820343017578125
639.2871358394622802734375
657.0932767391204833984375
647.0186636447906494140625
650.5323297977447509765625
665.17779827117919921875
659.3339579105377197265625
648.8344767093658447265625
644.6791229248046875
660.336517333984375
657.3022782802581787109375
649.330967426300048828125
669.8636338710784912109375
641.41491985321044921875
664.1685836315155029296875
672.7881433963775634765625
648.2669584751129150390625
640.3634440898895263671875
657.1117579936981201171875
649.2801172733306884765625
657.4759562015533447265625
669.7208502292633056640625
644.4921419620513916015625
665.73025226593017578125
666.9355132579803466796875
639.3572275638580322265625
670.5338571071624755859375
645.1132705211639404296875
649.018969058990478515625
638.41305065155029296875
647.1135284900665283203125
643.2893168926239013671875
669.9703094959259033203125
660.4568576812744140625
669.3090212345123291015625
678.81218624114990234375
661.7318785190582275390625
660.3603808879852294921875
658.6119182109832763671875
665.32540035247802734375
677.444481372833251953125
644.9829120635986328125
669.66371917724609375
668.871046543121337890625
656.74610137939453125
642.8986072540283203125
670.8000729084014892578125
666.0928189754486083984375
669.446548938751220703125
638.327899456024169921875
654.052093982696533203125
665.1071212291717529296875
658.46494007110595703125
645.3414824008941650390625
675.00253009796142578125
663.88705539703369140625
654.5026113986968994140625
661.8314974308013916015625
669.7903006076812744140625
680.07434558868408203125
665.941478729248046875
638.7570934295654296875
650.34019756317138671875
662.18809032440185546875
637.345123291015625
663.371656894683837890625
658.7262766361236572265625
668.5390720367431640625
675.2660586833953857421875
661.606253147125244140625
661.7948195934295654296875
639.250335216522216796875
671.4013364315032958984375
658.6198360919952392578125
621.9629580974578857421875
666.5444905757904052734375
660.18357753753662109375
649.7101647853851318359375
659.250632762908935546875
650.4639637470245361328125
652.174406528472900390625
663.360904216766357421875
662.236683368682861328125
643.04492282867431640625
658.8071444034576416015625
667.0113136768341064453125
636.074319362640380859375
654.3036410808563232421875
656.034228801727294921875
660.64271831512451171875
658.0236694812774658203125
672.147743701934814453125
661.6552155017852783203125
644.45540523529052734375
666.672472476959228515625
649.40405178070068359375
655.1593430042266845703125
665.1872627735137939453125
646.6022689342498779296875
664.6188142299652099609375
662.0862267017364501953125
640.16057682037353515625
671.24327182769775390625
672.793860912322998046875
647.5726625919342041015625
669.02658557891845703125
645.5185286998748779296875
657.80493640899658203125
665.540504932403564453125
660.5660145282745361328125
635.5714094638824462890625
666.84130001068115234375
665.63882350921630859375
661.079431056976318359375
642.75326251983642578125
664.7132456302642822265625
658.61560821533203125
658.2163403034210205078125
650.6218302249908447265625
659.6178514957427978515625
647.41326808929443359375
643.2018687725067138671875
667.477191925048828125
672.0918285846710205078125
665.1335923671722412109375
646.63630008697509765625
668.014494419097900390625
634.899145603179931640625
673.1544754505157470703125
664.4889309406280517578125
677.625274181365966796875
655.564419269561767578125
655.3454077243804931640625
650.3058936595916748046875
669.0880057811737060546875
644.3257110118865966796875
665.1201756000518798828125
668.4108388423919677734375
667.5800321102142333984375
661.4826881885528564453125
663.045127391815185546875
660.9594953060150146484375
