660.7745888233184814453125
660.7745177745819091796875
660.774717807769775390625
660.7745361328125
660.7745048999786376953125
660.77471446990966796875
660.774585247039794921875
660.7746613025665283203125
660.7747089862823486328125
660.77451610565185546875
660.7747390270233154296875
660.774444103240966796875
660.7745685577392578125
660.7744452953338623046875
660.7744662761688232421875
660.7747066020965576171875
660.7746641635894775390625
660.774698734283447265625
660.77463054656982421875
660.7749402523040771484375
660.7746603488922119140625
660.7745609283447265625
660.7746431827545166015625
660.7744214534759521484375
660.7745354175567626953125
660.774456501007080078125
660.7747504711151123046875
660.774390697479248046875
660.7745707035064697265625
660.775960445404052734375
660.7751033306121826171875
660.774610042572021484375
660.7745063304901123046875
660.774539470672607421875
660.7744426727294921875
660.7746465206146240234375
660.774843692779541015625
660.774488925933837890625
660.7746524810791015625
660.77461147308349609375
660.77448368072509765625
660.774567127227783203125
660.7759320735931396484375
660.7744805812835693359375
660.7747628688812255859375
660.7745664119720458984375
660.774848461151123046875
660.7747428417205810546875
660.77471828460693359375
660.774585247039794921875
660.77439975738525390625
660.7745625972747802734375
660.7745227813720703125
660.7744309902191162109375
660.77457427978515625
660.774890899658203125
660.7745990753173828125
660.7745096683502197265625
660.77465343475341796875
660.7743947505950927734375
660.7745230197906494140625
660.77452373504638671875
660.77479076385498046875
660.774776458740234375
660.7744772434234619140625
660.7759702205657958984375
660.7746999263763427734375
660.7745735645294189453125
660.7745876312255859375
660.7744801044464111328125
660.77450084686279296875
660.7741973400115966796875
660.7761032581329345703125
660.774705410003662109375
660.7746016979217529296875
660.774713039398193359375
660.7745797634124755859375
660.77459430694580078125
660.7746794223785400390625
660.77445697784423828125
660.7744939327239990234375
660.774835109710693359375
660.7744305133819580078125
660.7745907306671142578125
660.77460479736328125
660.77454376220703125
660.7747051715850830078125
660.7746295928955078125
660.77455997467041015625
660.7745845317840576171875
660.775999546051025390625
660.7745544910430908203125
660.7746837139129638671875
660.775269031524658203125
660.7759683132171630859375
660.7744123935699462890625
660.77480220794677734375
660.77482128143310546875
660.7745740413665771484375
660.7746427059173583984375
660.7744405269622802734375
660.7744953632354736328125
660.774551868438720703125
660.77464389801025390625
660.774673938751220703125
660.774517536163330078125
660.7744758129119873046875
660.774734973907470703125
660.7745950222015380859375
660.7745587825775146484375
660.7745265960693359375
660.776176929473876953125
660.7747020721435546875
660.774601459503173828125
660.7745456695556640625
660.774609088897705078125
660.7745869159698486328125
660.774617671966552734375
660.77460384368896484375
660.77476596832275390625
660.77449321746826171875
660.7746140956878662109375
660.7745988368988037109375
660.774594783782958984375
660.7744748592376708984375
660.77471923828125
660.7744729518890380859375
660.7759964466094970703125
660.7744190692901611328125
660.77448940277099609375
660.7747886180877685546875
660.7762603759765625
660.77461147308349609375
660.7745559215545654296875
660.7745208740234375
660.7746746540069580078125
660.77445888519287109375
660.7744715213775634765625
660.7741358280181884765625
660.774649143218994140625
660.7745864391326904296875
660.7762768268585205078125
660.77481746673583984375
660.7749001979827880859375
660.77457714080810546875
660.7748258113861083984375
660.7744228839874267578125
660.7746260166168212890625
660.7765882015228271484375
660.774602413177490234375
660.7744710445404052734375
