0.2247135904951788887284891416129539720714092254638671875
0.151131725798530458515500640714890323579311370849609375
0.1037188271380979076585759912632056511938571929931640625
0.199659297860599715956908539737924002110958099365234375
0.043977839827823807239415287995143444277346134185791015625
0.09834808108411731419895573935718857683241367340087890625
0.15067118443919091941296528602833859622478485107421875
0.1352105732715292163437226236055721528828144073486328125
0.1816409246667896881799464381401776336133480072021484375
0.162024132403230602950117145155672915279865264892578125
0.19360936237222892142284536021179519593715667724609375
0.08668088512235401499328446561776218004524707794189453125
0.22123999451873810340174486555042676627635955810546875
0.2235780000640355813512627491945750080049037933349609375
0.225993588042097126589169420185498893260955810546875
0.1452541152782166056223189798402017913758754730224609375
0.163526559561251116914348813224933110177516937255859375
0.1374722063690557438686568048069602809846401214599609375
0.1100946629078960459224845180870033800601959228515625
0.2302077472267759217228189072557142935693264007568359375
0.09069565319331564234861531303977244533598423004150390625
0.15595406844445636185270132045843638479709625244140625
0.15930372408741522161079728903132490813732147216796875
0.190536437590625162830093586308066733181476593017578125
0.24445474295659563868099439787329174578189849853515625
0.1048254529115541788808485534900682978332042694091796875
0.156652767115559143906722283645649440586566925048828125
0.1234440648876311275028427871802705340087413787841796875
0.1748753086401594047938345966031192801892757415771484375
0.0890432334382800505512278732567210681736469268798828125
0.14616013488146417653723574403556995093822479248046875
0.270635629583903136730071992133161984384059906005859375
0.2051449055490887907193808814554358832538127899169921875
0.09497048326848615829032240753804217092692852020263671875
0.050584029878988016892815693381635355763137340545654296875
0.1860715675498729460013436209919746033847332000732421875
0.13147932857551325458445035110344178974628448486328125
0.105882917100710349789238762241438962519168853759765625
0.1524296481531041413948202034589485265314579010009765625
0.1966367027559266789094039040719508193433284759521484375
0.2238108720610944291085075974478968419134616851806640625
0.1314984645771224702759383262673509307205677032470703125
0.181603691570646319508597343883593566715717315673828125
0.062009348347291833036809549639656324870884418487548828125
0.0961374020162995834848373988279490731656551361083984375
0.148056929583426144514390898621059022843837738037109375
0.194053211933388480847639812054694630205631256103515625
0.1344787503701515285481349337715073488652706146240234375
0.207778959027956566796291326681966893374919891357421875
0.1920138002069457228149218508406192995607852935791015625
0.2141022590628808008883510183295584283769130706787109375
0.2183823758884060328711029796977527439594268798828125
0.1690971916064889501996049148146994411945343017578125
0.1614827503265361396955768213956616818904876708984375
0.2165651657381334749263857020196155644953250885009765625
0.2356177379205358357605604169293656013906002044677734375
0.234724229315842858323293285138788633048534393310546875
0.269959956007384260789905283672851510345935821533203125
0.207398905471930794508494955152855254709720611572265625
0.09396682829033153883102613690425641834735870361328125
0.1939301174566029628554275632268399931490421295166015625
0.10578576577954723614283238930511288344860076904296875
0.1327812444543780279193612159360782243311405181884765625
0.1470751182062356721136353598922141827642917633056640625
0.2065216871887132210616755401133559644222259521484375
0.1599977282223912222747230771346949040889739990234375
0.163157301067859361598522127678734250366687774658203125
0.23823207096390330850255168115836568176746368408203125
0.1282112876159513248364163473524968139827251434326171875
0.184613285661001658155555560369975864887237548828125
0.20503989499041697097680980732548050582408905029296875
0.1509446298419729604045613768903422169387340545654296875
0.2159117244813227587396653461837559007108211517333984375
0.214628036163607538444608735517249442636966705322265625
0.1537815776115411814384259514554287306964397430419921875
0.11708518884463205156354348446257063187658786773681640625
0.1887464801718388984763663529520272277295589447021484375
0.17754256416361979820095484683406539261341094970703125
0.17188097092359522211069133845739997923374176025390625
0.1180480470477400789519606405519880354404449462890625
0.1633885493424648005511556903002201579511165618896484375
0.0887914252882857635285063224728219211101531982421875
0.220673700512773185433701428337371908128261566162109375
0.159314470255288276323568652514950372278690338134765625
0.1227263139044631745644409193118917755782604217529296875
0.1648063608848242822535468121714075095951557159423828125
0.124984766227397126048259679009788669645786285400390625
0.1571958951657590752848392412488465197384357452392578125
0.161637157440434720001576351933181285858154296875
0.1757206945384231222551107975959894247353076934814453125
0.1175173854547865437414344569333479739725589752197265625
0.2236508297327264582765593559088301844894886016845703125
0.1351809666257574316095002586735063232481479644775390625
0.11610627083593767772118354741905932314693927764892578125
0.11715296981243471241551645789513713680207729339599609375
0.1359711031410542059205681653111241757869720458984375
0.11221661269314038567035396454230067320168018341064453125
0.14814676451246799882000004799920134246349334716796875
0.036947812980169254803985978696800884790718555450439453125
0.1425708399097916634357119392007007263600826263427734375
0.1650596784818506301828477944582118652760982513427734375
0.188749020920624344110905212801299057900905609130859375
0.2290945601539750298147879448151797987520694732666015625
0.139242564964382864456382549178670160472393035888671875
0.125392594423539949222146105967112816870212554931640625
0.10469512999341447356815848479527630843222141265869140625
0.11165274525760600365931196620294940657913684844970703125
0.127851600873495063748208622200763784348964691162109375
0.1634752330451391955090656438187579624354839324951171875
0.151316792932168098229084307604352943599224090576171875
0.112613302609273102650178088879329152405261993408203125
0.1610118211515388086940703260552254505455493927001953125
0.1354709191580998339787811346468515694141387939453125
0.2118546440077133663493214044137857854366302490234375
0.1438083093447639349005129361103172414004802703857421875
0.2061711175799636475147735836799256503582000732421875
0.1618680047145781564221778126011486165225505828857421875
0.1844046670097937712373692420442239381372928619384765625
0.069605265206908961683751613236381672322750091552734375
0.10307019341996215278101090007112361490726470947265625
0.10768903009505743917362252659586374647915363311767578125
0.1159413105306144886608166189034818671643733978271484375
0.133988842222315385210862359599559567868709564208984375
0.21902139617533056270559654876706190407276153564453125
0.1496026628501941069249170368493651039898395538330078125
0.1309317962178641325809991258211084641516208648681640625
0.10094842307741767883921824022763757966458797454833984375
0.18386154157726763980207351778517477214336395263671875
0.12120005747784499960939541551852016709744930267333984375
0.1535356592055594771029092271419358439743518829345703125
0.2148513445705622915138377493349253199994564056396484375
0.079192755251240642966337190955528058111667633056640625
0.1908702410346392597251252709611435420811176300048828125
0.1956306448444580237122636390267871320247650146484375
0.0648737276559673559095386963235796429216861724853515625
0.1441015811923531952931654132044059224426746368408203125
0.2012016338365870959936643203036510385572910308837890625
0.13046723894372680430109312510467134416103363037109375
0.1821730084257370541056531010326580144464969635009765625
0.162372206650617856293905560960411094129085540771484375
0.10503741885699209579474455722447601146996021270751953125
0.2113521726561462255045142910603317432105541229248046875
0.11460450451773358804263835963865858502686023712158203125
0.2008280221917528030051158793867216445505619049072265625
0.2113988868407949694994130140912602655589580535888671875
0.1776258162375415061706718233835999853909015655517578125
0.1251043295401586263881910099371452815830707550048828125
0.2472583141745878509976108716728049330413341522216796875
0.1342080423825751933630812118281028233468532562255859375
0.1379279336907879571771928794987616129219532012939453125
0.1778592332599792935621252354394528083503246307373046875
