-0.172255996368899599868740324382088147103786468505859375
-0.1468918042927522815688234913977794349193572998046875
-0.317350950439990231455311686659115366637706756591796875
-0.1606202307076516622164064074240741319954395294189453125
-0.165273563734717632289772382137016393244266510009765625
-0.2050846103495221617318833295939839445054531097412109375
-0.272932825966639480697040198720060288906097412109375
-0.1666733038092083341030757992484723217785358428955078125
-0.2175865787768246073508038307409151457250118255615234375
-0.2199917797902705418611191134914406575262546539306640625
-0.219757223647386978893081277419696561992168426513671875
-0.1525189797967696769820378221993451006710529327392578125
-0.200341576763445050612943987289327196776866912841796875
-0.2249218180184153481615538794358144514262676239013671875
-0.160169651092293918726028323362697847187519073486328125
-0.20714197142378909521909235991188324987888336181640625
-0.26124622547836240382679307003854773938655853271484375
-0.25212589767481663471926367492415010929107666015625
-0.17789686204985366568820381871773861348628997802734375
-0.1383238060743181840894777678840910084545612335205078125
-0.1606194128028162471100159791603800840675830841064453125
-0.23121032371418681616859203131753019988536834716796875
-0.171571601985699595527279370799078606069087982177734375
-0.198347767053059786945823361747898161411285400390625
-0.1832705340294891183106074095121584832668304443359375
-0.1446676208893971082858342924737371504306793212890625
-0.1597350091749327460899365860313992016017436981201171875
-0.1960130524641390536988438952903379686176776885986328125
-0.1619881746138835676429579280011239461600780487060546875
-0.230921902604432849326343557549989782273769378662109375
-0.152903352679720161422238788873073644936084747314453125
-0.2047081129163270951654141072140191681683063507080078125
-0.2230250403265171821320933531751506961882114410400390625
-0.1901067663559741494072596879050252027809619903564453125
-0.139083126708518023395555474053253419697284698486328125
-0.1605007193420205091616281833921675570309162139892578125
-0.145948884248877808200717254294431768357753753662109375
-0.209488179333432500417444543927558697760105133056640625
-0.183431194472938707829001714344485662877559661865234375
-0.153950501714955334531254038665792904794216156005859375
-0.21411332316777198503388035533134825527667999267578125
-0.26483867337104205486042474149144254624843597412109375
-0.2258404004457133795735757075817673467099666595458984375
-0.265664844764340879468278444619500078260898590087890625
-0.1538019153201186928203725301500526256859302520751953125
-0.1700642478134306856407675923037459142506122589111328125
-0.161527589391008585817388620853307656943798065185546875
-0.1449120644460885898308077912588487379252910614013671875
-0.145752821737896554044056074417312629520893096923828125
-0.172380903373063387729047235552570782601833343505859375
-0.26375257633604343165956152006401680409908294677734375
-0.17252101486247661821238352786167524755001068115234375
-0.1590928142630137764879094675052328966557979583740234375
-0.1682671904890462311055188138197991065680980682373046875
-0.157859471977097098882580894496641121804714202880859375
-0.1334884764439951132519723842051462270319461822509765625
-0.181605725432799014473772558631026186048984527587890625
-0.1655153979257538432445784337687655352056026458740234375
-0.1304065224313345761064653061112039722502231597900390625
-0.26605091522365265088723162989481352269649505615234375
-0.17903704090928673764437917270697653293609619140625
-0.199122634500294271031606285760062746703624725341796875
-0.2310416356382667679714160158255253918468952178955078125
-0.1512155935704644071915225822522188536822795867919921875
-0.1894493867109882379029528465252951718866825103759765625
-0.196029481696562424275498415227048099040985107421875
-0.1850415036406167501592534563314984552562236785888671875
-0.107913737408561083430669214067165739834308624267578125
-0.139466671025115618309797582696774043142795562744140625
-0.2589235703345875716507862307480536401271820068359375
-0.1963521851500791282063573817140422761440277099609375
-0.2179231452146687952886594530355068854987621307373046875
-0.21324056939842150892872041367809288203716278076171875
-0.129568749872206179230005318459006957709789276123046875
-0.2073238371928139700539617251706658862531185150146484375
-0.1501926744097927812759962762356735765933990478515625
-0.182546194950786777599915922110085375607013702392578125
-0.2135046041956657203453318061292520724236965179443359375
-0.13214919607214714591947313238051719963550567626953125
-0.1580743674360347572616092293174006044864654541015625
-0.1977453969395907840134185562419588677585124969482421875
-0.2406703204915812965847266013952321372926235198974609375
-0.2032624096662548895952937755282619036734104156494140625
-0.1514313129175176297902538635753444395959377288818359375
-0.1889105842024499104514489999928628094494342803955078125
-0.1564560842261961404187076141170109622180461883544921875
-0.16682096548445446426711669118958525359630584716796875
-0.20074809713410346478923429458518512547016143798828125
-0.2123135436018645794131742832178133539855480194091796875
-0.1260228514631040186433352801032015122473239898681640625
-0.1424835985722063547154192519883508794009685516357421875
-0.2040009210343527168429744733657571487128734588623046875
-0.289197429030343344802389538017450831830501556396484375
-0.265017991025761456835851959112915210425853729248046875
-0.183795376681161359844196567792096175253391265869140625
-0.1525207430188809387683335216934210620820522308349609375
-0.169419683845392576859723021698300726711750030517578125
-0.2170612946446187907501013114597299136221408843994140625
-0.210131537340187357632004250262980349361896514892578125
-0.2298117077568521959829439538225415162742137908935546875
-0.14877539568481090714868741997634060680866241455078125
-0.2430004454320901785546737983167986385524272918701171875
-0.1404080719272371158279355540798860602080821990966796875
-0.25316265364373513602203047412331216037273406982421875
-0.2418196506201653328549383559220586903393268585205078125
-0.180611067844221206968313708784990012645721435546875
-0.227616193122095411549565824316232465207576751708984375
-0.147814806178591162666435820938204415142536163330078125
-0.1559439611014176996217628357044304721057415008544921875
-0.1756075940391175482790941941857454366981983184814453125
-0.204940194394605035288492445033625699579715728759765625
-0.243387853584024205222391401548520661890506744384765625
-0.259935875814656658366885721989092417061328887939453125
-0.172337805940096344681222717554192058742046356201171875
-0.2033426061380369243014598623631172813475131988525390625
-0.2381587266608321817873417103328392840921878814697265625
-0.196101006060580396184178653129492886364459991455078125
-0.1735377422270390213032698056849767453968524932861328125
-0.1721664570028729190909189128433354198932647705078125
-0.203413149116958902329344027748447842895984649658203125
-0.15952741618321375494105041070724837481975555419921875
-0.2038060172998106545083629725922946818172931671142578125
-0.19476473184855691567207713887910358607769012451171875
-0.1715518325462757065480445817229337990283966064453125
-0.1652008600082399969455337895851698704063892364501953125
-0.1601616791204110989976783230304135940968990325927734375
-0.1699138069766864822529583989307866431772708892822265625
-0.2257613912056202487566025638443534262478351593017578125
-0.1831654187189876992203352301658014766871929168701171875
-0.1764039771816469925891368575321394018828868865966796875
-0.2098985509794261961058481347208726219832897186279296875
-0.2759958833438498349011069876723922789096832275390625
-0.2173114057838898272034811043340596370398998260498046875
-0.2063440412303443605157582396714133210480213165283203125
-0.191935602790872794631837905399152077734470367431640625
-0.145728227920497943603805879320134408771991729736328125
-0.129348890162616303456388777703978121280670166015625
-0.300325015720261878637842301031923852860927581787109375
-0.17282182737931861549185441617737524211406707763671875
-0.21191473063223142947464339158614166080951690673828125
-0.184334933735066763826893065925105474889278411865234375
-0.2076200727236818532883688703805091790854930877685546875
-0.187978674553818281278694257707684300839900970458984375
-0.2159929246167686944790631287105497904121875762939453125
-0.1618425831723548646845500798008288256824016571044921875
-0.1853085571381642981947379666962660849094390869140625
-0.18683318403203752477992338754120282828807830810546875
-0.2233318201228026433913242954076849855482578277587890625
-0.1528730052676824657797993722851970233023166656494140625
-0.174526858862261435856311209136038087308406829833984375
-0.2066212948970511942281547135280561633408069610595703125
