0.53294973204312146020100726673263125121593475341796875
0.58687963786188535042498415350564755499362945556640625
0.56160724816154761196429490155423991382122039794921875
0.55534598805718660141650389050482772290706634521484375
0.5649738199125946547241028383723460137844085693359375
0.57627781209371498061244665223057381808757781982421875
0.64094416773803308817747392822639085352420806884765625
0.57291286540444463781796002876944839954376220703125
0.6338747302590495014129601258900947868824005126953125
0.48234865831710582728675262842443771660327911376953125
0.59378600291558691903759381602867506444454193115234375
0.5096896908107149126720969434245489537715911865234375
0.5239247824202533099224865509313531219959259033203125
0.56653360932717988784901308463304303586483001708984375
0.61077731670190349433369192411191761493682861328125
0.5521269885390263087998619084828533232212066650390625
0.47149982125679057443079500444582663476467132568359375
0.60694598582077674553403312529553659260272979736328125
0.58264167528755728131528712765430100262165069580078125
0.5415509037434593775373059543198905885219573974609375
0.607611214043898062442394802928902208805084228515625
0.54769783374343894433167179158772341907024383544921875
0.61321742334560058740322574521997012197971343994140625
0.488382297842368806595203523102100007236003875732421875
0.5628781607662762809241030481643974781036376953125
0.57007776831704026765379467178718186914920806884765625
0.48391183375373969521859862652490846812725067138671875
0.4637404271070761918593916561803780496120452880859375
0.5842384324547766905055823372094891965389251708984375
0.53240604397264668090627992569352500140666961669921875
0.61144763627354226098731260208296589553356170654296875
0.58676567370361232267583773136720992624759674072265625
0.4654446336366839798159844576730392873287200927734375
0.467443683105992213722146289001102559268474578857421875
0.599743652428858187164451010175980627536773681640625
0.558187718886842265675340968300588428974151611328125
0.554595197557369967711338176741264760494232177734375
0.548798691991638776244144537486135959625244140625
0.55079688868573850601961794382077641785144805908203125
0.55803969415578136281652632533223368227481842041015625
0.54337632497685450783109217809396795928478240966796875
0.58697612911078922426355575225898064672946929931640625
0.60120978012359815867426959812291897833347320556640625
0.52611449033034884958937027477077208459377288818359375
0.6177031469357359139138452519546262919902801513671875
0.43492334400118137782698113369406200945377349853515625
0.470133947974030075300788666936568915843963623046875
0.53899085567192572820971463443129323422908782958984375
0.64246390572948908204153894985211081802845001220703125
0.5416147911244433288402433390729129314422607421875
0.5434041123921959925979763283976353704929351806640625
0.61958992293047032706709842386771924793720245361328125
0.569181931686281838977947700186632573604583740234375
0.462470652893995193277731914349715225398540496826171875
0.55060030799479597884982240429962985217571258544921875
0.5505290629578831751445022746338509023189544677734375
0.57752228125027615934783398188301362097263336181640625
0.5256009527845006967794461161247454583644866943359375
0.5831418722732040205158909884630702435970306396484375
0.6154334676679000804000452262698672711849212646484375
0.54392128469416733960173360173939727246761322021484375
0.58726848700546530057664540436235256493091583251953125
0.54494942210388963577116783199016936123371124267578125
0.56040690603027154548243515819194726645946502685546875
0.636853276705586335282305299188010394573211669921875
0.58957752688823805709006364850210957229137420654296875
0.5795231843168455743153799630817957222461700439453125
0.551823447501899266853797598741948604583740234375
0.61171631288055527964075963609502650797367095947265625
0.57901788941123033538360687089152634143829345703125
0.62078964325348884312205655078287236392498016357421875
0.51848793082355182360032586075249128043651580810546875
0.4911524967939318031540096853859722614288330078125
0.498242588546081000000498306690133176743984222412109375
0.57314087870098251453754301110166124999523162841796875
0.5809414185566195154564184122136794030666351318359375
0.561534849233944033386478622560389339923858642578125
0.46025264892964801166641564122983254492282867431640625
0.5591463514174090931874161469750106334686279296875
0.54680668490401662662492299205041490495204925537109375
0.52040593024108028341601084321155212819576263427734375
0.51472353610925125622088671661913394927978515625
0.5923188053137964370620238696574233472347259521484375
0.51487017307708871083349322361755184829235076904296875
0.4998302676569272851025971249327994883060455322265625
0.62810713622074476614187688028323464095592498779296875
0.5738268350226987113416043939650990068912506103515625
0.55606439949025665558934861110174097120761871337890625
0.52296866588371082595898542422219179570674896240234375
0.5219642759124594189046320025227032601833343505859375
0.54536583043840602957885721480124630033969879150390625
0.495666947519893985596439733853912912309169769287109375
0.5311870493715620256125475862063467502593994140625
0.55096652947061641736326009777258150279521942138671875
0.60395830826110363798164826221182011067867279052734375
0.614955195304630830577252709190361201763153076171875
0.536175563331009019663042636238969862461090087890625
0.5648866655961910510086454451084136962890625
0.0000000000000000000516690097825123206831676725414581596851348876953125
0.574661757623245339487993987859226763248443603515625
0.59898510376977365243789108717464841902256011962890625
0.6006856732631329354177296409034170210361480712890625
0.62797503459271164505395290689193643629550933837890625
0.52193719194794707672002687104395590722560882568359375
0.58763384136072083219204387205536477267742156982421875
0.50458968752963340165251793223433196544647216796875
0.420699328289023177784855533900554291903972625732421875
0.575363481049846914316958645940758287906646728515625
0.52892062677889117860985379593330435454845428466796875
0.5587849216932176954486521935905329883098602294921875
0.587265891536389528226891343365423381328582763671875
0.50669368691747418420590065579744987189769744873046875
0.5431552633807077423711007213569246232509613037109375
0.48184124106844727908338654742692597210407257080078125
0.56556501796705316298385923801106400787830352783203125
0.55866591332646631240521628569695167243480682373046875
0.49607673314693567778732585793477483093738555908203125
0.46602565570385501292349772484158165752887725830078125
0.551942416363436105797291020280681550502777099609375
0.55164996669935073558832527851336635649204254150390625
0.54973067501019923231098118776571936905384063720703125
0.52293487745308719905068528532865457236766815185546875
0.57635882475491106990972411949769593775272369384765625
0.5000713286232032483979992321110330522060394287109375
0.472353084611079998555993597619817592203617095947265625
0.5376473675873130186886328374384902417659759521484375
0.50625716268317011437005703555769287049770355224609375
0.63284366822409354735867736962973140180110931396484375
0.5664895135780756429966231735306791961193084716796875
0.56068846329110677562113096428220160305500030517578125
0.55161139730508279566123519543907605111598968505859375
0.6152122391827090641669428805471397936344146728515625
0.53291348581824038443954805188695900142192840576171875
0.454616100218170504643211415896075777709484100341796875
0.58936643622313322765648990753106772899627685546875
0.5591910859109192610816307933419011533260345458984375
0.55896886148583735387518345305579714477062225341796875
0.5788488579449964088752267343807034194469451904296875
0.57655882318692430743567456374876201152801513671875
0.5733856303792130848506758411531336605548858642578125
0.57153659293488612291866957093589007854461669921875
0.52864158664075000526594294569804333150386810302734375
0.467909056485540097991560060108895413577556610107421875
0.55132139835415416850850078844814561307430267333984375
0.550557829541748589008420822210609912872314453125
0.57332748929762666900700196492834948003292083740234375
0.53814393900916590585126186851994134485721588134765625
0.587097532282634393396847372059710323810577392578125
0.51710740901379403933191269970848225057125091552734375
0.54152317941843153281666900511481799185276031494140625
0.60674812585555926158775719159166328608989715576171875
