0.57328617538914661277971163144684396684169769287109375
0.583079968127818037970655495882965624332427978515625
0.57691919829942694963875737812486477196216583251953125
0.5816579490379056860405171391903422772884368896484375
0.58471347464756373568661729223094880580902099609375
0.59806137243095935929204642889089882373809814453125
0.6645599115710874027485033366247080266475677490234375
0.56692688162045723476722969280672259628772735595703125
0.645192146520508824636408462538383901119232177734375
0.497138328291781395051884828717447817325592041015625
0.58875811472198436025138335025985725224018096923828125
0.5251990321988462273594677753862924873828887939453125
0.50867786284794946904952439581393264234066009521484375
0.58015797333266760915648774243891239166259765625
0.62401278660178594037688526441343128681182861328125
0.5665742802420563606347059248946607112884521484375
0.485917906380527397924851129573653452098369598388671875
0.6171406315242702333989655016921460628509521484375
0.599071455222322857281369579141028225421905517578125
0.565950631481000332456687829107977449893951416015625
0.62722774131326863855662168134585954248905181884765625
0.56634657920074282788647224151645787060260772705078125
0.62589108230250134479177859248011372983455657958984375
0.497523692357889013582195048002176918089389801025390625
0.56202006199415255327522800143924541771411895751953125
0.5430212408907861831863783663720823824405670166015625
0.48691266184568171571100947403465397655963897705078125
0.468267947018619901111691206097020767629146575927734375
0.58850426313983061898937876321724615991115570068359375
0.54801929816703154330070901778526604175567626953125
0.62581143170711628354041522470652125775814056396484375
0.6036543559149034621214013895951211452484130859375
0.4731207244799569000548444819287396967411041259765625
0.478708556077914682003182633707183413207530975341796875
0.59146445037987038784166315963375382125377655029296875
0.562549762222971150293915343354456126689910888671875
0.55107743623696003876233362461789511144161224365234375
0.556688275694727341402767706313170492649078369140625
0.55071545094073048876026632569846697151660919189453125
0.56346403851054083222749113701866008341312408447265625
0.5589679115261654285262693520053289830684661865234375
0.60329352199556585123474405918386764824390411376953125
0.597192181785559217388481556554324924945831298828125
0.531385156349747145299033945775590837001800537109375
0.63400543923752616937150605735951103270053863525390625
0.47089775160736591086418911800137721002101898193359375
0.463972776869439773594905318532255478203296661376953125
0.54169386148059095464901702143833972513675689697265625
0.6562213919903185921356225662748329341411590576171875
0.5461877156477414896329491966753266751766204833984375
0.54414686165280479190897722219233401119709014892578125
0.6358261193958132384551618088153190910816192626953125
0.5687331877880061892227558928425423800945281982421875
0.471836698533801890409478119181585498154163360595703125
0.5079830356969801119504381858860142529010772705078125
0.5587714758442861029408277317997999489307403564453125
0.60229932458899770875149215498822741210460662841796875
0.5728388740195884398787029567756690084934234619140625
0.6036036480613831134434121850063093006610870361328125
0.6187356512351385173786866289447061717510223388671875
0.5545818739414303255585991792031563818454742431640625
0.58833388134151320958409314698656089603900909423828125
0.54912756003046769848197072860784828662872314453125
0.56775822990527424760642816181643866002559661865234375
0.64174819170666308476569383856258355081081390380859375
0.60433801184284785534828188247047364711761474609375
0.5904708182838860341945519394357688724994659423828125
0.53897836481517635842664049050654284656047821044921875
0.61412623021525714062107681456836871802806854248046875
0.5810343061127449804104116992675699293613433837890625
0.637938627529412993766300132847391068935394287109375
0.5377261058237479129928715337882749736309051513671875
0.5073802648809639936899884560261853039264678955078125
0.5262752071501968220701428435859270393848419189453125
0.59532217849980184620761747282813303172588348388671875
0.58160756596054474787393928636447526514530181884765625
0.57931954870005653024378489135415293276309967041015625
0.45320670898172299434492060754564590752124786376953125
0.58809159608707883837297458740067668259143829345703125
0.5665248652106260607297372189350426197052001953125
0.52017806569514812853327612174325622618198394775390625
0.54378475917736535105717621263465844094753265380859375
0.59231174354353932631767065686290152370929718017578125
0.5253865779810540370675653321086429059505462646484375
0.5066196348884035582926799179404042661190032958984375
0.65050986910576702459962916691438294947147369384765625
0.59238159197342621364867909505846910178661346435546875
0.5657396649913202235637754711206071078777313232421875
0.53840688868147490442339631044887937605381011962890625
0.54708263883618268863529010559432208538055419921875
0.569481505944016586084899245179258286952972412109375
0.52947584455758722743468069893424399197101593017578125
0.54608065889143475590827847554464824497699737548828125
0.5494658312040765490991134356590919196605682373046875
0.60423262044883652155391473570489324629306793212890625
0.61481218758387379264007677193148992955684661865234375
0.5430222464796354842064829426817595958709716796875
0.58756093248054075406372476209071464836597442626953125
0.0000000000000000000516690097825123206831676725414581596851348876953125
0.5831943707081295169558643465279601514339447021484375
0.5977678764045031289953158193384297192096710205078125
0.60963067278875471277643782741506583988666534423828125
0.64489211895236220328797571710310876369476318359375
0.53423609249908399210227116782334633171558380126953125
0.589238948492971648107641158276237547397613525390625
0.515148700046030416643816352006979286670684814453125
0.43442482155655037789898642586194910109043121337890625
0.59523147344241456035973669713712297379970550537109375
0.5526967587862572361956381428171880543231964111328125
0.5699742000658496454690293830935843288898468017578125
0.5829250542329649231731991676497273147106170654296875
0.5187326021750446880531626447918824851512908935546875
0.5462528304405041001956533364136703312397003173828125
0.53759170013419643741059417152428068220615386962890625
0.5377351485321202329004108833032660186290740966796875
0.57531850644003856842800814774818718433380126953125
0.51294392589606296883886216164682991802692413330078125
0.472138531178030174118021022877655923366546630859375
0.5572130197442868304591456762864254415035247802734375
0.57039895471825818873412572429515421390533447265625
0.57141998154904316553626131280907429754734039306640625
0.52194662620578913259095088506001047790050506591796875
0.58060170509554021034404058809741400182247161865234375
0.51927818995139796154347777701332233846187591552734375
0.482743089589393215010915128004853613674640655517578125
0.5422041597738858076382939543691463768482208251953125
0.50089335926551104005710612909751944243907928466796875
0.647539032054881058542150640278123319149017333984375
0.5770704759795146632228579619550146162509918212890625
0.55967036868436270680149391409941017627716064453125
0.5667240331235736672255143275833688676357269287109375
0.62823781792076605068331218717503361403942108154296875
0.5542153635432909286606673049391247332096099853515625
0.45191728405312370231428076294832862913608551025390625
0.59061645369274373695844815301825292408466339111328125
0.576872316687431663240204215981066226959228515625
0.566580332812772979877991019748151302337646484375
0.589951563264438316736004708218388259410858154296875
0.60228585205262208379650701317586936056613922119140625
0.5832610625749439225984360746224410831928253173828125
0.59759273003538115887067760922946035861968994140625
0.5371446875655478958577759840409271419048309326171875
0.4855572230239835196385911331162787973880767822265625
0.584266399749185705303489157813601195812225341796875
0.56458820647766694289515498894616030156612396240234375
0.5685353569916600235956138931214809417724609375
0.55064668583313214345054120713029988110065460205078125
0.58658741818531379141887782679987139999866485595703125
0.5389373285118248535496832118951715528964996337890625
0.57571070995950968107734979639644734561443328857421875
0.62243607220824781478540899115614593029022216796875
