-65.7211150675292259393245331011712551116943359375
-71.64835397513212456033215858042240142822265625
-87.2622105998295154449806432239711284637451171875
-65.368051029884526315072434954345226287841796875
-80.9902801263809095644319313578307628631591796875
-73.5002511050943923009981517679989337921142578125
-73.5892929169356051488648517988622188568115234375
-65.33459240966834613573155365884304046630859375
-72.163348365104553749915794469416141510009765625
-76.07950123095628214286989532411098480224609375
-74.710118647697754568071104586124420166015625
-78.297850826713300875780987553298473358154296875
-66.8400699693318500749228405766189098358154296875
-71.3637586425849121951614506542682647705078125
-72.5263581555966112546229851432144641876220703125
-63.4248829281458625928280525840818881988525390625
-69.52159221494270013863570056855678558349609375
-76.51028132557394201285205781459808349609375
-71.0115857132747549940177123062312602996826171875
-69.5943837962296214527668780647218227386474609375
-75.5165238897310047150313039310276508331298828125
-68.6668004083242493607031065039336681365966796875
-75.3104906962009437165761482901871204376220703125
-74.13061592757850348789361305534839630126953125
-76.85466269067416078542009927332401275634765625
-73.2833708133661758665766683407127857208251953125
-75.294713785829259222737164236605167388916015625
-72.7006826016096994180770707316696643829345703125
-77.244413027775493674198514781892299652099609375
-84.243061744033610693804803304374217987060546875
-71.3243809169758407051631365902721881866455078125
-66.9141184019370172109120176173746585845947265625
-74.778400962178494637555559165775775909423828125
-76.3254579966594661755152628757059574127197265625
-72.395906541282755597421783022582530975341796875
-73.3484673762546890429803170263767242431640625
-69.638473036405542870852514170110225677490234375
-74.45335571220226711375289596617221832275390625
-68.0009088422159351239315583370625972747802734375
-77.20285578002648207984748296439647674560546875
-70.5780158174119236491605988703668117523193359375
-74.181700823827895874273963272571563720703125
-72.69241131641200581725570373237133026123046875
-67.6204118956881785607038182206451892852783203125
-71.264490956369314744733856059610843658447265625
-74.2199969162289363566742395050823688507080078125
-68.28189236399657602305524051189422607421875
-73.1393397400922964379788027144968509674072265625
-67.1099642508674349983266438357532024383544921875
-70.122024236793407681034295819699764251708984375
-68.747322476197012974807876162230968475341796875
-69.0579167448499759984770207665860652923583984375
-80.166114232049295651449938304722309112548828125
-68.36216870883578167195082642138004302978515625
-68.136237879766241576362517662346363067626953125
-66.0392549240097679330574464984238147735595703125
-73.2704473136355005635778070427477359771728515625
-69.9725398722724065692091244272887706756591796875
-72.6079577840664711629869998432695865631103515625
-83.918702619856532010089722461998462677001953125
-71.7643141181624883984113694168627262115478515625
-74.0321689979838168937931186519563198089599609375
-76.764958815542996717340429313480854034423828125
-75.6705591974419320422384771518409252166748046875
-70.8860156005946038249021512456238269805908203125
-75.24794000211068123462609946727752685546875
-68.2331222851381227201272849924862384796142578125
-74.8933457590034237227882840670645236968994140625
-70.08086437729542694796691648662090301513671875
-65.7969471111030799193031270988285541534423828125
-77.58159391120062764457543380558490753173828125
-72.5754144350343750602405634708702564239501953125
-66.8499384960650644416091381572186946868896484375
-71.779888133531272842446924187242984771728515625
-85.0519513596697009916169918142259120941162109375
-79.6104702011469242961538839153945446014404296875
-71.5766095073231127798862871713936328887939453125
-68.8894311974894435479654930531978607177734375
-78.7236992100285277729199151508510112762451171875
-77.644929000738642344003892503678798675537109375
-78.9175901114705453665010281838476657867431640625
-74.8407449355348717290326021611690521240234375
-75.7911152148952425022798706777393817901611328125
-74.2339932018578139150122296996414661407470703125
-66.853386026129243191462592221796512603759765625
-82.39558146973269003865425474941730499267578125
-74.467370118302625314754550345242023468017578125
-70.4593181388384692809268017299473285675048828125
-72.663426603241504153629648499190807342529296875
-76.479196803791211323186871595680713653564453125
-74.9254229775793731960220611654222011566162109375
-72.91871822684305470829713158309459686279296875
-69.7655840684960395492453244514763355255126953125
-78.6573153808769092165675829164683818817138671875
-73.90369284366943247732706367969512939453125
-73.464707553058133271406404674053192138671875
-68.7662497778185439756271080113947391510009765625
-84.0792311795495521664633997716009616851806640625
-60.335945661093091985094361007213592529296875
-70.728198909329449861616012640297412872314453125
-68.3095235102077680267029791139066219329833984375
-75.7137951545471850067769992165267467498779296875
-79.9049922273883197476607165299355983734130859375
-80.743947495185608431711443699896335601806640625
-74.924986978226598921537515707314014434814453125
-76.46054852110910360352136194705963134765625
-67.968520638824287516399635933339595794677734375
-74.0927171333669747355088475160300731658935546875
-73.4650733752132936160705867223441600799560546875
-74.3659130363096352311913506127893924713134765625
-75.4561143097458852935233153402805328369140625
-74.145030089982384424729389138519763946533203125
-69.5466798238418988375997287221252918243408203125
-77.5062902256576080617378465831279754638671875
-70.2582465416541452896126429550349712371826171875
-69.297766443133014035993255674839019775390625
-74.064957442294456768649979494512081146240234375
-68.9935579558145519740719464607536792755126953125
-67.8950819002531744672523927874863147735595703125
-67.967386117665540723464800976216793060302734375
-75.607881455639216028430382721126079559326171875
-74.2806410602333784254369675181806087493896484375
-71.94320416278924312791787087917327880859375
-73.9331251664329585082668927498161792755126953125
-67.8757960030931286610211827792227268218994140625
-68.217092772515826482049305923283100128173828125
-65.7831402157011098097427748143672943115234375
-75.382397090424746011194656603038311004638671875
-82.3870689767559127858476131223142147064208984375
-73.5723097536967571841159951873123645782470703125
-72.270504181648760777534334920346736907958984375
-78.6075686739546455328309093602001667022705078125
-75.7031060906638231244869530200958251953125
-72.891609338706729204204748384654521942138671875
-69.9889039637846082086980459280312061309814453125
-68.03434882844823050618288107216358184814453125
-74.83120969552197720986441709101200103759765625
-80.8841877864882690118975006043910980224609375
-72.5580310549422620169934816658496856689453125
-75.0417322350957789467429392971098423004150390625
-70.4625643821071179218051838688552379608154296875
-73.0557097401225377097944146953523159027099609375
-77.813148422965099371140240691602230072021484375
-70.6235423527839287771712406538426876068115234375
-67.4532553461367569980211555957794189453125
-74.1765986578140967822037055157124996185302734375
-73.023593375532840354935615323483943939208984375
-71.7446292603417674627053202129900455474853515625
-75.4346240119941029433903167955577373504638671875
-69.0666707788159470737809897400438785552978515625
-72.463117009244200517059653066098690032958984375
