0.003650353492173192236636136698280097334645688533782958984375
0.003077993427802637287082898609469339135102927684783935546875
0.00054898284912013200521896383321518442244268953800201416015625
0.004349289669073448660885361505279433913528919219970703125
0.170601340415156454977108069215319119393825531005859375
0.01509905597687631606529379268977208994328975677490234375
0.00950834650479650579646406782785561517812311649322509765625
0.00088371031492269816985662966857262290432117879390716552734375
0.00967917924227773736334246024171079625375568866729736328125
0.00061358041976598679846655048919501496129669249057769775390625
0.00168280653625649321940282998610882714274339377880096435546875
0.0007957926833316495383863209411856587394140660762786865234375
0.00148746587473579257830669231310594113892875611782073974609375
0.00497737235249019922822544259588539716787636280059814453125
0.00816019095040749174729821646678828983567655086517333984375
0.000943835563297318476914943286004699984914623200893402099609375
0.1961309954635781782616987811707076616585254669189453125
0.0005043557985071399178689244280349157634191215038299560546875
0.0002771458706256806699304295893426797192660160362720489501953125
0.0022739538145787360594318737838648303295485675334930419921875
0.012980105473295366902419800680945627391338348388671875
0.0011497253458961076422184532930259592831134796142578125
0.5102094293088865750718241542926989495754241943359375
0.00261825328033695771401401231059935525991022586822509765625
0.000139979729685915134373974666459616855718195438385009765625
0.00068707140096462872291827039816780597902834415435791015625
0.00024198071238644620374602656198703698464669287204742431640625
0.0150431176994336342211955326320094172842800617218017578125
0.0004424778077310466926908016915831467485986649990081787109375
0.0073184522972874095636530711317391251213848590850830078125
0.050003713284033170227704800936407991684973239898681640625
0.000537773966857113430543868570765653203125111758708953857421875
0.009752617819526791798079301543111796490848064422607421875
0.0006587395256104759157234074251618949347175657749176025390625
0.00198114441869668388152003757340935408137738704681396484375
0.0045407006480331392472837848117706016637384891510009765625
0.005040344705094404291478848989527250523678958415985107421875
0.02576366327004463163685699100824422203004360198974609375
0.0006607624119617338913357240670620740274898707866668701171875
0.04352976958466407697567746026834356598556041717529296875
0.29052082948892998803813725317013449966907501220703125
0.0104410565561033653880773641731138923205435276031494140625
0.06284933682596195725356125194593914784491062164306640625
0.047810972765354627089795513938952353782951831817626953125
0.06728173661912988101629906623202259652316570281982421875
0.0229842593226605336476087160235692863352596759796142578125
0.01042459564787432367560793267102781101129949092864990234375
0.1056118565796775043974520258416305296123027801513671875
0.003878015926416991145109225413989406661130487918853759765625
0.0057232993333500292720827928860671818256378173828125
0.0001224846232175554852812660033833935813163407146930694580078125
0.000958896830327694610525413043689013647963292896747589111328125
0.00052506577457923594466626671106723733828403055667877197265625
0.0036697587646706587849454450633857049979269504547119140625
0.01307374162065937095444922988463076762855052947998046875
0.00182768064855397456038021974933371893712319433689117431640625
0.0005037157173617356174799564172417376539669930934906005859375
0.01293552855022037963161896101382808410562574863433837890625
0.000734394838132534054364608522291746339760720729827880859375
0.0006161874551343002846814922435214612050913274288177490234375
0.0002486318663068071317667762087921801139600574970245361328125
0.00018266925615131654318280818305453294669860042631626129150390625
0.00062482749940875013938690329950986779294908046722412109375
0.00104853430378358015995221563798622810281813144683837890625
0.0173766470539273576445538083135033957660198211669921875
0.08979914030687759229909516989209805615246295928955078125
0.0034600785286146456577738295123936040909029543399810791015625
0.05167143823277188519060842963881441392004489898681640625
0.000176792641620217402982639942621290174429304897785186767578125
0.00043793352944680925299680840367955170222558081150054931640625
0.00826066577760450719558615872983864392153918743133544921875
0.00032499013102849452251652540013537873164750635623931884765625
0.0018031640813000611965610797682302290922962129116058349609375
0.0001719335281713607415342293105453563839546404778957366943359375
0.00045392983224835730358959207109137423685751855373382568359375
0.0019772102061809781851919876061174363712780177593231201171875
0.0026896286383251873097766093678728793747723102569580078125
0.000909760677285899039927474785116601196932606399059295654296875
0.00041408489223888531559347736532572525902651250362396240234375
0.051754236006851306317599892281577922403812408447265625
0.0032221378171919425048574936454315320588648319244384765625
0.0046882776610605129963271764381715911440551280975341796875
0.00157194603553834056329507884441909482120536267757415771484375
0.00020656050584878590131200637447506096577853895723819732666015625
0.03240767854947514126084939789507188834249973297119140625
0.00177751157251074113664623954633725588792003691196441650390625
0.0004300454209222093530061437061107199042453430593013763427734375
0.0007953715561689815409518455879833709332160651683807373046875
0.000540002643765113738046068636577956567634828388690948486328125
0.000184079830676831435361251454452258258243091404438018798828125
0.0139923816945930479249682321096770465373992919921875
0.0007503344282760149829003548660466549335978925228118896484375
0.0007014063283099954138055664998319116421043872833251953125
0.0143256098023329149493410028526341193355619907379150390625
0.07040209072614989072036451034364290535449981689453125
0.003635107469816358828629265786958058015443384647369384765625
0.00059528497664951642888431226907641757861711084842681884765625
0.00020850239694309943318251132637897171662189066410064697265625
0.00473071142881431074000975200988250435329973697662353515625
0.000656464503956777725192373029727832545177079737186431884765625
0.000157974606503730012618813560720809618942439556121826171875
0.00153856434250820481822452645559451411827467381954193115234375
0.00108180885045707528106795347611068791593424975872039794921875
0.005278764643584450515223505107087476062588393688201904296875
0.000170539874531722038079883940753234128351323306560516357421875
0.0037980372255533730550813853454883428639732301235198974609375
0.17429836692789191232577650225721299648284912109375
0.48998704727282660353893106730538420379161834716796875
0.02244359982184014612460742910116096027195453643798828125
0.044449954917148197519605190564107033424079418182373046875
0.0258302281011790028919516970518088783137500286102294921875
0.0680498087492478476168145107294549234211444854736328125
0.0358876055909698454815526247330126352608203887939453125
0.032230508759206071001113258489567670039832592010498046875
0.0020851615931026892293564944935724270180799067020416259765625
0.0003641832398880415796842136000321943356539122760295867919921875
0.238285434109704319372013969768886454403400421142578125
0.2070642615115484141963264619334950111806392669677734375
0.0008162721581722151738269577236906116013415157794952392578125
0.00031310018826553160341263915000808992772363126277923583984375
0.000718496266900709649842748927284219462308101356029510498046875
0.00626204057401937540239256207996731973253190517425537109375
0.0058785785795867941116998878214872092939913272857666015625
0.00076981821079495811599446852824257803149521350860595703125
0.34271859380125102578773521599941886961460113525390625
0.0078994560696513081710090631304410635493695735931396484375
0.05099122497930815012256999807505053468048572540283203125
0.0941888822558014371377765883153188042342662811279296875
0.02674680341306166775350305897518410347402095794677734375
0.0161914359585979029942937046371298492886126041412353515625
0.0107754701999051120953065918683932977728545665740966796875
0.0246050475222671892472359189696362591348588466644287109375
0.007501472249157751202852661975839509977959096431732177734375
0.0003733435003827284093085026039915419460157863795757293701171875
0.2333594281404423875780906882937415502965450286865234375
0.0020046654751659852104761494473450511577539145946502685546875
0.09651013647925399396854118094779551029205322265625
0.0004594569835365363533359606140749065161799080669879913330078125
0.00179869247032150999208999220257965134805999696254730224609375
0.1441960638295458341229249299431103281676769256591796875
0.0004676298684426888059399718411413005014765076339244842529296875
0.00639619150309775515161891945581373875029385089874267578125
0.005594555052296422588409274823106898111291229724884033203125
0.000337092109094184956726014679162517495569773018360137939453125
0.000418784025052703462975445258820172966807149350643157958984375
0.0004615350043003863867753511218694484341540373861789703369140625
0.0020992367006168965136436721508061964414082467555999755859375
0.001002724129464672465916752486236873664893209934234619140625
0.1668777877404819254270051942512509413063526153564453125
0.003756831623694267645319211368359901825897395610809326171875
0.0037746100847831812012678209811156193609349429607391357421875
