0.006897158848587423875253765714887776994146406650543212890625
0.0086932938965037474809971485001369728706777095794677734375
0.001666065379104111378316677161137704388238489627838134765625
0.00796373556833714253688771833594728377647697925567626953125
0.323125479444861418709677991500939242541790008544921875
0.031618421776220199947982081312147784046828746795654296875
0.040885824598371985072464696031602215953171253204345703125
0.005804579393006861244563854285161141888238489627838134765625
0.0660109318234026465344044254379696212708950042724609375
0.00169727090280503045867377398536746113677509129047393798828125
0.004244185413699597293757381777368209441192448139190673828125
0.00244764694245532161975820173438478377647697925567626953125
0.0024106953479349616832616565176294898265041410923004150390625
0.0136491203331388540054280866797853377647697925567626953125
0.0231335595995187763562750404844337026588618755340576171875
0.00262969554751180112361907958984375
0.3256501390039920895702607595012523233890533447265625
0.00260006155585870181445873328129891888238489627838134765625
0.0033817964233458044399915909394849222735501825809478759765625
0.00624572158092632882808725724999021622352302074432373046875
0.02791803337167948761976532523476635105907917022705078125
0.0054770696768537165122214815937695675529539585113525390625
0.5930729743838309975245692839962430298328399658203125
0.00605168827809393454486563967975598643533885478973388671875
0.000624159418512135861188683261246978872804902493953704833984375
0.0100692728534340879276154367971685132943093776702880859375
0.0011142676789313555284210988105542128323577344417572021484375
0.038037839531898508249607715470119728706777095794677734375
0.0035363559395773336117840823789038040558807551860809326171875
0.0224135301262140262945621316248434595763683319091796875
0.06665679149329661878908837024937383830547332763671875
0.00168552333954721691826328378027710641617886722087860107421875
0.01650381092447787689803107014085981063544750213623046875
0.0023494813241995873669132333105835641617886722087860107421875
0.00785409441683441490733574852356468909420073032379150390625
0.0087932206690311438823659528907228377647697925567626953125
0.024909612336196006177058137609492405317723751068115234375
0.0403049759566783960540448106257827021181583404541015625
0.002096329245250672275446834902368209441192448139190673828125
0.0983661651611328069488848768742172978818416595458984375
0.39106088213622569593752587024937383830547332763671875
0.1095778621733188573639239393742172978818416595458984375
0.07815535973757505028292058568695210851728916168212890625
0.10043924827128648813445721543757827021181583404541015625
0.10412632195279002134125079237492172978818416595458984375
0.037381871435791254321134857718789135105907917022705078125
0.024878153959289196761606177688008756376802921295166015625
0.1745124272257089492743631353732780553400516510009765625
0.0160474314726889166760059879379696212708950042724609375
0.008443835941143333634339995796835864894092082977294921875
0.00088717267150059350190594020801881924853660166263580322265625
0.004629369549220428183000652921919026994146406650543212890625
0.0035797736654058103823727865488990573794580996036529541015625
0.0167053196439519539839846373752152430824935436248779296875
0.0277913103718310620926512655159967835061252117156982421875
0.0029742744239047171593559593105737803853116929531097412109375
0.0028433436958584935687344152910327466088347136974334716796875
0.025179208312183620765978275812813080847263336181640625
0.0032423837948590515656288602031054324470460414886474609375
0.00250200802925974220836113914856468909420073032379150390625
0.00206743595423176940162335313289077021181583404541015625
0.00534319356083869968776500769536141888238489627838134765625
0.001428666390711441809557857851586959441192448139190673828125
0.0072796880523674188656624295390429324470460414886474609375
0.020807207501493396595293461359688080847263336181640625
0.1078353963419795003009227229995303787291049957275390625
0.005894477292895316904164371152319290558807551860809326171875
0.1337242912501096780975018418757827021181583404541015625
0.003485312625998631362589375015659243217669427394866943359375
0.00144411100482102496521397139161990708089433610439300537109375
0.015666869585402309894561767578125
0.0051010611094534398513022921406445675529539585113525390625
0.007436962774954736753174611152417128323577344417572021484375
0.000744758194778114630991983080576801512506790459156036376953125
0.0011117185745388269250966128964819290558807551860809326171875
0.04168359503149986211578692518742172978818416595458984375
0.0169153064582496896750551940158402430824935436248779296875
0.0036522558378055693627250999355737803853116929531097412109375
0.0017894290742697196473776077851880472735501825809478759765625
0.08401268614456057493011797987492172978818416595458984375
0.01530131420586258207683361121098641888238489627838134765625
0.08177311370149255298489521237570443190634250640869140625
0.006814702958799898589725696496088858111761510372161865234375
0.0072525717807002364201363064921679324470460414886474609375
0.0729689242690801653790089176254696212708950042724609375
0.003962709046900272751023930339897560770623385906219482421875
0.0017381661967374385964479888144751384970732033252716064453125
0.0075133758387528372379993157892386079765856266021728515625
0.018856170289218425473176665718710864894092082977294921875
0.0014939097192836927989467721289429391617886722087860107421875
0.03688834274187684225676520100023481063544750213623046875
0.0017512659542262554168701171875
0.003940754439681768729608624113325276994146406650543212890625
0.04937495679594576525328619709398481063544750213623046875
0.131048110015690333352011975875939242541790008544921875
0.005622315814252942973994198183618209441192448139190673828125
0.00173427777364850051189382185157228377647697925567626953125
0.000917840919573791416165298162610497456626035273075103759765625
0.0177797152008861321370591923596293781884014606475830078125
0.00924997662194073332064814252362339175306260585784912109375
0.0003967414851649664580927889812045350481639616191387176513671875
0.0034736598550807683792596147753783952794037759304046630859375
0.0024348253943026064612109582441235033911652863025665283203125
0.00926510092336684486225006907034185132943093776702880859375
0.00173696803365601241432580881252079052501358091831207275390625
0.01027969504706561544582488210153314867056906223297119140625
0.212796911634504815058477333877817727625370025634765625
0.5248499207198620286618506725062616169452667236328125
0.07830120574682951362088800806304789148271083831787109375
0.0898966177180409442559749777501565404236316680908203125
0.08314617572352289709414208118687383830547332763671875
0.1720323708280921126689833045020350255072116851806640625
0.07315798422321677374480231037523481063544750213623046875
0.12256303081288934253567646237570443190634250640869140625
0.003773951458279043401355945519526358111761510372161865234375
0.00126831249566748747829858512403689019265584647655487060546875
0.351287082731723765416376181747182272374629974365234375
0.2253135339543223258917947759982780553400516510009765625
0.002403607601881958648337711537124050664715468883514404296875
0.000688622749876230942113475297361446791910566389560699462890625
0.0026525330357253557207741767598463411559350788593292236328125
0.01993819449562579670942596976601635105907917022705078125
0.0196145362034440030873927440779880271293222904205322265625
0.00206049802131019581252768801959973643533885478973388671875
0.361134925559163100228232679000939242541790008544921875
0.02955678007565439024961762015664135105907917022705078125
0.0558961964864283789022891824060934595763683319091796875
0.231184404157102119103939230626565404236316680908203125
0.05318701417185366098205889784367172978818416595458984375
0.0248149329237639937328907535629696212708950042724609375
0.038223695252090690577251308468476054258644580841064453125
0.05228446451015771045955915496961097232997417449951171875
0.0199937999807298198706728697970902430824935436248779296875
0.002563213531975634500159610951186550664715468883514404296875
0.30924460582435131517087256725062616169452667236328125
0.00675080870976671638949984100008805398829281330108642578125
0.1330432981625199462261122107520350255072116851806640625
0.0026675178424920890050964228379370979382656514644622802734375
0.00350150390819180777624008982229497632943093776702880859375
0.239388112276792519583779039749060757458209991455078125
0.0020029730361420662425320227129077466088347136974334716796875
0.1168257868476212102404332426885957829654216766357421875
0.019472863618284465270225069843945675529539585113525390625
0.00159786090254783658994031103617317057796753942966461181640625
0.0020056463929358872046171402558911722735501825809478759765625
0.002894468540325761431175610738364412100054323673248291015625
0.0079720890976022924789834434022850473411381244659423828125
0.00545396107714623233631012766409185132943093776702880859375
0.270121948868036254598479217747808434069156646728515625
0.0271031330525875087389398032655662973411381244659423828125
0.00805506680859252761905953121868151356466114521026611328125
