0.80105765648875959517027922629495151340961456298828125
0.9000083818466493301713171604205854237079620361328125
0.53465542170323410164911592801217921078205108642578125
0.50536398736588228342014872396248392760753631591796875
0.6206166895558293816748118842951953411102294921875
0.4579033723826546609103615992353297770023345947265625
0.4249637976351474666358853937708772718906402587890625
0.461236739320763977634243246939149685204029083251953125
0.6858816563002314570240969260339625179767608642578125
0.31454348731375925130038240240537561476230621337890625
0.948318202911233587570905001484788954257965087890625
0.5395097499149184017142033553682267665863037109375
0.467175448093063161447702213990851305425167083740234375
0.57064341961962272709030230544158257544040679931640625
0.95344829618223136957766428167815320193767547607421875
0.69167438840744421835182720315060578286647796630859375
1.1989974375555465524456622006255201995372772216796875
0.69934400036339339212787535871029831469058990478515625
0.651447825323392404328615157282911241054534912109375
0.433806049289110429167948268514010123908519744873046875
1.0430910779687787570679802229278720915317535400390625
0.70815717762897556486478833903674967586994171142578125
1.1822471130668079641878875918337143957614898681640625
1.1230659436848451360191347703221254050731658935546875
0.6136586410614039976962885702960193157196044921875
0.85716032200659653117469360950053669512271881103515625
0.365746814030719902266497456366778351366519927978515625
0.42499859010265239600556697041611187160015106201171875
0.5908379676931876378631613988545723259449005126953125
0.7510092111431945216537542364676482975482940673828125
0.681573122826647281868872596533037722110748291015625
0.305812889404024901285339410605956800282001495361328125
0.73158232814358115092545631341636180877685546875
1.0367166709803170565606933450908400118350982666015625
0.5710435387242986937650357504026032984256744384765625
0.733143607767562599519806099124252796173095703125
0.72758774298019368576007082083378918468952178955078125
0.724494999682880003177842809236608445644378662109375
0.704571408160985068747095283470116555690765380859375
0.39957565399963324015430998770170845091342926025390625
0.93312673456051153930701502758893184363842010498046875
1.0993033436633357080580708498018793761730194091796875
0.9825690083870721736047926242463290691375732421875
0.5339792424533846837420014708186499774456024169921875
0.60340183492419485755675623295246623456478118896484375
0.8633192743439723759735215935506857931613922119140625
0.59604107739297396140187856872216798365116119384765625
0.94373406255663583319659437620430253446102142333984375
0.72273571432070615738751939716166816651821136474609375
0.988274255209933727428506244905292987823486328125
0.34372812399455521248370359899126924574375152587890625
0.52019022062229203218208795078680850565433502197265625
1.0077212221616982379401861180667765438556671142578125
1.4232692279633500920255073651787824928760528564453125
0.9102521255315714210354371971334330737590789794921875
0.367345144734606054992553936244803480803966522216796875
0.44928539234994413487100928250583820044994354248046875
0.31267722826535671032388563617132604122161865234375
1.18936029943431176292278905748389661312103271484375
0.422412145576495368093361548744724132120609283447265625
0.4185902798507876720890408250852487981319427490234375
0.62315843718687080610152406734414398670196533203125
0.7370058716519711783377033498254604637622833251953125
0.435097345894978781988271521186106838285923004150390625
0.9385882357280415089206826451118104159832000732421875
0.50145226986485125220127656575641594827175140380859375
0.919305194177726381354887053021229803562164306640625
0.92992597796446130331560198101215064525604248046875
0.758807005211104890207707285298965871334075927734375
0.33777304475068647970914526013075374066829681396484375
0.3515091288184482021250687466817907989025115966796875
0.32724736709552659785771311362623237073421478271484375
1.7044229817239269220152664274792186915874481201171875
0.355672595684629888612704462502733804285526275634765625
0.7880786823233218996165305725298821926116943359375
0.59273070310516662306810076188412494957447052001953125
0.6721840138080013016264047109871171414852142333984375
1.069692636933496476814298148383386433124542236328125
0.58882695481646152302346308715641498565673828125
0.72199883983934076692179360179579816758632659912109375
0.422330557175492782295833649186533875763416290283203125
0.68229386505583955457865386051707901060581207275390625
0.622177323465560316861910905572585761547088623046875
0.4674025121275662275621698427130468189716339111328125
1.656311674170025671770645203650929033756256103515625
0.25499155791043992547173502316582016646862030029296875
0.453322044156051651153660486670560203492641448974609375
0.38821124852825816820001136875362135469913482666015625
0.86690955680142456341030765543109737336635589599609375
0.76701680594910792709839597591781057417392730712890625
0.60572564286091112872867370242602191865444183349609375
1.18246411665558515124985206057317554950714111328125
0.487157057609967913958115559580619446933269500732421875
0.86501326393319999397135688923299312591552734375
0.467584449702937166026828208487131632864475250244140625
0.3043266430115554310731340592610649764537811279296875
0.80536185244352942458334609909798018634319305419921875
1.4900604988218599800120500731281936168670654296875
1.2015089881942271343717720810673199594020843505859375
0.55064238745782223549696254849550314247608184814453125
0.42660392615128428506210411796928383409976959228515625
0.70045345746978149303885174958850257098674774169921875
0.6486700229772635051261886474094353616237640380859375
0.4256932643973707630635772147797979414463043212890625
0.4089863773887068010282064278726466000080108642578125
1.563182426613845432683547187480144202709197998046875
1.048424840505750577079879803932271897792816162109375
1.41277398521880304116393745061941444873809814453125
0.845826530607507454107008015853352844715118408203125
1.075563948566296890163584976107813417911529541015625
0.66984434217141053391486593682202510535717010498046875
0.7216681766476005233101886915392242372035980224609375
1.0698310076722064021481628515175543725490570068359375
0.96689393356053676686912012883112765848636627197265625
0.56386737709472345425609773883479647338390350341796875
0.859533359194324386720609254552982747554779052734375
0.490303156768479853067077556261210702359676361083984375
0.491777452566713346726601230329833924770355224609375
0.47212459426285169339365666019148193299770355224609375
0.393930871953687200548444025116623379290103912353515625
0.477984598479950839600149947727913968265056610107421875
1.0107032861417761804290194049826823174953460693359375
0.597137194748950772549278553924523293972015380859375
0.6628620777985994028114191678469069302082061767578125
1.51841276815371184483183242264203727245330810546875
0.7406184230145937963385449620545841753482818603515625
0.8462619292731030640197786851786077022552490234375
1.0258067299796416182999791999463923275470733642578125
0.89779379549458726561539378963061608374118804931640625
0.52099212146226303588036898872815072536468505859375
0.5639787804431757312073614230030216276645660400390625
0.6397093420509312178268146453774534165859222412109375
0.2308151289736963540644154591063852421939373016357421875
0.6305178507954602995511095286929048597812652587890625
0.53123917044171886647774272205424495041370391845703125
0.6176080323676502725760428802459500730037689208984375
0.58813313320315996346465681199333630502223968505859375
0.85269376856141410048195439230767078697681427001953125
0.44245101680327980631091122631914913654327392578125
1.6934156869406924439402928328490816056728363037109375
0.413501566378840001991790131796733476221561431884765625
0.71386163138514902026798836232046596705913543701171875
1.464715394396232994722595321945846080780029296875
0.60805138291781479775721663827425800263881683349609375
1.5710748302575840984474098149803467094898223876953125
0.61997634518642741330296530577470548450946807861328125
1.0805158744576710549978315611951984465122222900390625
1.5845558228727940619506853181519545614719390869140625
0.900806671229293254299363979953341186046600341796875
0.62273195535626146845942230356740765273571014404296875
0.93900528282799344825804155334481038153171539306640625
