17.6754949092864990234375
18.192879199981689453125
18.0004861354827880859375
18.2122375965118408203125
17.8168408870697021484375
17.8700199127197265625
18.091278553009033203125
18.6495075225830078125
18.1455230712890625
17.2484538555145263671875
17.8540155887603759765625
18.6402909755706787109375
17.724247455596923828125
18.217825889587398791036321199499070644378662109375
18.111864566802978515625
18.312198162078857421875
17.926021575927734375
18.31835651397705078125
17.9466495513916015625
18.36497974395751953125
18.1092202663421630859375
18.1798326969146728515625
18.17654132843017578125
17.7843782901763916015625
18.384336948394775390625
17.941778659820556640625
17.9947636127471923828125
18.153151988983150744161321199499070644378662109375
17.9780819416046142578125
18.0370385646820068359375
18.322398900985721326151178800500929355621337890625
18.789013147354129529276178800500929355621337890625
17.835657596588134765625
17.686103343963623046875
18.2211437225341796875
18.1729838848114013671875
18.198996067047119140625
17.6898005008697509765625
17.4865648746490478515625
17.697406768798828125
18.5276434421539306640625
18.164755344390869140625
18.374274492263790392598821199499070644378662109375
18.6477015018463134765625
17.79889011383056640625
18.3314037322998046875
18.1339719295501708984375
18.126909732818603515625
17.880413055419921875
17.8171465396881103515625
17.267818927764892578125
18.4160993099212646484375
18.3729193210601806640625
17.9123382568359375
18.1369724273681640625
18.0920374393463134765625
18.3418943881988525390625
18.161810398101806640625
18.4388568401336669921875
18.2350656986236572265625
18.0204646587371826171875
18.426157474517822265625
17.8007838726043701171875
18.321988582611083984375
17.920421600341796875
18.1576387882232666015625
18.2417542934417724609375
18.09318065643310546875
17.9028618335723876953125
18.0604305267333984375
18.296488285064697265625
18.4479134082794189453125
18.11800289154052734375
18.4479515552520751953125
18.12380123138427734375
18.2039902210235595703125
18.3115751743316650390625
18.184521913528438830098821199499070644378662109375
18.251081943511962890625
17.3687665462493896484375
17.971987247467041015625
18.6908843517303466796875
17.9423124790191650390625
18.195425510406497693338678800500929355621337890625
18.6483917236328125
18.672149181365966796875
18.0902271270751953125
18.2640361785888671875
17.968059539794921875
18.2273552417755126953125
18.0738036632537841796875
18.275996208190921521463678800500929355621337890625
18.115143299102783203125
17.965024471282958984375
18.210830688476558947286321199499070644378662109375
18.32620143890380859375
18.1648705005645751953125
18.4742662906646728515625
18.146348476409912109375
18.247420787811279296875
17.52353191375732421875
17.5437488555908203125
18.47872066497802734375
18.1211011409759521484375
17.68218898773193359375
18.7228076457977294921875
17.9245059490203857421875
18.6014058589935302734375
18.1473805904388427734375
18.5556738376617431640625
18.059257030487060546875
17.5413482189178466796875
18.2318480014801025390625
18.1063861846923828125
18.5639095306396484375
18.43122196197509765625
17.829471111297607421875
18.2708342075347900390625
18.420448780059814453125
18.2726204395294189453125
18.311863660812374376973821199499070644378662109375
18.088381290435791015625
18.716810703277587890625
17.9452836513519287109375
18.2575342655181884765625
18.300868511199951171875
17.7701694965362548828125
18.3544547557830810546875
18.4448902606964111328125
18.2023983001708984375
17.755840301513671875
18.50722217559814453125
18.22728824615478515625
17.694977283477783203125
17.8407399654388427734375
18.092358112335205078125
18.1726100444793701171875
18.4853608608245849609375
18.7068564891815185546875
18.19031047821044921875
18.2591073513031005859375
17.921581745147705078125
18.56867313385009765625
18.5195896625518798828125
17.833853244781494140625
18.182591915130615234375
18.51250934600830078125
17.8080718517303466796875
17.95927524566650390625
18.1927242279052734375
18.190014123916622423848821199499070644378662109375
