0.47171925982695828150070838091778568923473358154296875
0.46783290983210179536655459742178209125995635986328125
0.405660578739311716844895272515714168548583984375
0.53118410463746335015144950375542975962162017822265625
0.494561325163645815194968236028216779232025146484375
0.365534220337390802768595676752738654613494873046875
0.4969353862037391156292187588405795395374298095703125
0.45153426668731400095424532992183230817317962646484375
0.48475158624769598691983674143557436764240264892578125
0.43891608909651191883227738799178041517734527587890625
0.47894525165964851876054808599292300641536712646484375
0.396964345205968516250294442215817980468273162841796875
0.54238699659654032725342176490812562406063079833984375
0.5536023469829058907265562083921395242214202880859375
0.5620809819172214449878310915664769709110260009765625
0.42873114294741687668732765814638696610927581787109375
0.58687695561781827446878878618008457124233245849609375
0.44798449107140381197922351930174045264720916748046875
0.432459948204623412237879165331833064556121826171875
0.53337598465772029232567774670314975082874298095703125
0.4029429678670017889174914671457372605800628662109375
0.4848553869817546768672400503419339656829833984375
0.51256499178805581262707846690318547189235687255859375
0.54453823996593764267259984990232624113559722900390625
0.6029169281952209136221654262044467031955718994140625
0.50204954025233938796901611567591316998004913330078125
0.39514103979669268351671007621916942298412322998046875
0.374188412659724300990404799449606798589229583740234375
0.46471026565894657522903798962943255901336669921875
0.352284956126268478104890391477965749800205230712890625
0.54887167790801150157875554214115254580974578857421875
0.59268461156994545202536528449854813516139984130859375
0.487267110739280584486010639011510647833347320556640625
0.447720639414943999412344055599533021450042724609375
0.3814925199008925016386228890041820704936981201171875
0.5401949349956403079175970560754649341106414794921875
0.453108527656365278613037617105874232947826385498046875
0.541565081990045715798487435677088797092437744140625
0.527950706809444003653197796666063368320465087890625
0.490636435526830283482269123851438052952289581298828125
0.54142875378620780590921413022442720830440521240234375
0.41581559020021507944164795844699256122112274169921875
0.50489309396305503963020555602270178496837615966796875
0.3818728541199358783586603749427013099193572998046875
0.3919872872943404029655312115210108458995819091796875
0.498008867913625585810422080612624995410442352294921875
0.56946327893782011653200925138662569224834442138671875
0.51718775056794130673409881637780927121639251708984375
0.51226727988154852067026467921095900237560272216796875
0.493726949825104399760533624430536292493343353271484375
0.55560450802274796711088811207446269690990447998046875
0.581086456254130023779680414008907973766326904296875
0.460426109653776116648060678926412947475910186767578125
0.46743873820297510146559716304182074964046478271484375
0.553353505989321536873148943413980305194854736328125
0.58872017221518768703703017308725975453853607177734375
0.543727633824202971624117708415724337100982666015625
0.569372676045084791240924459998495876789093017578125
0.54416131943623347044791671578423120081424713134765625
0.32275943284690600254549508463242091238498687744140625
0.498682455426997572889291632236563600599765777587890625
0.404289714607375894050989018069230951368808746337890625
0.457713634647524514331706768643925897777080535888671875
0.5731742177772110036215735817677341401576995849609375
0.54812844748317457455044632297358475625514984130859375
0.50543998933859313194005835612188093364238739013671875
0.535018104920097048449179055751301348209381103515625
0.55247279954318295747128786388202570378780364990234375
0.446794726355048299470951178591349162161350250244140625
0.56092762934595630230916185610112734138965606689453125
0.56396693568158029474801651304005645215511322021484375
0.465390600582420377318015880518942140042781829833984375
0.53985737177707771028423167081200517714023590087890625
0.5550308059483330946903834046679548919200897216796875
0.505545330979390694636776970583014190196990966796875
0.47730940265321308846324654950876720249652862548828125
0.54870296804292084669185669554281048476696014404296875
0.429610793860879913719230671631521545350551605224609375
0.501912999195045728129116469062864780426025390625
0.395396392373725980018406289673293940722942352294921875
0.4679584141411738951177312628715299069881439208984375
0.419211448363089711488527200344833545386791229248046875
0.5736981903197193588539448683150112628936767578125
0.47153203099442719814504698661039583384990692138671875
0.41544716557476790708136604735045693814754486083984375
0.44173338935000450167223107200697995722293853759765625
0.45331761683719828948113672595354728400707244873046875
0.426278417943858178862370778006152249872684478759765625
0.497295726452033293174537220693309791386127471923828125
0.465928032359442079179956408552243374288082122802734375
0.50604129981851941888493229271261952817440032958984375
0.60519232743943784935680696435156278312206268310546875
0.48485075437191549330151474350714124739170074462890625
0.42339440484502077755024629368563182651996612548828125
0.425174915735391290017020082814269699156284332275390625
0.51720824556443256714288736475282348692417144775390625
0.471330237973226484626820820267312228679656982421875
0.46197161399782571411520848414511419832706451416015625
0.000000000000000000052516042729766621022235995042137801647186279296875
0.54897035878819566701025678412406705319881439208984375
0.4749468837855082004040241372422315180301666259765625
0.45920562593653091454370951396413147449493408203125
0.5517650305870429594534698480856604874134063720703125
0.41202802399413818168483203407959081232547760009765625
0.4557056634740603850985962708364240825176239013671875
0.380867530372239804226097703576670028269290924072265625
0.44390828607466648048074375765281729400157928466796875
0.415688756857487684559515628279768861830234527587890625
0.494337466021284310802030859122169204056262969970703125
0.4600416538802207799818688727100379765033721923828125
0.41159359402175177411464801480178721249103546142578125
0.38872399319232331382778511397191323339939117431640625
0.47819177873292939562333003777894191443920135498046875
0.50890438252825431764136965284706093370914459228515625
0.5386681732187315052584608565666712820529937744140625
0.54662126853304560114565902040340006351470947265625
0.44112173950479072193076035546255297958850860595703125
0.44321972264978570787974376798956654965877532958984375
0.35618312041754751628985786737757734954357147216796875
0.364118699684043589659410145031870342791080474853515625
0.425683356293946990600574054042226634919643402099609375
0.41056102089608248473240337261813692748546600341796875
0.475754425439304184930477958914707414805889129638671875
0.577869233188007314083733945153653621673583984375
0.458136129211492215684842221889994107186794281005859375
0.47521840389536940119086239064927212893962860107421875
0.437818353593686981906074606740730814635753631591796875
0.5167030329570032609609597784583456814289093017578125
0.44296430956974131021297580446116626262664794921875
0.57617092616808129879046873611514456570148468017578125
0.5306706388237369953486677331966347992420196533203125
0.399736008747618110081845088643603958189487457275390625
0.5044381242219537764270853585912846028804779052734375
0.52717940819458009027442813021480105817317962646484375
0.3578473589427610956903436090215109288692474365234375
0.43558635431900982748487649587332271039485931396484375
0.55417101549598435372701032974873669445514678955078125
0.4342425672276595260967724243528209626674652099609375
0.5604472743263937406510422079009003937244415283203125
0.501684792007841107164267668849788606166839599609375
0.402670898729330983822904954649857245385646820068359375
0.567394609324553211848751743673346936702728271484375
0.426261978339556091288642392100882716476917266845703125
0.53321516249349076854713302964228205382823944091796875
0.59042196640237298854714254048303700983524322509765625
0.5204383775753083085646721883676946163177490234375
0.45176741245589158157969222884275950491428375244140625
0.52546629597243477149959289818070828914642333984375
0.46945932835964898632852282389649190008640289306640625
0.44140282537016062303081298523466102778911590576171875
0.52017731992323501533093121906858868896961212158203125
