0.17168867588043212890625
0.14885149896144866943359375
0.155268609523773193359375
0.1480863094329833984375
0.1156728565692901611328125
0.172937929630279541015625
0.2317492961883544921875
0.18043778836727142333984375
0.19649316370487213134765625
0.20005838572978973388671875
0.15361277759075164794921875
0.12673352658748626708984375
0.14896060526371002197265625
0.13163316249847412109375
0.1450606286525726318359375
0.2575353085994720458984375
0.14631760120391845703125
0.1233669221401214599609375
0.1574061214923858642578125
0.145982801914215087890625
0.1514421999454498291015625
0.178721010684967041015625
0.1812207400798797607421875
0.118377320468425750732421875
0.15561492741107940673828125
0.1786153316497802734375
0.1496313512325286865234375
0.17614994943141937255859375
0.2245627939701080322265625
0.20820780098438262939453125
0.1803722679615020751953125
0.19221003353595733642578125
0.15237624943256378173828125
0.20655424892902374267578125
0.13754554092884063720703125
0.17821021378040313720703125
0.18282295763492584228515625
0.1716949939727783203125
0.14556013047695159912109375
0.1425063908100128173828125
0.16958713531494140625
0.214825689792633056640625
0.18823969364166259765625
0.19179046154022216796875
0.13886392116546630859375
0.21491210162639617919921875
0.1368840038776397705078125
0.13673482835292816162109375
0.1548987925052642822265625
0.1333315670490264892578125
0.2067984044551849365234375
0.160752713680267333984375
0.19366626441478729248046875
0.1723975241184234619140625
0.18058742582798004150390625
0.1632520854473114013671875
0.2042233943939208984375
0.17124521732330322265625
0.18405114114284515380859375
0.1425502598285675048828125
0.18254370987415313720703125
0.18144993484020233154296875
0.16545794904232025146484375
0.122835464775562286376953125
0.14222681522369384765625
0.17316214740276336669921875
0.1621421277523040771484375
0.14887951314449310302734375
0.10620330274105072021484375
0.1399094760417938232421875
0.22974692285060882568359375
0.1624413430690765380859375
0.15285955369472503662109375
0.162545621395111083984375
0.1751690208911895751953125
0.15501423180103302001953125
0.20302213728427886962890625
0.133929193019866943359375
0.16881357133388519287109375
0.24367730319499969482421875
0.136063754558563232421875
0.17752118408679962158203125
0.1882331669330596923828125
0.14829619228839874267578125
0.178582727909088134765625
0.13553510606288909912109375
0.13739801943302154541015625
0.1994366943836212158203125
0.15308146178722381591796875
0.22602556645870208740234375
0.1416608989238739013671875
0.144444644451141357421875
0.1763827800750732421875
0.1606893241405487060546875
0.18462371826171875
0.1619447767734527587890625
0.18897236883640289306640625
0.18110145628452301025390625
0.372067272663116455078125
0.16918019950389862060546875
0.226747334003448486328125
0.20055927336215972900390625
0.2066739499568939208984375
0.20728014409542083740234375
0.17252637445926666259765625
0.14997251331806182861328125
0.164527714252471923828125
0.161808192729949951171875
0.17690314352512359619140625
0.15612734854221343994140625
0.1846355497837066650390625
0.19005702435970306396484375
0.16103494167327880859375
0.1527266800403594970703125
0.1734830439090728759765625
0.13740314543247222900390625
0.19071753323078155517578125
0.1647585332393646240234375
0.1850626170635223388671875
0.142544567584991455078125
0.1637053787708282470703125
0.17978668212890625
0.11109168827533721923828125
0.1567805111408233642578125
0.13935767114162445068359375
0.16459889709949493408203125
0.196070015430450439453125
0.13086242973804473876953125
0.17620344460010528564453125
0.14056442677974700927734375
0.20417535305023193359375
0.15997846424579620361328125
0.13827939331531524658203125
0.15958692133426666259765625
0.21750687062740325927734375
0.183535993099212646484375
0.17432381212711334228515625
0.169964849948883056640625
0.16605268418788909912109375
0.222076237201690673828125
0.19896979629993438720703125
0.20863877236843109130859375
0.1735388338565826416015625
0.183318793773651123046875
0.205927550792694091796875
0.15460215508937835693359375
0.17917145788669586181640625
0.1690056025981903076171875
0.19752068817615509033203125
0.183796465396881103515625
0.175834953784942626953125
