17.5774004459381103515625
18.024150848388671875
17.8265838623046875
18.057133197784423828125
17.7387120723724365234375
17.737824916839599609375
17.9529092311859130859375
18.573714017868038439473821199499070644378662109375
18.0401570796966552734375
17.1783196926116943359375
17.8836576938629150390625
18.630419254302978515625
17.56998920440673828125
18.076203823089599609375
17.984529018402099609375
18.372994422912601208963678800500929355621337890625
17.84090423583984375
18.268596649169918322286321199499070644378662109375
17.856460094451904296875
18.3645722866058349609375
18.07702350616455078125
18.2257235050201416015625
18.0854969024658203125
17.652739048004150390625
18.3319499492645263671875
17.564110279083251953125
17.9933793544769287109375
18.11224079132080078125
17.8859369754791259765625
17.8134136199951171875
18.2544677257537841796875
18.34859180450439453125
17.724910736083984375
17.5544717311859130859375
18.14153575897216796875
18.1315791606903076171875
18.109990119934078478536321199499070644378662109375
17.6052711009979248046875
17.3876698017120361328125
17.6730015277862548828125
18.512589931488037109375
18.182359218597412109375
18.2259616851806640625
18.711968898773193359375
18.7229969501495361328125
18.0132491588592529296875
18.1519100666046142578125
17.938595294952392578125
17.800896167755126953125
17.8597114086151123046875
17.195190906524658203125
18.359733104705810546875
18.3802926540374755859375
17.7703835964202880859375
18.1169834136962890625
17.9577386379241943359375
18.1067965030670166015625
18.024260044097900390625
18.36886119842529296875
18.170693874359130859375
17.9583187103271484375
18.3119056224822998046875
17.7871687412261962890625
18.323326587676998400411321199499070644378662109375
17.9396932125091552734375
18.1096794605255126953125
18.162815093994140625
17.827963352203369140625
17.7789070606231689453125
17.9229314327239990234375
18.0293369293212890625
18.200112104415897107401178800500929355621337890625
18.004538059234619140625
18.4031798839569091796875
18.1363399028778076171875
18.1381928920745849609375
18.343941211700439453125
17.966544628143310546875
18.3017961978912353515625
17.376948833465576171875
17.8406035900115966796875
18.5283896923065185546875
17.747031688690185546875
18.11179447174072265625
18.2560536861419677734375
18.4123613834381103515625
17.9488151073455810546875
18.021938800811767578125
17.6144306659698486328125
18.158481121063232421875
17.99010562896728515625
18.2272930145263671875
18.0193309783935546875
17.893192291259765625
18.1041018962860107421875
18.2244040966033935546875
18.1139671802520751953125
18.28279972076416015625
18.1089050769805908203125
17.900046825408935546875
17.389340877532958984375
17.4491465091705322265625
18.3549144268035888671875
18.2939960956573486328125
17.7384712696075439453125
18.3531742095947265625
17.8590924739837646484375
18.4810750484466552734375
18.12405109405517578125
18.5165882110595703125
17.9352195262908935546875
17.5482165813446044921875
17.9196774959564208984375
17.9084880352020263671875
18.527792453765869140625
18.35528564453125
17.738604068756103515625
18.067068576812744140625
18.2528321743011474609375
18.1464717388153076171875
18.444744110107425427713678800500929355621337890625
18.338291645050048828125
18.5874335765838623046875
17.8800525665283203125
18.2182061672210693359375
18.146563053131103515625
17.7210805416107177734375
18.1919267177581787109375
18.3633997440338134765625
18.24098300933837890625
17.618825435638427734375
18.5229427814483642578125
18.205987215042110705098821199499070644378662109375
17.54372692108154296875
17.7276570796966552734375
18.0971202850341796875
18.051057815551761365213678800500929355621337890625
18.3432614803314208984375
18.4798872470855712890625
18.0295631885528564453125
18.114413738250732421875
17.79325008392333984375
18.427066326141357421875
18.4843261241912841796875
17.94192600250244140625
18.0071365833282470703125
18.21910762786865234375
17.778593540191650390625
17.818100452423095703125
18.038088321685791015625
18.07790851593017578125
