18.1110017299652099609375
18.0316989421844482421875
18.1408975124359130859375
18.12837123870849609375
18.221732139587398791036321199499070644378662109375
18.304523944854736328125
18.1677074432373046875
18.0012652873992919921875
17.6701018810272216796875
17.8255596160888671875
17.8873922824859619140625
17.8417394161224365234375
18.070260047912601208963678800500929355621337890625
18.13242244720458984375
17.1549293994903564453125
18.1249034404754638671875
18.07041263580322265625
17.962653636932373046875
17.767302036285400390625
18.119268894195556640625
18.1356494426727294921875
17.875431060791015625
18.099742650985721326151178800500929355621337890625
18.2075207233428955078125
18.327094793319705701151178800500929355621337890625
18.2564890384674072265625
18.0615632534027099609375
18.2946012020111083984375
18.121517658233642578125
18.1778314113616943359375
18.079515933990478515625
18.2980403900146484375
17.740112781524658203125
17.7976715564727783203125
17.7498691082000732421875
17.852357387542724609375
17.870293140411376953125
17.884387969970703125
17.8290526866912841796875
17.6774842739105224609375
18.128625392913818359375
18.036184787750244140625
17.875966548919677734375
18.206989765167236328125
18.366332530975345349588678800500929355621337890625
17.9148728847503662109375
18.145503520965576171875
17.9695661067962646484375
18.0709846019744873046875
18.1861279010772705078125
18.29894256591796875
18.1431293487548828125
17.8185789585113525390625
17.9109585285186767578125
18.126053333282470703125
17.8444874286651611328125
18.54975605010986328125
18.5894489288330078125
18.2586841583251953125
18.141082286834716796875
18.03336334228515625
18.3139667510986328125
18.37128162384033203125
17.9021618366241455078125
17.841888904571533203125
18.126003742218017578125
18.229975223541259765625
18.399946451187137341776178800500929355621337890625
18.379974603652950548848821199499070644378662109375
18.1695892810821533203125
17.5512716770172119140625
17.7596743106842041015625
18.3934934139251708984375
18.1045687198638916015625
18.11184406280517578125
18.127305030822750353536321199499070644378662109375
17.9489710330963134765625
18.0030670166015625
18.278871059417724609375
18.3286874294281005859375
18.089213848114017224588678800500929355621337890625
18.124240875244140625
18.07456111907958984375
17.96668243408203125
18.0688955783843994140625
17.6446082592010498046875
17.8465039730072021484375
17.997992992401123046875
17.869572162628173828125
17.8976199626922607421875
17.773681163787841796875
17.7538759708404541015625
17.7756416797637939453125
18.033887386322021484375
18.2513844966888427734375
17.9683740139007568359375
17.98986339569091796875
17.842860698699951171875
17.80664539337158203125
17.9219644069671630859375
18.0099875926971435546875
18.187270641326904296875
18.0122010707855224609375
17.945323944091796875
18.0704586505889892578125
17.9798290729522705078125
17.9551484584808349609375
17.9757201671600341796875
17.711298465728759765625
17.8993213176727294921875
17.949961185455322265625
17.9425327777862548828125
18.281229257583614611348821199499070644378662109375
17.9442579746246337890625
18.306234836578369140625
18.04176616668701171875
18.3462603092193603515625
18.276736736297607421875
18.1664371490478515625
18.352952480316158556661321199499070644378662109375
17.933720111846923828125
18.1651332378387451171875
18.4129505157470703125
18.0639560222625732421875
18.5485441684722900390625
17.9255349636077880859375
18.0293476581573486328125
18.0166504383087158203125
18.147133350372310900411321199499070644378662109375
17.9064905643463134765625
18.1936480998992919921875
18.2316815853118896484375
18.0067875385284423828125
18.1443607807159423828125
18.22001934051513671875
18.265488147735595703125
18.2210714817047119140625
18.0002553462982177734375
17.8484990596771240234375
18.479579448699951171875
18.253927707672119140625
18.6438848972320556640625
17.901398181915283203125
17.84621429443359375
18.295822620391849255838678800500929355621337890625
18.3228609561920166015625
17.833431720733642578125
17.82577228546142578125
17.94263458251953125
17.9070308208465576171875
17.8725321292877197265625
