0.00112609951822338801019629528354926151223480701446533203125
0.00187809919768088472678824185635448884568177163600921630859375
0.001546393854293657589560329057576382183469831943511962890625
0.0024281205813273774862803833229918382130563259124755859375
0.0021644765641751499869738228909454846871085464954376220703125
0.0016130841992125048711681500890335883013904094696044921875
0.00151256661905773662386842648430729241226799786090850830078125
0.00114904249269917710547794786890563045744784176349639892578125
0.0013811104205210520713686950244891704642213881015777587890625
0.0034281607388734684598030622026954006287269294261932373046875
0.00133893910672708694835353337992955857771448791027069091796875
0.001587515663371584506702305361613980494439601898193359375
0.001873392196427826027205210124293444096110761165618896484375
0.0020848499288005123593336964660238663782365620136260986328125
0.001678910328277880177616498968973246519453823566436767578125
0.000961441330875750896529929878653319974546320736408233642578125
0.00148455944137574550982516807806632641586475074291229248046875
0.00126064575027240964588681748637100099585950374603271484375
0.00156681440330030887116141702364302545902319252490997314453125
0.00093633332918928446897410822202800773084163665771484375
0.002731715956821691333733514994719371316023170948028564453125
0.0015385891364553447822893783580866511329077184200286865234375
0.0010330914929272427306428117077530259848572313785552978515625
0.00142115294678589270359336804716576807550154626369476318359375
0.0024261994861284933398815066851739175035618245601654052734375
0.00194469528636582946086452938772026755032129585742950439453125
0.0016556707411815581136582675725321678328327834606170654296875
0.0021210130113868751015882008204016528907231986522674560546875
0.00179569741893387973576123872732068775803782045841217041015625
0.0012251919806093741240060612796014538616873323917388916015625
0.001388834677503365290507364449013039120472967624664306640625
0.00153409863489854803031420260595041327178478240966796875
0.00148508802417776750344480252152834509615786373615264892578125
0.001751283408698278525050806564422600786201655864715576171875
0.0016035587258670012077155231366987209185026586055755615234375
0.0018123371040761689261533451400509875384159386157989501953125
0.00171048862963164914445524100727880068006925284862518310546875
0.0035275935496038063506063497953846308519132435321807861328125
0.0023738544565559435532697829529524824465624988079071044921875
0.00127736870729692575214542227257652484695427119731903076171875
0.00178099296407182900066346054046562130679376423358917236328125
0.00120698384915555491370131591111203306354582309722900390625
0.00252094974806269488121213129261377616785466670989990234375
0.0017511625811825388444875617466323092230595648288726806640625
0.0023719408269627872097584653232615892193280160427093505859375
0.00158899829823235514726642580995985554181970655918121337890625
0.0020290202534186964865303703930976553237996995449066162109375
0.0026479001595620184524026985428690750268287956714630126953125
0.0017933885705829545088862975177335101761855185031890869140625
0.0018345793787626625374886923935946470010094344615936279296875
0.0021136524800362496180616833640897311852313578128814697265625
0.0013597077188734116824642139675916041596792638301849365234375
0.001926597408626848882684523545094634755514562129974365234375
0.00130196667730693806976083326532034334377385675907135009765625
0.0018125743048079873999400835060669123777188360691070556640625
0.00161182146881774616964388968654020573012530803680419921875
0.002068914964582798006464958717742774751968681812286376953125
0.00129011318496408794974372735708811887889169156551361083984375
0.0012104791870713792027725030919782511773519217967987060546875
0.001785417676769142543424795377404734608717262744903564453125
0.0014173993623316561742131458601079430081881582736968994140625
0.00127588149338719869518854466150514781475067138671875
0.0013835431137940294200883162289983374648727476596832275390625
0.0021762835919857995668758032792311496450565755367279052734375
0.0018014545415661604825519059858152104425244033336639404296875
0.0012632481289356020139058589535352439270354807376861572265625
0.002539516844463661666975173858418202144093811511993408203125
0.001002104924313763738286109372666032868437469005584716796875
0.0009309232907743479092099736504906104528345167636871337890625
0.00197963595050910066974747536505674361251294612884521484375
0.0019968960249417094625357105286411751876585185527801513671875
0.00350292830008309963307766565776546485722064971923828125
0.0019635742461212445271467874619020221871323883533477783203125
0.0013376955858355292494632493571771192364394664764404296875
0.0018817507725440202510924780909817854990251362323760986328125
0.00177558725130194596138200058277334392187185585498809814453125
0.0021376756184303476356067807984118189779110252857208251953125
0.00208012480457242694698027918320804019458591938018798828125
0.002073723359151063462546549232001780183054506778717041015625
0.0018752815235505600199861220289676566608250141143798828125
0.00116365883283113535906494462324189953505992889404296875
0.001547721186598251773280932042098356760106980800628662109375
0.00194643513389168403004969576386429253034293651580810546875
0.0017453348556227521980177552762825143872760236263275146484375
0.00141961095133036514781554870978652616031467914581298828125
0.0030284409061000724418255547476519495830871164798736572265625
0.002039939231008887528251438681081708637066185474395751953125
0.0016162317569334175119954988275594587321393191814422607421875
0.001353213682249172766791645017292466945946216583251953125
0.00121375050416477349955746145582224926329217851161956787109375
0.0016880453706575519572108401433752078446559607982635498046875
0.00154559166629349153954109397091087885200977325439453125
0.00144307045556000580754929529803121113218367099761962890625
0.0027523808356175621415984355877526468248106539249420166015625
0.000958374330234681840769150884540295010083355009555816650390625
0.00194686489339688660778204809531644059461541473865509033203125
0.001968393743995970439353282444017168018035590648651123046875
0.00172016099764137693657606309471930217114277184009552001953125
0.00129012867018653450135179383551076170988380908966064453125
0.00165478812316378724733834104654306429438292980194091796875
0.001519796456156698692685491636211736476980149745941162109375
0.0021474338109949780116492146220252834609709680080413818359375
0.0012973369677437731999070091859493913943879306316375732421875
0.0010136091066076679569063490049529718817211687564849853515625
0.0020093696411222889373904276766324983327649533748626708984375
0.00109426751144423429866481267680455857771448791027069091796875
0.0012047062558356129435832571061837370507419109344482421875
0.00161201693497354278487854184476191221619956195354461669921875
0.0025251394633321322391594776490819640457630157470703125
0.00103010630338779582242103582956360696698538959026336669921875
0.001351654914449819562538568362697333213873207569122314453125
0.00119536158654108787095793342558636140893213450908660888671875
0.00157786452950850150135642113724543378339149057865142822265625
0.0023773635857275731732285439790075542987324297428131103515625
0.00171083031010771098416600732861070355284027755260467529296875
0.002390190333508866726841546324067167006433010101318359375
0.0019944147225142015884824520099982692045159637928009033203125
0.00380986527664891293232241054056430584751069545745849609375
0.00131131617654034276186647556272646397701464593410491943359375
0.0027859986544462515649367428949290115269832313060760498046875
0.0021313765761826314847071639491105088382028043270111083984375
0.0010480106890693474154530040465260753990150988101959228515625
0.0020067883052784312412908374056996763101778924465179443359375
0.00096371900697876634010741181413095546304248273372650146484375
0.0012332987095272592882599926866760142729617655277252197265625
0.0031608642598126642127287500017018828657455742359161376953125
0.00342032357326631751559542493623666814528405666351318359375
0.0026704857447874294322509580723590261186473071575164794921875
0.0014196416846367332885436862710548666655085980892181396484375
0.002206589197015980906291243712757932371459901332855224609375
0.00130684998950134252659882605485108797438442707061767578125
0.0020344535144255081367259396785129865747876465320587158203125
0.00133554740179892277203432815468886474263854324817657470703125
0.0015844557210551936561604424724691853043623268604278564453125
0.0029148810036416692402505557168979066773317754268646240234375
0.00094951250810862788433175385449658278957940638065338134765625
0.0034697780459630668710435674739755995688028633594512939453125
0.0022062215874886167456259133956564255640842020511627197265625
0.002091871980274281374312383974256590590812265872955322265625
0.0012881446678476107282895757322194185690023005008697509765625
0.0023448631815746116650867048036843698355369269847869873046875
0.00145002588943950508869329407701798118068836629390716552734375
0.00153669845350067426660578551178559791878797113895416259765625
0.001230523901251975686654827057964212144725024700164794921875
0.0017542157100083641090015884600461504305712878704071044921875
0.00098084699816888593244812444282842989196069538593292236328125
0.00133470252675065947749188932647257388452999293804168701171875
0.002199966245452781611613435330809807055629789829254150390625
0.0012170680391709533425814715457136117038317024707794189453125
0.00152218370520438715971789367387145830434747040271759033203125
0.00112573215265034348546435705173962560365907847881317138671875
