0.3224679554279303861363814576179720461368560791015625
0.220291109049710609468775146524421870708465576171875
0.1437400178893840918536994877285906113684177398681640625
0.278980933332157510218252127742744050920009613037109375
0.056918710032092499628841864023343077860772609710693359375
0.1407420563856998096952111154678277671337127685546875
0.220108636743748309338997160011786036193370819091796875
0.2081032408218438101155101094263955019414424896240234375
0.255934806433150197069181785991531796753406524658203125
0.196756082849929903044738921380485408008098602294921875
0.294783624104972885593412001981050707399845123291015625
0.147173138085308796707550982318934984505176544189453125
0.310833576157416080487649878705269657075405120849609375
0.317142266571637687633256064145825803279876708984375
0.3076066935001600111121433656080625951290130615234375
0.2189398527157956075850364641155465506017208099365234375
0.2447064377443108063037158217412070371210575103759765625
0.1825421898409315957234611005333135835826396942138671875
0.173124508876561111758718425335246138274669647216796875
0.350407577300158923350181794376112520694732666015625
0.157840668558116792308254616727936081588268280029296875
0.2278534291944485090652960934676229953765869140625
0.26340659468931881814768303229357115924358367919921875
0.2771716963313541892688363077468238770961761474609375
0.361962028840518701411355095842736773192882537841796875
0.164069966879464790299181231603142805397510528564453125
0.21454110986919461279143206411390565335750579833984375
0.236619520980691888656366472787340171635150909423828125
0.26232056335206077601895913176122121512889862060546875
0.1441839803749893900164380511341732926666736602783203125
0.2320279786749362138653651754793827421963214874267578125
0.393298555109033276533381240369635634124279022216796875
0.254673537155852003355249735250254161655902862548828125
0.1374223752728908898301796170926536433398723602294921875
0.09628244652434859995882021621582680381834506988525390625
0.26730256371612737265053283408633433282375335693359375
0.2021613685732288889784769025936839170753955841064453125
0.161456579528938493073297877344884909689426422119140625
0.2622628965115774146710236891522072255611419677734375
0.27666749165829218615186846363940276205539703369140625
0.326734342951298717405705929195391945540904998779296875
0.1575080845656910977226061731926165521144866943359375
0.2807312954097433976841102776234038174152374267578125
0.090032689163417500832764517326722852885723114013671875
0.177528840787872510542655390963773243129253387451171875
0.24173631940634410231183437645086087286472320556640625
0.29163410376412457480910234153270721435546875
0.183211193687588591583192965117632411420345306396484375
0.2633086033626044208943994817673228681087493896484375
0.2455536647792108950749678797365049831569194793701171875
0.318747306378016015404597283122711814939975738525390625
0.32510413560692741352653456488042138516902923583984375
0.260783827182214877904442573708365671336650848388671875
0.231598173975977206229259763858863152563571929931640625
0.292665601280649501081398966562119312584400177001953125
0.339952953193038920343127529122284613549709320068359375
0.34101512923203092242374623310752213001251220703125
0.4082621670073856012805890713934786617755889892578125
0.31492319000026169906192308189929462969303131103515625
0.113362733701749596182395407595322467386722564697265625
0.302816008098736377807114195093163289129734039306640625
0.1473187391978993954211318850866518914699554443359375
0.20066405271756548867045921724638901650905609130859375
0.2234168397174030873397754248799174092710018157958984375
0.29386203190037729626737927901558578014373779296875
0.253199464916274485926095394461299292743206024169921875
0.198119905731364787104809010997996665537357330322265625
0.355469304478612413422666804763139225542545318603515625
0.254015817262744525439899234697804786264896392822265625
0.271747169885157402458020214908174239099025726318359375
0.30307465802520627828897659128415398299694061279296875
0.194697619764386598006922213244251906871795654296875
0.29633947187977749404552696432801894843578338623046875
0.311255086853484297382266277054441161453723907470703125
0.2479365705259148899841648017172701656818389892578125
0.1510236704671452934167774628804181702435016632080078125
0.293686198741348380991666999761946499347686767578125
0.2482584875080111885825573381225694902241230010986328125
0.2427195475913893896180439924137317575514316558837890625
0.194694521584606705655318137360154651105403900146484375
0.2132037447030324106567178432669606991112232208251953125
0.10924318690106619988977598723067785613238811492919921875
0.31266918864845061332147224675281904637813568115234375
0.281280327380810490911500210131634958088397979736328125
0.1849275734932578074687370417450438253581523895263671875
0.202213494394163806333608590648509562015533447265625
0.17961814254676600199900349252857267856597900390625
0.245069687870321295530828820119495503604412078857421875
0.239843192104295888089637855955515988171100616455078125
0.249991898836944892448030941523029468953609466552734375
0.190835966600064299569794457056559622287750244140625
0.265078627656540277701679997335304506123065948486328125
0.2061065604347185054034952145229908637702465057373046875
0.1367009425280467926899774511184659786522388458251953125
0.1797872959950941040840888263119268231093883514404296875
0.228088913001464999030787339506787247955799102783203125
0.189581314404649592386675749366986565291881561279296875
0.270542495759446610659182397284894250333309173583984375
0.006564912135057000310001118492664318182505667209625244140625
0.2274525861790371028536839048683759756386280059814453125
0.27643783170841340623979931478970684111118316650390625
0.2472634973567275074035620718859718181192874908447265625
0.34114167284351371023376486846245825290679931640625
0.1780375776122322950545395769950118847191333770751953125
0.176992959078540901263210116667323745787143707275390625
0.1523800205022836085078097312361933290958404541015625
0.18087532310721921025020719753229059278964996337890625
0.1685423948236987878868120560582610778510570526123046875
0.2364572847121378107448919081434723921120166778564453125
0.19579680750986361292831361424759961664676666259765625
0.1519445610019382886246575026234495453536510467529296875
0.253223039199229116302802822247031144797801971435546875
0.182820513045957699915788907674141228199005126953125
0.31804876855963659654236153073725290596485137939453125
0.2425457553930029097610798771711415611207485198974609375
0.311620122809590227586085120492498390376567840576171875
0.22209780070194728995858213238534517586231231689453125
0.285277638236744401911693103102152235805988311767578125
0.1550622372236397927824924636297510005533695220947265625
0.1492910901386881039609733079487341456115245819091796875
0.1915331059832650895113914657486020587384700775146484375
0.1791641766780424915861402723749051801860332489013671875
0.183759483440764703754410902547533623874187469482421875
0.322461524463619586544638195846346206963062286376953125
0.2145415725088576086587721647447324357926845550537109375
0.250156130150773925446827661289717070758342742919921875
0.1737118688177851921761174480707268230617046356201171875
0.2664766292717339890572247895761393010616302490234375
0.2075796112112636981894553400707081891596317291259765625
0.253048290503158412878548233493347652256488800048828125
0.27768707577329110325337069298257119953632354736328125
0.1218504349241781026247366526149562560021877288818359375
0.299434293530397688254396371121401898562908172607421875
0.276290586103254298677711631171405315399169921875
0.07919771651581909710504447730272659100592136383056640625
0.2102110556806474905844339673421927727758884429931640625
0.29167634937482900259198004278005100786685943603515625
0.1836046090071639935725755776729783974587917327880859375
0.250760897216309175394854946716804988682270050048828125
0.208928213463856204956670126193785108625888824462890625
0.1524721725859400078828542746123275719583034515380859375
0.31941690371393038905267758309491910040378570556640625
0.193847112173503199894497583954944275319576263427734375
0.296137515349736701875116295923362486064434051513671875
0.30660394093604248499929099125438369810581207275390625
0.255623501904625516356617254132288508117198944091796875
0.1690306629648639091811901380424387753009796142578125
0.36082876120949192166875718612573109567165374755859375
0.1838132477702260902940878395384061150252819061279296875
0.2210798242367630062066297114142798818647861480712890625
0.2839951535995626219488485730835236608982086181640625
