660.7745878696441650390625
643.176901340484619140625
665.076976299285888671875
637.4865703582763671875
648.7155055999755859375
675.6494143009185791015625
661.050739765167236328125
664.840826511383056640625
661.634127140045166015625
673.8143904209136962890625
637.44330692291259765625
653.3400859832763671875
655.1829631328582763671875
652.0718672275543212890625
650.4689805507659912109375
668.302093982696533203125
658.14570331573486328125
660.5352418422698974609375
672.0542736053466796875
663.6999957561492919921875
662.222951412200927734375
673.3267252445220947265625
657.7549264430999755859375
671.5293948650360107421875
661.0261628627777099609375
672.758631229400634765625
670.589995861053466796875
674.2639973163604736328125
659.355144977569580078125
660.7952861785888671875
667.6750233173370361328125
672.858850002288818359375
662.080792903900146484375
660.7541782855987548828125
649.18925952911376953125
647.4144670963287353515625
676.3288848400115966796875
645.9785015583038330078125
653.8700530529022216796875
673.5471038818359375
660.0118987560272216796875
666.4926669597625732421875
656.3545129299163818359375
672.8997333049774169921875
672.4761435985565185546875
658.1429641246795654296875
685.3228795528411865234375
644.67452526092529296875
660.7757532596588134765625
663.846811771392822265625
652.937111377716064453125
664.42750644683837890625
667.219757080078125
671.52891445159912109375
644.0599651336669921875
647.249410152435302734375
669.423663616180419921875
660.5073087215423583984375
650.04593372344970703125
640.7656557559967041015625
668.90661144256591796875
650.6737101078033447265625
648.763812541961669921875
678.9985520839691162109375
662.3768155574798583984375
647.358581066131591796875
665.117034435272216796875
675.068851470947265625
655.4358246326446533203125
671.9987862110137939453125
653.81859493255615234375
637.3420848846435546875
691.0052344799041748046875
678.4325008392333984375
659.8919842243194580078125
663.8627059459686279296875
671.1078350543975830078125
644.3006305694580078125
666.557475566864013671875
653.8548934459686279296875
653.7941009998321533203125
671.107034206390380859375
670.4670689105987548828125
672.53120136260986328125
663.3372743129730224609375
677.805257320404052734375
654.8639247417449951171875
668.5069048404693603515625
646.3991222381591796875
660.291428089141845703125
664.044534206390380859375
671.816207408905029296875
667.7064139842987060546875
662.79135990142822265625
655.105953216552734375
647.96085262298583984375
668.277139186859130859375
668.285032749176025390625
669.4272410869598388671875
650.146885395050048828125
648.479256153106689453125
656.0989468097686767578125
654.488989353179931640625
666.2680339813232421875
664.93187808990478515625
667.4607040882110595703125
660.0229432582855224609375
640.34571743011474609375
666.0891094207763671875
669.908412933349609375
668.200217723846435546875
641.0238857269287109375
638.2000560760498046875
653.7750530242919921875
650.6555783748626708984375
673.817997455596923828125
687.685883998870849609375
656.37508296966552734375
668.242656230926513671875
654.855393886566162109375
680.336724758148193359375
645.89278411865234375
662.1228115558624267578125
665.6697814464569091796875
656.6635310649871826171875
666.7095234394073486328125
659.7766606807708740234375
652.48251628875732421875
669.035881519317626953125
655.2467963695526123046875
659.1303417682647705078125
666.3292980194091796875
644.697635173797607421875
655.259171009063720703125
665.774409770965576171875
649.6300852298736572265625
641.272533893585205078125
638.3167235851287841796875
662.43478107452392578125
662.544761180877685546875
672.2762696743011474609375
661.9707567691802978515625
644.53072452545166015625
655.811125278472900390625
650.6883952617645263671875
674.5446016788482666015625
661.38989734649658203125
661.999196529388427734375
678.1366059780120849609375
647.3689830303192138671875
650.53636646270751953125
