10.527798793588612369376278365962207317352294921875
9.8234044790163483895639728871174156665802001953125
10.8452976066876249916504093562252819538116455078125
10.56929714572760303781251423060894012451171875
10.9040015291288536758429472683928906917572021484375
10.936009812935022722513167536817491054534912109375
10.60083089484786711409469717182219028472900390625
9.77891643829166667956087621860206127166748046875
10.39366803480680800930713303387165069580078125
11.3498034318687217592014349065721035003662109375
10.5960317969088091416551833390258252620697021484375
10.81216163410520181287211016751825809478759765625
10.1569783215645852436637142091058194637298583984375
9.8920764723371803484042175114154815673828125
10.424358349305503423920526984147727489471435546875
10.106329830074042064325112733058631420135498046875
9.8624778282913130311726490617729723453521728515625
10.560687613836893916641201940365135669708251953125
9.7381318745902323286145474412478506565093994140625
9.7037939221647189214081663521938025951385498046875
11.0939316110542076643241671263240277767181396484375
10.5833716276188294358462371747009456157684326171875
10.4780133199921916542507460690103471279144287109375
10.9788672985285398198129769298247992992401123046875
10.6965628726320378660830101580359041690826416015625
10.47196248406292085064706043340265750885009765625
10.1627089112846373808451971854083240032196044921875
9.6747060426557620615994892432354390621185302734375
10.0789088289399106912469505914486944675445556640625
10.2571739048580550246470011188648641109466552734375
10.4907802648169621306806220673024654388427734375
11.0330413609891326842671332997269928455352783203125
10.9147648556069238878762917011044919490814208984375
10.4024042005989745263150325627066195011138916015625
9.8348235388232456699597605620510876178741455078125
10.003770212752048252013992168940603733062744140625
10.601430460307927461371946264989674091339111328125
10.4736833767608317202757461927831172943115234375
9.6941548087177569215100447763688862323760986328125
9.61320609426272909558974788524210453033447265625
10.60041446256845887319286703132092952728271484375
10.774067229070080742303616716526448726654052734375
10.7538767109907116292788487044163048267364501953125
10.69785558065166952701474656350910663604736328125
10.440380519764925537629096652381122112274169921875
9.5056918106568684123658385942690074443817138671875
10.1591723083551261908041851711459457874298095703125
10.3826539770166252907301895902492105960845947265625
10.403904298475112000232911668717861175537109375
9.801785718019790039079452981241047382354736328125
9.7833457812210848913991867448203265666961669921875
9.9143843565741764933818558347411453723907470703125
10.6100084855607974532176740467548370361328125
10.0034514093208191098938186769373714923858642578125
10.092320916354044157969838124699890613555908203125
9.435938173917168825255430419929325580596923828125
10.3322350591066456360067604691721498966217041015625
10.5399159202921079980797003372572362422943115234375
10.7058393919929795146117612603120505809783935546875
10.47897611617121782501271809451282024383544921875
9.975222424761650330538031994365155696868896484375
9.865007039903645136291743256151676177978515625
10.06968804777230985791902639903128147125244140625
10.2442767660228124526611281908117234706878662109375
10.43344260230994535731952055357396602630615234375
9.9998891076674123468137622694484889507293701171875
9.793160601047279811837142915464937686920166015625
11.0850159249364654812097796821035444736480712890625
10.4792068122058577017696734401397407054901123046875
10.6889017528958039093822662835009396076202392578125
10.444953692023855040815760730765759944915771484375
10.0359434762256878315156427561305463314056396484375
9.990117222989919554265725309960544109344482421875
10.9261333289571869187284391955472528934478759765625
10.5795672058238654500428310711868107318878173828125
10.777110341172534191400700365193188190460205078125
11.0125528475536551553659592173062264919281005859375
9.735611208008634775978862307965755462646484375
10.6526585375711686509703213232569396495819091796875
10.937511950486690892603292013518512248992919921875
9.471584469030158714986100676469504833221435546875
10.395964505495040697269359952770173549652099609375
11.127302540695882981935938005335628986358642578125
10.911028869927491768976324237883090972900390625
9.49192889071276368895269115455448627471923828125
11.86428067339615921582662849687039852142333984375
10.15436236319248308745955000631511211395263671875
9.4166872597071513695254907361231744289398193359375
10.0673419299488440259437993518076837062835693359375
10.3337327447430293858587901922874152660369873046875
10.5608107465628702215099110617302358150482177734375
11.2124481813821201825476236990652978420257568359375
9.7604138953938832656831436906941235065460205078125
10.968118527806979045635671354830265045166015625
10.096646804149106202430630219168961048126220703125
10.287330669799114701845610397867858409881591796875
9.6151972305757649195356862037442624568939208984375
10.5569447579572397444280795753002166748046875
11.47438602326452183888250146992504596710205078125
10.7350451937940878366362085216678678989410400390625
9.3073871179584983792665298096835613250732421875
9.7391213635456157504677321412600576877593994140625
12.09824711625945070636589662171900272369384765625
10.64734729507024013628324610181152820587158203125
10.9134371711482121014569202088750898838043212890625
10.2121173354581600278834230266511440277099609375
9.46298052310397252995244343765079975128173828125
9.98876992611793212972770561464130878448486328125
10.3952814718366308710528755909763276576995849609375
10.241070380726068123067307169549167156219482421875
10.526638475297250607809473876841366291046142578125
10.1871661659519503473347867839038372039794921875
10.1225425686418635251584419165737926959991455078125
10.544896759825558518741672742180526256561279296875
10.4048466617320940486024483107030391693115234375
10.0078644277220547564866137690842151641845703125
10.2822909320622812856527161784470081329345703125
9.285280171418552441764404647983610630035400390625
9.7263503294809350308014472830109298229217529296875
10.005843225311767952234731637872755527496337890625
9.825101283437735588677242049016058444976806640625
9.6155694510621483317436286597512662410736083984375
10.5145647236743915442502839141525328159332275390625
10.297076060264547692213454865850508213043212890625
10.515822681058995868852434796281158924102783203125
9.88301236478292821630020625889301300048828125
10.9995543770136183781005456694401800632476806640625
11.33143649577899481073472998104989528656005859375
9.5651947045788716650349670089781284332275390625
10.9746373209641916446344112046062946319580078125
9.9243467088057091274322374374605715274810791015625
10.4478344533726641429893788881599903106689453125
10.890561860141065864127085660584270954132080078125
10.0098833599067500443879907834343612194061279296875
10.1016840259978248894867647322826087474822998046875
10.9352869703120614275348998489789664745330810546875
9.8824355114102271357978679588995873928070068359375
10.4889843920915932784510005149058997631072998046875
10.4506045242491882873991926317103207111358642578125
10.00041604111492432593877310864627361297607421875
9.4655580517182951183485783985815942287445068359375
10.709526849364177536472197971306741237640380859375
9.892473973169568779439941863529384136199951171875
10.822822767975889490799090708605945110321044921875
9.4921861623536560870206812978722155094146728515625
9.772880025068143794442221405915915966033935546875
10.0458316303981387562771487864665687084197998046875
10.7218120182349370139718303107656538486480712890625
9.557820647671650959864564356394112110137939453125
9.9896804291475884696183129562996327877044677734375
9.92896907036534770440994179807603359222412109375
