-0.1292545984460644892255487548027304001152515411376953125
-0.1219341237910041841896457981420098803937435150146484375
-0.2396411606469145694209288421916426159441471099853515625
-0.1323426607666890186809638407794409431517124176025390625
-0.1418714448185703080884678684014943428337574005126953125
-0.1705798588467274112812077646594843827188014984130859375
-0.194135628835744367126636689135921187698841094970703125
-0.1454835418045377359863579158627544529736042022705078125
-0.183769148338765508920999991460121236741542816162109375
-0.174829366957297616114175298207555897533893585205078125
-0.18226668182733118950267225955030880868434906005859375
-0.11749963171217718549410591322157415561378002166748046875
-0.16032901730342263846296191331930458545684814453125
-0.1949691148736736601154717618555878289043903350830078125
-0.127390829100607338997264150748378597199916839599609375
-0.17980680991062392148904791611130349338054656982421875
-0.22008560633148321894481114213704131543636322021484375
-0.174135082722897294171815474328468553721904754638671875
-0.1404366161554805036981719013056135736405849456787109375
-0.12070036394969131665622086302391835488379001617431640625
-0.1402127610472692909038272546240477822721004486083984375
-0.194821984398366454538376046912162564694881439208984375
-0.1444100993013412992382882293895818293094635009765625
-0.14980016538887774846244838045095093548297882080078125
-0.1468115019824545453008823869822663255035877227783203125
-0.12318727672472383483093238965011551044881343841552734375
-0.1307646966734203053395191318486467935144901275634765625
-0.17246014926606090256200332078151404857635498046875
-0.12259319083312693321463626716649741865694522857666015625
-0.1812227889245533185569314582608058117330074310302734375
-0.1203363687134774984155427546284045092761516571044921875
-0.162201830752472686558718351079733110964298248291015625
-0.172770036022899031724620044769835658371448516845703125
-0.132812144573609014486237356322817504405975341796875
-0.11605297165464800723810867566498927772045135498046875
-0.12331994738992056726001322886077105067670345306396484375
-0.11760021874005792408279802430115523748099803924560546875
-0.1629609660510144275580302064554416574537754058837890625
-0.1465947250282845504276707515600719489157199859619140625
-0.1346858278907870631879717393530881963670253753662109375
-0.1721912380375262563436677965000853873789310455322265625
-0.204365577449362234574437025003135204315185546875
-0.187886688760225684102778132000821642577648162841796875
-0.21046065686930737204107799698249436914920806884765625
-0.12472855501657507948376490958253270946443080902099609375
-0.1364469620237978297883074674246017821133136749267578125
-0.144286276434494264986341249823453836143016815185546875
-0.125488202690035410835633911119657568633556365966796875
-0.1164715630640072718815503094447194598615169525146484375
-0.141487842191774237932122559868730604648590087890625
-0.1690996858324318730115720654794131405651569366455078125
-0.1305622658272896086106840130014461465179920196533203125
-0.127204839838747030267285254012676887214183807373046875
-0.1304647660101022343948073967112577520310878753662109375
-0.1320169725484501288548244701814837753772735595703125
-0.11092294435413185826888593510375358164310455322265625
-0.13633535642395455678155258283368311822414398193359375
-0.12843042176051000513581357154180295765399932861328125
-0.1016871945462940185489486566439154557883739471435546875
-0.18172409763049091058206840898492373526096343994140625
-0.1549167549093244666824631394774769432842731475830078125
-0.1400564041954958927060914675166714005172252655029296875
-0.162795374344305188163417597024817951023578643798828125
-0.1343043267998811074459553083215723745524883270263671875
-0.1500236587640120244913077840465120971202850341796875
-0.1479603523232337625170629280546563677489757537841796875
-0.1408700565046147323844394350089714862406253814697265625
-0.091396986155426684916847079875878989696502685546875
-0.1145162587825686306697292593526071868836879730224609375
-0.1920703911320216505931313122346182353794574737548828125
-0.13995247707828750716174681656411848962306976318359375
-0.1664682976476006270871721426374278962612152099609375
-0.172548217091663236288923144456930458545684814453125
-0.1083713648809659646499170548850088380277156829833984375
-0.16997203564165419553688707310357131063938140869140625
-0.1291436424694681617264535589129081927239894866943359375
-0.15202286583728941149473712357576005160808563232421875
-0.169891938201151670995159292942844331264495849609375
-0.10524890264710849707707751576890586875379085540771484375
-0.131992097430644939048960395666654221713542938232421875
-0.1694544589747810359181556805197033099830150604248046875
-0.204232873557455396618109944029129110276699066162109375
-0.168850630619727104519967042506323195993900299072265625
-0.126678010730610746126245658160769380629062652587890625
-0.1453342822567982306480871557141654193401336669921875
-0.1461705996027921339308619508301489986479282379150390625
-0.145833022086776231684979165947879664599895477294921875
-0.1561703668912088616149702602342586033046245574951171875
-0.1739756230600028319432936996236094273626804351806640625
-0.1078423737469569043678774278305354528129100799560546875
-0.1229827592553191795143874287532526068389415740966796875
-0.1551837463164509045565608857941697351634502410888671875
-0.2461974969079007424799243608504184521734714508056640625
-0.2057175478604879870214716675036470405757427215576171875
-0.1742937911238314485640188422621577046811580657958984375
-0.1187141469165624574344519714941270649433135986328125
-0.141667888220607884885993144052918069064617156982421875
-0.194107792404882018022505008048028685152530670166015625
-0.177703040921877108981874471282935701310634613037109375
-0.1933722615599696437183041552998474799096584320068359375
-0.1276728374150210287840678802240290679037570953369140625
-0.1913521819350478547772098636414739303290843963623046875
-0.1230697836417574964062993103652843274176120758056640625
-0.21507406552307528624368160308222286403179168701171875
-0.1973494828953138158222913034478551708161830902099609375
-0.1451955977535039077341849633739911951124668121337890625
-0.1815690072625315287790925822264398448169231414794921875
-0.12419182532293311649329581314304959960281848907470703125
-0.129500920708471245479387334853527136147022247314453125
-0.13943802800349025527992807838018052279949188232421875
-0.182620071775436987326912685603019781410694122314453125
-0.1944588512042900452225779872605926357209682464599609375
-0.2035542917026146592096580434372299350798130035400390625
-0.144277429310953053676058743803878314793109893798828125
-0.1579832568085772492860741067488561384379863739013671875
-0.180844897612662702801600289603811688721179962158203125
-0.1518138027942247114676632691043778322637081146240234375
-0.1516157909916235058123135104324319399893283843994140625
-0.13703521528000306428651811074814759194850921630859375
-0.170727113506417282895455400648643262684345245361328125
-0.130966678573082362380120002853800542652606964111328125
-0.16158969250548704810199751591426320374011993408203125
-0.1570999102218526843888213306854595430195331573486328125
-0.1236091897456443877700849043321795761585235595703125
-0.138394236778569990065079764463007450103759765625
-0.1417651248197293878394731336811673827469348907470703125
-0.14390067773645320858832974408869631588459014892578125
-0.1599070024835063386081657199611072428524494171142578125
-0.154108250928936596491070076808682642877101898193359375
-0.1438419673030784384781810558706638403236865997314453125
-0.1618584580440694253855582473988761194050312042236328125
-0.2434781139981853914644460701310890726745128631591796875
-0.176705201168281422763328691871720366179943084716796875
-0.1583733094248731265718532768005388788878917694091796875
-0.1589740671738910371413311395372147671878337860107421875
-0.11310831563974151070528506579648819752037525177001953125
-0.11177056804659570021787118321299203671514987945556640625
-0.2478457957748748941018135383274056948721408843994140625
-0.1433053666715634888451091910610557533800601959228515625
-0.1637045649398378710515089551336131989955902099609375
-0.137705496829265083835736049877596087753772735595703125
-0.1781250509881860677463549791355035267770290374755859375
-0.1470486373167083637980567800696007907390594482421875
-0.193476298857690964805300382067798636853694915771484375
-0.136467128038503471287867796490900218486785888671875
-0.140923988889078255493103597473236732184886932373046875
-0.15852527134941396536049751375685445964336395263671875
-0.17414883193143426698412667974480427801609039306640625
-0.11335800477781136919031013121639261953532695770263671875
-0.118523119363783402402390265706344507634639739990234375
-0.16746320591149166379096868695341981947422027587890625
