384477151103701776932
338019845565296457808
334966049211935224552
401181613301074569717
298299672052198540581
346189225868628338615
389041488521831308690
414342570690502672251
362524605383110366344
339652890380166326948
382965211303763497049
344976957033625659591
357890962004665542594
392862478394326246271
347586478834987131775
410666755558250872487
375793236095873982989
341738982048537151129
373414849956614279004
410471085804129809530
332001896318486260592
415873826889504946989
376563763677201826664
362238434266409268514
373804648142580006218
384161888640903183634
394094915664559127568
371950903422275635221
383235046887715086419
399837801666457176208
384162581930297004928
406023758829456543650
358529643996340674483
289762299400790849583
380787394598333067604
368778057317437555280
376181737693339954389
341887370574850625628
396156824946103321584
369727315216923984480
381376868672179717752
307763266575790617320
364782058483164443313
333662758327205515922
350637889421951018164
377720452545396561930
386037938666843771646
301750069319959089882
339649042592388559187
392467731528940708845
391228980849988339070
372847623971096295177
348130538274362408935
353832679511470974102
385466478473949740603
346525003073846927203
368584603071936134224
401620954424598526640
355602358168169422529
403529686208806597250
387406865510693609081
390323439158774621711
364450181816561002392
309626825837610873483
357972955380749121906
391922951903596721748
343371303252028537189
358402726351626554731
355550822683156380819
380981940346611671434
355471651355294655690
389260452052420767226
384897580942765617110
395732526981659214475
392638952633664340207
344078164982829329751
394528509160154502018
351457849036906004661
365328575288981635835
344048329010306499270
414198324114010460251
364948997736034656287
334109476500232694154
408474648030921280923
381664847957283750013
365527894208097194333
311842419560551359827
384456932318100727430
354198332671762362128
339043303953700317573
401126808935713629453
346068249373454167655
397941792986926371116
338873436980548905161
395808390302527580127
386183289395140101533
400850085453060544784
372023479502413535044
138157930499802064776
354935849275905617648
418944778223632303648
372952190716565934293
344002266319879947744
357707241722117809831
369603981081405361302
374113602146681048823
359090060714570652796
355648609188122504818
406842329943978336842
269485111983375304885
374354696629590678805
357840183860722996572
374938840788154578343
362140744998267049602
385241503432765110275
372569048264263772429
349185566638528472376
344448556166737028380
400738699967980298866
349203192500135627756
356951695796911428318
356194687609157175585
404422626957444179534
366492030922071323507
390573717610023643232
380797855799702038772
378471550054074794603
338730145067357658961
309564225488365630832
333246430931202317557
371752539243597613332
310738118920489307993
383499343224937548355
350809379557547082985
361039359427278050620
369330527884369276909
376918914040542933221
375329015773235330213
398186121938511550731
354447398330418127151
390842197208349813533
400375207822242681132
297162438645481034849
373377967698219486683
366870529251839003596
382134408961248116986
387044838132909332464
399387426865539111999
301924785776767076750
367945425094852345464
408022134461507777050
