0.369466234361163603505673336258041672408580780029296875
0.377976956133956487615677133362623862922191619873046875
0.34158577063815276364522333096829243004322052001953125
0.39081850639795290280886774780810810625553131103515625
0.326810576950616937796922911729780025780200958251953125
0.355373902451980361316685730344033800065517425537109375
0.387542257892876940150728160006110556423664093017578125
0.38647894851850084219080372349708341062068939208984375
0.380335190095333619542117276068893261253833770751953125
0.37500934924144224691389126746798865497112274169921875
0.360878267591352830390150074890698306262493133544921875
0.357313092013194999463365775227430276572704315185546875
0.36923084769440084329517048900015652179718017578125
0.37977547487728602337853089920827187597751617431640625
0.36825038884805227912266900602844543755054473876953125
0.403399486871756252082121818602900020778179168701171875
0.379813876113964943304068810903117991983890533447265625
0.353769722905997896500451815882115624845027923583984375
0.379404535911607110332255388129851780831813812255859375
0.391970383718216297541658832415123470127582550048828125
0.361119520013565342697603455235366709530353546142578125
0.394270160412736159205593367005349136888980865478515625
0.368926305245441843450038277296698652207851409912109375
0.360036069787377510653669787643593735992908477783203125
0.370021936952680874366450325396726839244365692138671875
0.379816579733897430326550193058210425078868865966796875
0.371683011134160967703365940906223841011524200439453125
0.40407497176931095328455967319314368069171905517578125
0.36908806192017051817089168253005482256412506103515625
0.391164749127353716939836658639251254498958587646484375
0.364691549001731785129010177115560509264469146728515625
0.375209067098298820752688698121346533298492431640625
0.37313333795362313427546041566529311239719390869140625
0.363855040070225899118128154441365040838718414306640625
0.388732818427819537543399519563536159694194793701171875
0.371670012135361937932742648627026937901973724365234375
0.36574239507475192478835879228427074849605560302734375
0.363960821889502239567804053876898251473903656005859375
0.38601258267677673874374022489064373075962066650390625
0.3486752152578898034107623971067368984222412109375
0.383424318590635249126563621757668443024158477783203125
0.32936373153858033990815101788030005991458892822265625
0.35764294686052522376229489964316599071025848388671875
0.3832450335876658176204045958002097904682159423828125
0.36452864801468976008180788994650356471538543701171875
0.37286372814449275647774584285798482596874237060546875
0.4034589758947875193229037904529832303524017333984375
0.35288868828028407964580992484115995466709136962890625
0.319734330501060259877021962893195450305938720703125
0.392041394992663772001151301083154976367950439453125
0.372980896067080902600565650573116727173328399658203125
0.36775988663387859656239697869750671088695526123046875
0.38744250667787982767009680173941887915134429931640625
0.421936583403560938609899721996043808758258819580078125
0.37442610162374501125981396398856304585933685302734375
0.365365806218724220588711659729597158730030059814453125
0.3701271438890050280434707019594497978687286376953125
0.386428762939841019541375999324372969567775726318359375
0.35834343811793500922391331187100149691104888916015625
0.388723834083536556871507627874962054193019866943359375
0.3802981745085280973484032074338756501674652099609375
0.381978226399406983748718857896164990961551666259765625
0.377469917183773373547950313877663575112819671630859375
0.341616397909387303766237664603977464139461517333984375
0.341082516198217000624737238467787392437458038330078125
0.37998068231394077631790651139453984797000885009765625
0.367045533153997072250973587870248593389987945556640625
0.354921023631590004665525839300244115293025970458984375
0.356363766381861013510246039004414342343807220458984375
0.36972506254869497155368662788532674312591552734375
0.343451077305451935028912657799082808196544647216796875
0.3695167367461238416836977194179780781269073486328125
0.40163609266787048124314196684281341731548309326171875
0.375251819948665465975778943175100721418857574462890625
0.38860617386720919252951489397673867642879486083984375
0.3427752885365566992703634241479448974132537841796875
0.38445555933315744834288807396660558879375457763671875
0.41836763619143668702093918909667991101741790771484375
0.365407428338038908766094436941784806549549102783203125
0.366148281851664647579269740162999369204044342041015625
0.385979853563446606568021479688468389213085174560546875
0.38774580809022107796835143744829110801219940185546875
0.362296978207171715968826219977927394211292266845703125
0.38746171072165747073512420683982782065868377685546875
0.391960272639370332914410255398252047598361968994140625
0.3450295626300363682759098082897253334522247314453125
0.3614201642616132748031532173627056181430816650390625
0.379998027624169620874994279802194796502590179443359375
0.36880008594263014032321734703145921230316162109375
0.3657291319982476363037449118564836680889129638671875
0.3659099630351894116842004223144613206386566162109375
0.35315533914274588322967929343576543033123016357421875
0.40291720494682337072589461968163959681987762451171875
0.372179538520795494260795521768159233033657073974609375
0.383288187121629986275905821457854472100734710693359375
0.388837790286139795004061170402565039694309234619140625
0.411510975728011707541753594341571442782878875732421875
0.392422232860114406083340554687310941517353057861328125
0.07978799653044900408449535689214826561510562896728515625
0.368485922922440811699829055214649997651576995849609375
0.406954282490646523928745637022075243294239044189453125
0.36870112384279318806790115559124387800693511962890625
0.35528595591399059205883759204880334436893463134765625
0.37491609072744525033016316228895448148250579833984375
0.368929015781417846131517990215797908604145050048828125
0.390206082825246658440931923905736766755580902099609375
0.40857989376405601245068055504816584289073944091796875
0.38302767184938091293844308893312700092792510986328125
0.40363371599800113020961589427315630018711090087890625
0.350298319139578484548991355040925554931163787841796875
0.366463934479103414787459769286215305328369140625
0.37233092171798565228613142608082853257656097412109375
0.374596852118043222024112992585287429392337799072265625
0.35198057440012231467107994831167161464691162109375
0.378038616229087576225964539844426326453685760498046875
0.38772638282143134791368765945662744343280792236328125
0.35658188078885333371914612143882550299167633056640625
0.356577916867822308777391526746214367449283599853515625
0.425962157820276188235908421120257116854190826416015625
0.369348574538692020485797229412128217518329620361328125
0.377831725211104030304198886369704268872737884521484375
0.396706447177239518442348753524129278957843780517578125
0.386711243841864504844352268264628946781158447265625
0.372320324816927783473374802269972860813140869140625
0.41660897961301757153051994464476592838764190673828125
0.3850787100375570037869010775466449558734893798828125
0.383978710670236089708140525544877164065837860107421875
0.331503156983955771242023047307156957685947418212890625
0.373534087978945661401297684278688393533229827880859375
0.346040660991104420673991626244969666004180908203125
0.357662608592260344853031028833356685936450958251953125
0.34958266094018541902954666511504910886287689208984375
0.376801731155127994643549982356489636003971099853515625
0.380280268945228649979384272228344343602657318115234375
0.37509843090807415411092051726882345974445343017578125
0.3650573151136013994033646667958237230777740478515625
0.3707551239845228163716228664270602166652679443359375
0.3831038155561319324959868026780895888805389404296875
0.380802033445149235024729250653763301670551300048828125
0.363356972094981134357993823869037441909313201904296875
0.38844914804630359395076766304555349051952362060546875
0.386243197531028759073024048120714724063873291015625
0.37649060576398662991692845025681890547275543212890625
0.358037424706610429847586374307866208255290985107421875
0.3880252802005603740553851821459829807281494140625
0.37849655695133954669273634863202460110187530517578125
0.39305967608274716695859751780517399311065673828125
0.381254305765849010878554281589458696544170379638671875
0.389311143435867423878704585149534977972507476806640625
0.38215728100449608550803759499103762209415435791015625
0.3882340603607470352898189958068542182445526123046875
