0.26894429533206132276745847775600850582122802734375
0.224288505499564305711857059577596373856067657470703125
0.1955171894146114086598942094497033394873142242431640625
0.31325353791671861625189876576769165694713592529296875
0.1898291944421973964640670828885049559175968170166015625
0.188627117380221809295193224897957406938076019287109375
0.2588122067585862939864682630286552011966705322265625
0.2199314773337918971218840624715085141360759735107421875
0.270362765907707081058930498329573310911655426025390625
0.231066838549372211009114153057453222572803497314453125
0.2918135222941253825723606496467255055904388427734375
0.11782306639881949539283567673919606022536754608154296875
0.3159546549359844025417487500817514955997467041015625
0.3062149341678275238365358745795674622058868408203125
0.3828149732920353986997952233650721609592437744140625
0.207136671488772794447186242905445396900177001953125
0.201836820693261198567114433899405412375926971435546875
0.24341275385251159857347147408290766179561614990234375
0.1634472329063731965703709647641517221927642822265625
0.29279751005884258052702762142871506512165069580078125
0.169111071978357896394840054199448786675930023193359375
0.279762434074563415276060140968183986842632293701171875
0.328662271784950998920749043463729321956634521484375
0.376137520931038082938613342776079662144184112548828125
0.376531262869785277036527304517221637070178985595703125
0.277006794764306618628069145415793173015117645263671875
0.2296615406539415926712166537981829605996608734130859375
0.235751794003460413140516038765781559050083160400390625
0.259181693574749794084510767788742668926715850830078125
0.08333081462432230523962317647601594217121601104736328125
0.250037893231486674228136735109728761017322540283203125
0.387939049102696109638799271124298684298992156982421875
0.257335445890340019925446313209249638020992279052734375
0.175047844600784208157762122937128879129886627197265625
0.12777644681641320278941975630004890263080596923828125
0.289955271347306420270939497640938498079776763916015625
0.2394572010379054927131647900750976987183094024658203125
0.31759964081292901827424657312803901731967926025390625
0.244239763018193001276046061320812441408634185791015625
0.3609664795023785899275026167742908000946044921875
0.262026313597693294443757849876419641077518463134765625
0.252582571269463207475070021246210671961307525634765625
0.294001301192341912837946438230574131011962890625
0.08049869134515240387539591893073520623147487640380859375
0.1920098483221764074091453267101314850151538848876953125
0.2770702326557075156898690693196840584278106689453125
0.318503009860135299913252993064816109836101531982421875
0.25165872590505988792841662871069274842739105224609375
0.311805422303348900303632262875908054411411285400390625
0.2487661259778402023101762097212485969066619873046875
0.320548837237574824055030831004842184484004974365234375
0.40057219371963237453115880271070636808872222900390625
0.316588727446604989435030574895790778100490570068359375
0.2202059399563519870302030767561518587172031402587890625
0.32997191617105048333513650504755787551403045654296875
0.2481861809956250886077810946517274715006351470947265625
0.329600985722436401470503142263623885810375213623046875
0.37998437140047247595475710113532841205596923828125
0.325382215842984490183908974358928389847278594970703125
0.1260505858330676909329071122556342743337154388427734375
0.30462440260294820770781143437488935887813568115234375
0.127025724029428299655108958177152089774608612060546875
0.143544836192399494212423860517446883022785186767578125
0.29020840690768967551349533096072264015674591064453125
0.35004265047500648933009870233945548534393310546875
0.28424154216423058727514217025600373744964599609375
0.303115196381427309813005877003888599574565887451171875
0.34534376829299129330053119701915420591831207275390625
0.251172473472381307946221795646124519407749176025390625
0.341153542891505290324261068235500715672969818115234375
0.353943292055631297809981106183840893208980560302734375
0.2537739529192684084790698761935345828533172607421875
0.32874405068741818780608809902332723140716552734375
0.260731037192615977549081662800745107233524322509765625
0.3179773066076105880739532949519343674182891845703125
0.2450774062486739957034131975888158194720745086669921875
0.33987959186014660151187172232312150299549102783203125
0.23011498794887008667586769661284051835536956787109375
0.274150274679788974463434669814887456595897674560546875
0.1856059028489502882308670450584031641483306884765625
0.2120806488711501069932552354657673276960849761962890625
0.2218341168141081121145674615036114118993282318115234375
0.334649542519345588598156382431625388562679290771484375
0.29546435003085458337324098465614952147006988525390625
0.183003711391286294496438813439453952014446258544921875
0.2797061394114515042730317873065359890460968017578125
0.22841177770149989623149622275377623736858367919921875
0.1829382467937553935488637080197804607450962066650390625
0.2391734962358852134567399616571492515504360198974609375
0.285649420313497326429086342614027671515941619873046875
0.254448566919112106887723712134175002574920654296875
0.2723367601100770141187012995942495763301849365234375
0.2126331506644180968645940765782142989337444305419921875
0.254044976719014881094693691920838318765163421630859375
0.19934762095728031372487976113916374742984771728515625
0.316000845582495692998037384313647635281085968017578125
0.309771366928517422056899022209108807146549224853515625
0.2793536596264549753954042898840270936489105224609375
0.00085375599557729994933119588296221991186030209064483642578125
0.299620484672653397684172205117647536098957061767578125
0.29921367136226262317677537794224917888641357421875
0.284801443901565198846270732246921397745609283447265625
0.401740432965557781042065244037075899541378021240234375
0.1529961050088675944547134122331044636666774749755859375
0.18673298762248269344610207554069347679615020751953125
0.154363387259110307336840151037904433906078338623046875
0.2092803970622968134929209327310672961175441741943359375
0.305320594811804901791418842549319379031658172607421875
0.29328847690704440420716991866356693208217620849609375
0.2645263970586189117284448002465069293975830078125
0.1469634838893215944555237228996702469885349273681640625
0.267226083051928908762562286938191391527652740478515625
0.2497527365813121125182050263902056030929088592529296875
0.2455313750070761968924415441506425850093364715576171875
0.399574520408311706365367399484966881573200225830078125
0.26929248054255960909131317748688161373138427734375
0.183405958882103592433310268461355008184909820556640625
0.2658018041388157115534340846352279186248779296875
0.1805366824007192949608224807889200747013092041015625
0.1130038561151691933748253404701245017349720001220703125
0.21690275442929218829846149674267508089542388916015625
0.2316981157918586997634946555990609340369701385498046875
0.2284594644657501893991735641975537873804569244384765625
0.292487324646516111403826698733610101044178009033203125
0.2369147011145693870748374365575728006660938262939453125
0.2451344424852560932581724273404688574373722076416015625
0.1811170947369001027471568932014633901417255401611328125
0.361993566541583822182559515567845664918422698974609375
0.1770170385306852056661597316633560694754123687744140625
0.2611884466344867039566679522977210581302642822265625
0.268649362170676309080619148517143912613391876220703125
0.163245956034423100877717160983593203127384185791015625
0.344102625041942389305660299214650876820087432861328125
0.28359569166765841163879713349160738289356231689453125
0.08141806192783940243629103861167095601558685302734375
0.2043273450145534908539701746121863834559917449951171875
0.31983827049307678169753899055649526417255401611328125
0.200592622204616211067929043565527535974979400634765625
0.318313741378322578867710035410709679126739501953125
0.19748104876242889016424442161223851144313812255859375
0.1942646360574191988224157512377132661640644073486328125
0.321392962489021882799278273523668758571147918701171875
0.2257976524267238105370125822446425445377826690673828125
0.255098304088857308347115804281202144920825958251953125
0.29102373151637850323680822839378379285335540771484375
0.3188696334167289148098234363715164363384246826171875
0.2379808038771004941036579793944838456809520721435546875
0.332943492607166879881930299234227277338504791259765625
0.2182634302403398118830324392547481693327426910400390625
0.237189274343264699940192485883017070591449737548828125
0.310581376139432985272748055649572052061557769775390625
