0.59792412945605677432325819609104655683040618896484375
0.55313647364381723914306121514528058469295501708984375
0.58360238886494608667732109097414650022983551025390625
0.59657339595624880868030004421598277986049652099609375
0.59906771403020808719475098769180476665496826171875
0.5928784436025680282256189457257278263568878173828125
0.612623181670041816460070549510419368743896484375
0.61495198336265188832072681179852224886417388916015625
0.56514002186787004600176942403777502477169036865234375
0.5596693748308589899664866607054136693477630615234375
0.63689123057203589350905303945182822644710540771484375
0.561141459925767360772397296386770904064178466796875
0.58338107221338619812200931846746243536472320556640625
0.6026331599806524774720628556679002940654754638671875
0.554879629029946475071710665361024439334869384765625
0.60003740198693444884980863207601942121982574462890625
0.57950322332461945418202731161727569997310638427734375
0.57698538949516453566701557065243832767009735107421875
0.5475779214017866269870182804879732429981231689453125
0.60340747883513212723727292541298083961009979248046875
0.54768254268681360041881589495460502803325653076171875
0.6088930429787307030409237995627336204051971435546875
0.60599397285503686649832388866343535482883453369140625
0.57797036950170965763362573852646164596080780029296875
0.60704367257902058785390408957027830183506011962890625
0.601489739602953488173398000071756541728973388671875
0.61910086991249968502160072603146545588970184326171875
0.52421022652677218278682857999228872358798980712890625
0.6066243706243807931599576477310620248317718505859375
0.5682425865049764990288849730859510600566864013671875
0.620980160949543336101896784384734928607940673828125
0.63867149777270804111850566187058575451374053955078125
0.5669760403705013107611421219189651310443878173828125
0.5001534069452839847969016773276962339878082275390625
0.56160605248655992571826800485723651945590972900390625
0.600158802291218318458732028375379741191864013671875
0.5938672081493143739550077953026629984378814697265625
0.54590520641138307045281408136361278593540191650390625
0.5844967323516205848221716223633848130702972412109375
0.636098997697006840468247901299037039279937744140625
0.58301814199072732325390688856714405119419097900390625
0.57578055636212599477374851630884222686290740966796875
0.61860945998704119919153754381113685667514801025390625
0.53816877277480534846887394451186992228031158447265625
0.58474267242578858994050960973254404962062835693359375
0.58153495624760187521218313122517429292201995849609375
0.55999763203399799404991199480718933045864105224609375
0.515357950836882405809546980890445411205291748046875
0.61860460217036206120866381752421148121356964111328125
0.57923600679334164009759433611179701983928680419921875
0.59647129808068566347856176435016095638275146484375
0.60680932571193613167537250774330459535121917724609375
0.5553434262605325688610946599510498344898223876953125
0.47848156446781120454403435360291041433811187744140625
0.6025257316577559141279607501928694546222686767578125
0.5735599259645791647699297755025327205657958984375
0.60785415544115906083533218406955711543560028076171875
0.61970092985657654338638167246244847774505615234375
0.59962581984789498079635450267232954502105712890625
0.601519774482388580594260929501615464687347412109375
0.59956060544172495863080030176206491887569427490234375
0.5804552523341792724664855995797552168369293212890625
0.5729037237803833448879231582395732402801513671875
0.57204682975407816769575219950638711452484130859375
0.62340703540621900113904985119006596505641937255859375
0.60622271611796640922165124720777384936809539794921875
0.544123946209191355904977172031067311763763427734375
0.60521261331930265026102233605342917144298553466796875
0.60284786906509835180401069010258652269840240478515625
0.6164044035660751763572307027061469852924346923828125
0.63799287833376794321083025351981632411479949951171875
0.59440250777003333926273853649036027491092681884765625
0.55805448443347682729864800421637482941150665283203125
0.62042384626313740181302591736312024295330047607421875
0.59508003565510325660881107978639192879199981689453125
0.61334131237671218883633628138341009616851806640625
0.60510326902988198494171001584618352353572845458984375
0.46250721648022208309924963032244704663753509521484375
0.57150151552422812084586212222347967326641082763671875
0.548499056801557305362848637741990387439727783203125
0.60992840244987844844359869966865517199039459228515625
0.53788722096565155794678503298200666904449462890625
0.5829152377186692657318189958459697663784027099609375
0.60846223498898621695474275838932953774929046630859375
0.50875305640439083543213882876443676650524139404296875
0.65328612841223343554730718096834607422351837158203125
0.5382011015060135239451710731373168528079986572265625
0.6037125210914828787878150251344777643680572509765625
0.551793208114416788845346673042513430118560791015625
0.5579871257543038698401005603955127298831939697265625
0.62879464285315267435549912988790310919284820556640625
0.59306685346976173445199265188421122729778289794921875
0.565528782689984854670228742179460823535919189453125
0.54112171887307536355393722260487265884876251220703125
0.57603850712135107325906346886768005788326263427734375
0.59341821694927687769194335487554781138896942138671875
0.558266979599288060143180700833909213542938232421875
0.54516743751249918670254146491060964763164520263671875
0.458476458562214528313916162005625665187835693359375
0.57146123616050747973105217170086689293384552001953125
0.58386410184744808038459495946881361305713653564453125
0.59563975343552855168383075579185970127582550048828125
0.6033489156731011160417210703599266707897186279296875
0.5691529321832897725386146703385747969150543212890625
0.5994423240847710498968581305234692990779876708984375
0.5455410163011349400363769746036268770694732666015625
0.5168474274977550297904826948069967329502105712890625
0.52661904950265714386858917350764386355876922607421875
0.5688444427694248073379412744543515145778656005859375
0.5001972687525011451725731603801250457763671875
0.60617613079349419447083846534951590001583099365234375
0.530848477689939368673321951064281165599822998046875
0.5879471779258194086281719137332402169704437255859375
0.61031417282749667041485963636660017073154449462890625
0.60508377068126062425790223642252385616302490234375
0.58031127867325993374691961435019038617610931396484375
0.58091502899095370793247639085166156291961669921875
0.54659969660751406284049380701617337763309478759765625
0.529132339487527136867583976709283888339996337890625
0.57926540453022656862458461546339094638824462890625
0.579527354184252718738434850820340216159820556640625
0.4870456331004857641886474084458313882350921630859375
0.58736333378618343914467914146371185779571533203125
0.60105013430589815381921425796463154256343841552734375
0.50969356799549003778082578719477169215679168701171875
0.5857907596012108530914019866031594574451446533203125
0.56268130770012947383662549327709712088108062744140625
0.633767347844519601807178332819603383541107177734375
0.53486414160343687118626121446141041815280914306640625
0.601630305792362651828852904145605862140655517578125
0.61100817107976135300617670509382151067256927490234375
0.56149975927245032725210194257670082151889801025390625
0.595598339887420280547303264029324054718017578125
0.53523838203778117961206817199126817286014556884765625
0.56283339176077185062041507990215905010700225830078125
0.60287683608297781834295392400235868990421295166015625
0.57439804323030008159634007824934087693691253662109375
0.57403836430814558777768752406700514256954193115234375
0.6146806987479240813598835302400402724742889404296875
0.57011826787486319378928101286874152719974517822265625
0.61444033140269682657930161440162919461727142333984375
0.59841459425181409148564171118778176605701446533203125
0.46472321414224582181162759297876618802547454833984375
0.5995002232348267678929687463096342980861663818359375
0.562446493362785293612660098006017506122589111328125
0.59166698165464326475415646200417540967464447021484375
0.566763949434571312480102278641425073146820068359375
0.6153624014055318891536217051907442510128021240234375
0.47051030921087377834055587300099432468414306640625
0.57283478227326167786515043189865536987781524658203125
0.6020856103179392793123270166688598692417144775390625
