18.0990283489227294921875
18.0615766048431396484375
18.143584728240966796875
17.9562833309173583984375
18.33905315399169921875
18.1748578548431396484375
17.93429470062255859375
18.147168636322021484375
17.7848834991455078125
17.8775613307952880859375
17.8235366344451904296875
17.8145148754119873046875
18.0648968219757080078125
17.9374866485595703125
17.06819820404052734375
18.043843746185302734375
18.08380413055419921875
18.0931861400604248046875
17.79012584686279296875
18.1556036472320556640625
18.05730152130126953125
18.0029532909393310546875
18.0319478511810302734375
18.0797626972198486328125
18.2109849452972412109375
18.239489078521728515625
18.0493137836456298828125
18.235529422760009765625
18.058316230773929333963678800500929355621337890625
18.143177032470703125
18.1922626495361328125
18.3901908397674560546875
17.7467520236968994140625
17.8809454441070556640625
17.764324665069580078125
17.9149358272552490234375
17.8819105625152587890625
17.882111072540283203125
17.9506928920745849609375
17.710126399993896484375
18.248213052749630236348821199499070644378662109375
18.0077731609344482421875
17.9428691864013671875
18.5697739124298095703125
18.31548404693603515625
17.964735507965087890625
18.1051399707794189453125
18.176191568374630236348821199499070644378662109375
18.197405338287353515625
18.1204471588134765625
18.2325994968414306640625
18.1472847461700439453125
17.9480717182159423828125
17.906536102294921875
18.22381496429443359375
17.8601055145263671875
18.5443623065948486328125
18.5601074695587158203125
18.43400478363037109375
18.1535127162933349609375
18.206084728240966796875
18.3668072223663330078125
18.589344024658203125
17.9290943145751953125
17.912841320037841796875
18.292232513427734375
18.3390331268310546875
18.4523637294769287109375
18.3854143619537353515625
18.219115734100345349588678800500929355621337890625
17.67909717559814453125
17.7139034271240234375
18.22669315338134765625
18.229503631591796875
17.9392635822296142578125
17.9929485321044921875
17.8796558380126953125
17.8780281543731689453125
18.3471729755401611328125
18.3944895267486572265625
18.0900533199310302734375
18.0581791400909423828125
18.005649566650390625
18.137300014495849609375
18.3710803985595703125
17.756702899932861328125
17.7149550914764404296875
18.1676695346832275390625
17.8709659576416015625
17.88616943359375
17.8021657466888427734375
17.848688602447509765625
17.81402492523193359375
17.9722726345062255859375
18.411715030670169568338678800500929355621337890625
18.075006961822509765625
17.936550617218017578125
17.8872029781341552734375
17.9686925411224365234375
18.0960314273834228515625
18.162170886993408203125
18.0694906711578369140625
18.0212714672088623046875
17.9351327419281005859375
17.9629375934600830078125
18.03794193267822265625
17.9878299236297607421875
17.9542331695556640625
17.66667938232421875
18.0867912769317626953125
17.9527857303619384765625
18.00118160247802734375
18.076719045639041638651178800500929355621337890625
17.94157886505126953125
18.523336172103878283223821199499070644378662109375
18.032905101776123046875
18.2721080780029296875
18.418693065643310546875
18.2847430706024169921875
18.305046796798702501973821199499070644378662109375
18.035207271575927734375
18.543956279754638671875
18.4136788845062255859375
18.18473911285400390625
18.1263978481292724609375
18.1290476322174072265625
17.98241710662841796875
18.12403583526611328125
18.1110451221466064453125
18.0825049877166748046875
18.1461627483367919921875
18.146719455718990587911321199499070644378662109375
17.763239383697509765625
18.24397754669189453125
18.3850171566009521484375
18.1161401271820068359375
18.3095405101776123046875
18.058344841003414416036321199499070644378662109375
17.8731124401092529296875
18.183990955352783203125
18.329772472381591796875
18.5757453441619873046875
17.8228759765625
18.023406982421875
18.512944698333740234375
18.5702512264251708984375
17.9179785251617431640625
17.86409759521484375
18.046358585357662462911321199499070644378662109375
17.928972721099853515625
17.9100005626678466796875
