0.403673089273782259578382536346907727420330047607421875
0.38401167067543495736714476151973940432071685791015625
0.423282535883037935864336986924172379076480865478515625
0.3761564807197952386985662087681703269481658935546875
0.451050037672973858082769993416150100529193878173828125
0.417873934760854937042751089393277652561664581298828125
0.395511783014725615270634762055124156177043914794921875
0.3833585654759394945045869462774135172367095947265625
0.387028071654640315468753897221176885068416595458984375
0.40789257333649597825342425494454801082611083984375
0.421952607585344308116503952987841330468654632568359375
0.39900872182385194175679998807027004659175872802734375
0.405074185439501077699020470390678383409976959228515625
0.384618033181906737727473455379367806017398834228515625
0.401062196253128944167798408670932985842227935791015625
0.368175597240835317247586999656050466001033782958984375
0.386341265841750935994269866569084115326404571533203125
0.416863044177766373099558450121548958122730255126953125
0.376107549337650171050739800193696282804012298583984375
0.39390168535866632026909428532235324382781982421875
0.402415408778842464965208591820555739104747772216796875
0.37772388151630476027520444404217414557933807373046875
0.403263213313860113817810315595124848186969757080078125
0.40497935702806209246062962847645394504070281982421875
0.40827556712061452426354435374378226697444915771484375
0.39281853145410383643110208140569739043712615966796875
0.39569178469008592369249299736111424863338470458984375
0.351540019546983606435475167018012143671512603759765625
0.404682750345283948067987012109369970858097076416015625
0.359443408546080700460834123077802360057830810546875
0.407313280275378220007809204616933129727840423583984375
0.402444144234665956982865964164375327527523040771484375
0.39465026708129713473027777581592090427875518798828125
0.39355250982155354222413734532892704010009765625
0.368458074156843007340711437791469506919384002685546875
0.404650292358831153993747875574626959860324859619140625
0.39853516363320495852207159259705804288387298583984375
0.40121774505722418435738063635653816163539886474609375
0.372833354417829443416820822676527313888072967529296875
0.42326592320814271364071146308560855686664581298828125
0.393966448706354499531556712099700234830379486083984375
0.423233277309079614081355202870327048003673553466796875
0.4184497867260865699989835775340907275676727294921875
0.380656365887468706166174570171278901398181915283203125
0.41259033878559903119054297349066473543643951416015625
0.382817973314508563920099959432263858616352081298828125
0.3609309504555866521258167267660610377788543701171875
0.40345543200745670464613112926599569618701934814453125
0.441318887848747343216615490746335126459598541259765625
0.377594790024842918985115147734177298843860626220703125
0.393979365769404787922525201793177984654903411865234375
0.41019662540080481516469035341287963092327117919921875
0.38219395561268398875398588643292896449565887451171875
0.310430342911321266452517875222838483750820159912109375
0.405660740979336631450991035308106802403926849365234375
0.4044393437014754955072248776559717953205108642578125
0.408710069360188221754270898600225336849689483642578125
0.389408245704689737198833654474583454430103302001953125
0.4108813361796828100835909935995005071163177490234375
0.384069013771810296997699651910807006061077117919921875
0.3910369701194351677031590952537953853607177734375
0.380469072307556555045948698534630239009857177734375
0.385944696974806988887252146014361642301082611083984375
0.42472518876406206711493496186449192464351654052734375
0.43624611141498370603386547372792847454547882080078125
0.386639842651268994533353406950482167303562164306640625
0.386468087592536313490398924841429106891155242919921875
0.40869393844398616000290758165647275745868682861328125
0.4217546854611502471499306921032257378101348876953125
0.403284325448666047808643497774028219282627105712890625
0.4335836483282100584091267592157237231731414794921875
0.391296696704139412847922585569904185831546783447265625
0.376098578392779436807558113287086598575115203857421875
0.39863020053684883325928467456833459436893463134765625
0.379213339755619216475679422728717327117919921875
0.436366458406336088504673398347222246229648590087890625
0.38771380707418912070494343424797989428043365478515625
0.323788152454438427074734363486641086637973785400390625
0.4067423518868771292744668244267813861370086669921875
0.394348029472795735816958995201275683939456939697265625
0.383838633030449738470224474440328776836395263671875
0.377526345983795141858507804499822668731212615966796875
0.410992937479039699422145304197329096496105194091796875
0.387063307094681563480520480879931710660457611083984375
0.34057981082244614956522354987100698053836822509765625
0.44717619242631612141991581665934063494205474853515625
0.3981228130543339460700735799036920070648193359375
0.385547326299432835394753738000872544944286346435546875
0.3908266582582589077077273032045923173427581787109375
0.39583595375260782756043909103027544915676116943359375
0.41371291710790358830962532010744325816631317138671875
0.41785535067924783891868401042302139103412628173828125
0.3352729957369209312645352838444523513317108154296875
0.387187753943097734410372368074604310095310211181640625
0.370715843416784818220577335523557849228382110595703125
0.385722389954480437967987427327898330986499786376953125
0.36426349964839588313481044679065234959125518798828125
0.3722598789955340325974475490511395037174224853515625
0.365163393039909467407966303653665818274021148681640625
0.40099933871492499104505213836091570556163787841796875
0.353411039783744496123318867830676026642322540283203125
0.397032633681553281945753042236901819705963134765625
0.435983492723499066467951479353359900414943695068359375
0.388360807316933176469575528244604356586933135986328125
0.401879187833774409455145359970629215240478515625
0.369406148045264781654140051614376716315746307373046875
0.34180449181222882781838734445045702159404754638671875
0.37620669137822793093306472655967809259891510009765625
0.362501808116595769515555502948700450360774993896484375
0.3826584841526223801366768384468741714954376220703125
0.398685268055378572160662997703184373676776885986328125
0.365526086476438027972335476079024374485015869140625
0.38097112101946972728683249442838132381439208984375
0.41943634576358423959874244246748276054859161376953125
0.4080292226111001951949219801463186740875244140625
0.387845025780999830278261697458219714462757110595703125
0.412012964908877510339380023651756346225738525390625
0.39363124533674864746757293687551282346248626708984375
0.33142978232356146151005305000580847263336181640625
0.41675941617791056881259237343329004943370819091796875
0.393363191917861565460867723231785930693149566650390625
0.3495293700598416375413535206462256610393524169921875
0.387416580875910632197900440587545745074748992919921875
0.394938021789606075184764222285593859851360321044921875
0.343932529295246036671329648015671409666538238525390625
0.388672806325879804933975947278668172657489776611328125
0.38332086158276812426493052043952047824859619140625
0.450642272225066087276701409791712649166584014892578125
0.39159024712203660545384309443761594593524932861328125
0.432193900932988983587534903563209809362888336181640625
0.404258192016371087351700452927616424858570098876953125
0.429053812246720511769382255806704051792621612548828125
0.387472421650483178634516434613033197820186614990234375
0.390106292627599604561083879161742515861988067626953125
0.382990386996724330170849270871258340775966644287109375
0.40759991608513523875245709859882481396198272705078125
0.39211421966362414170959027615026570856571197509765625
0.393617787933223384211345319272368215024471282958984375
0.391908272883297159605575643581687472760677337646484375
0.408915032470828443411647867833380587399005889892578125
0.38671256579259349894783781564910896122455596923828125
0.387276674548352961569008812148240394890308380126953125
0.352508888740105275072522772461525164544582366943359375
0.405480554315326091607829539498197846114635467529296875
0.3715130509052484431009588661254383623600006103515625
0.39775590051477094366561004790128208696842193603515625
0.357738244491064671937152752434485591948032379150390625
0.393893009714976927160279274175991304218769073486328125
0.35877863006456489625151107247802428901195526123046875
0.3835551606858171869163243172806687653064727783203125
0.38231866693375737842330863713868893682956695556640625
