-3.1881476342678070068359375
-3.306086298227310038555515347979962825775146484375
-3.280062702894210868720392682007513940334320068359375
-2.313379566669464093564556605997495353221893310546875
-2.05004466772079485537005894002504646778106689453125
-2.29038250446319580078125
-1.6746217924356461281831798260100185871124267578125
-2.197694479227065844639810165972448885440826416015625
-3.881614389419555610771794817992486059665679931640625
-1.1804664951562882091451456290087662637233734130859375
-3.164655508995056099053044817992486059665679931640625
-2.105000886917114399921047152020037174224853515625
-1.617481333613395744208673932007513940334320068359375
-2.25776788115501414466734786401502788066864013671875
-4.77517514228820783017681605997495353221893310546875
-3.157500567436218208428044817992486059665679931640625
-3.57877062559127789853619105997495353221893310546875
-1.944178032279014534111638567992486059665679931640625
-3.334079548120498781571541258017532527446746826171875
-2.296269202232360751025908029987476766109466552734375
-4.44174376964569095349588678800500929355621337890625
-2.884505453109741157646794817992486059665679931640625
-4.33697703599929784701316748396493494510650634765625
-4.43925641536712678458798109204508364200592041015625
-2.5419671702384949441011485760100185871124267578125
-4.17844107866287206576316748396493494510650634765625
-1.70086769104003909802713678800500929355621337890625
-2.88344890713691714978494928800500929355621337890625
-1.933426940441131502979033029987476766109466552734375
-2.513775382041931294452297152020037174224853515625
-2.8922667598724363102746792719699442386627197265625
-1.1566334956884383178277175829862244427204132080078125
-2.728194426298141461728619105997495353221893310546875
-4.33183950424194375017350466805510222911834716796875
-2.51217333316802982068338678800500929355621337890625
-3.1391725039482114567590542719699442386627197265625
-3.019958678483963154803859652020037174224853515625
-3.54937567830085765052672286401502788066864013671875
-2.1678862702846526389066639239899814128875732421875
-1.8042903411388397927339610760100185871124267578125
-2.933373193740844708798931605997495353221893310546875
-3.783370972871780590907064834027551114559173583984375
-4.2096609234809871935567571199499070644378662109375
-2.9906293916702271218355235760100185871124267578125
-2.8252446150779721989465542719699442386627197265625
-3.76032825827598582435484786401502788066864013671875
-2.55004608631134033203125
-4.01475980997085546420066748396493494510650634765625
-3.504849567413330202469978758017532527446746826171875
-2.657960301637649624950654470012523233890533447265625
-1.585847055912017911083466970012523233890533447265625
-2.8607398104667662863676014239899814128875732421875
-2.7275076007843015446496792719699442386627197265625
-6.7794553279876712537088678800500929355621337890625
-3.31023473381996158337869928800500929355621337890625
-1.829449677467346102588408029987476766109466552734375
-1.916177332401275634765625
-1.15957447230815891003885553800500929355621337890625
-3.2587131655216214909387417719699442386627197265625
-1.600189498066902249462373220012523233890533447265625
-1.894549438357353121631376779987476766109466552734375
-2.973968065977096397745071953977458178997039794921875
-2.68562026619911176084087855997495353221893310546875
-2.1504240167140959982816639239899814128875732421875
-3.83267568349838239072369105997495353221893310546875
-2.234086587429046755204353758017532527446746826171875
-3.648385547399521033895553046022541821002960205078125
-4.02759075880050687601396930404007434844970703125
-3.468492027521133280743015347979962825775146484375
-1.4473166728019715154829327730112709105014801025390625
-1.3745770126581191572512352649937383830547332763671875
-1.3666323453187942948972022350062616169452667236328125
-6.2174467802047725939473821199499070644378662109375
-1.2748213279247284646089610760100185871124267578125
-2.463269635438919191727791258017532527446746826171875
-2.5307610929012298583984375
-3.105476527214050097569497665972448885440826416015625
-5.33751814842224092672040569595992565155029296875
-1.6026651990413665060941639239899814128875732421875
-2.9510075950622560725378207280300557613372802734375
-1.426169503927230852724505894002504646778106689453125
-2.88019205927848798154400355997495353221893310546875
-2.1307526528835296630859375
-2.4415568244457244162504139239899814128875732421875
-7.025795955657958558049358543939888477325439453125
-1.330998870134353584404607317992486059665679931640625
-2.12607329607009898353453536401502788066864013671875
-1.49640195906162265515604303800500929355621337890625
-3.838816292285919029581009453977458178997039794921875
-3.964594086408614881378298377967439591884613037109375
-2.6065298712253568425012417719699442386627197265625
-4.19309881210327173306495751603506505489349365234375
-2.1675421297550201416015625
-4.4592367649078372693338678800500929355621337890625
-2.9145182764530179753137417719699442386627197265625
-1.117745237946510261650701067992486059665679931640625
-3.251433646678924649364716970012523233890533447265625
-6.46102246522903467251808251603506505489349365234375
-6.8609735798835753683988514239899814128875732421875
-2.344974001646041639190798377967439591884613037109375
-1.9995500713586806806887352649937383830547332763671875
-3.273090063333511157139810165972448885440826416015625
-2.23810379505157452939556605997495353221893310546875
-1.9760871970653532958550613329862244427204132080078125
-2.0369864904880525813268832280300557613372802734375
-8.5562315893173224168322121840901672840118408203125
-5.09105255365371700548848821199499070644378662109375
-6.367419507503509379375827847979962825775146484375
-4.57904919147491451525411321199499070644378662109375
-5.84368998527526883890459430404007434844970703125
-2.735229983329773073563728758017532527446746826171875
-4.41662704944610595703125
-5.008410890102386048283733543939888477325439453125
-3.997375010251998705967935165972448885440826416015625
-2.020185768604278564453125
-3.262420027256011767491372665972448885440826416015625
-2.072376176118850832352791258017532527446746826171875
-1.9695903342962264304105701739899814128875732421875
-1.6544231593608855757082665149937383830547332763671875
-1.6616986536979674315972488329862244427204132080078125
-2.467571443319320767528779470012523233890533447265625
-4.75670713663101185630921463598497211933135986328125
-2.861498682498931689366372665972448885440826416015625
-3.2299728298187257991003207280300557613372802734375
-6.121951062679290345158733543939888477325439453125
-4.57973778724670399498108963598497211933135986328125
-4.472538907527923157658733543939888477325439453125
-4.09720320224761991312334430404007434844970703125
-3.4875568246841428532434292719699442386627197265625
-2.142972527742385668858560165972448885440826416015625
-2.1023482882976534114050082280300557613372802734375
-3.493905303478241020087580182007513940334320068359375
-1.2116277247667313066159522350062616169452667236328125
-2.894793298244476176250827847979962825775146484375
-2.4930683243274689431245860760100185871124267578125
-3.0182681846618653054292735760100185871124267578125
-2.78519255399703968834046463598497211933135986328125
-3.24026622891426097083922286401502788066864013671875
-2.472952307462692456141439834027551114559173583984375
-4.76172421932220490958798109204508364200592041015625
-1.5367366975545884155707199170137755572795867919921875
-2.80119685173034671521463678800500929355621337890625
-5.713435258865356303203952847979962825775146484375
-3.272982956171035962000814834027551114559173583984375
-8.310724902153015847261485760100185871124267578125
-3.06288201451301578259744928800500929355621337890625
-5.01847856044769269345806605997495353221893310546875
-7.03215747594833384681578536401502788066864013671875
-4.62177121400833090802962033194489777088165283203125
-3.212293647527694862020553046022541821002960205078125
-3.402534006834029955967935165972448885440826416015625
