0.00050442345608029998289822959378625455428846180438995361328125
0.00992819413844250008016611985794952488504350185394287109375
0.10323514943268030652490097054396755993366241455078125
0.0025039390984789998591264481575535683077760040760040283203125
0.015700062596208298748567955271937535144388675689697265625
0.04282425778604100063962079047996667213737964630126953125
0.047951258255674200636775594830396585166454315185546875
0.0433884003138352014605771955757518298923969268798828125
0.007820540713384900588511783325884607620537281036376953125
0.11108046590089980243387657310449867509305477142333984375
0.0865822512420739986982454183817026205360889434814453125
0.0107561246303945999558404622575835674069821834564208984375
0.034429946254994799048620990333802183158695697784423828125
0.008856174965282299915703134729483281262218952178955078125
0.003737343213399599815838225680408868356607854366302490234375
0.051768701634379903075977580328981275670230388641357421875
0.000499109241260000009721142788521319744177162647247314453125
0.038125009076331199675546912430945667438209056854248046875
0.06510963941248350261847832598505192436277866363525390625
0.045229427702820200474231882026288076303899288177490234375
0.06214697217660179739961989753282978199422359466552734375
0.056773347333250602508858406736180768348276615142822265625
0.0412288703212519980212391601526178419589996337890625
0.000881649481991399999909753137927737043355591595172882080078125
0.0028936096201501999673755260999996608006767928600311279296875
0.0190418212165659010703944176157165202312171459197998046875
0.05192036762649020198434612893834128044545650482177734375
0.09191238243269810037627820520356181077659130096435546875
0.04878333996024229735066768398610292933881282806396484375
0.0668321259880040041689852614581468515098094940185546875
0.05924386984005859668744875534684979356825351715087890625
0.0017881513915634999166426322148026883951388299465179443359375
0.00595507594253999981981362310534677817486226558685302734375
0.077318859072255496922565498607582412660121917724609375
0.040641561781452596735508819847382255829870700836181640625
0.0291956026020959991118530751919024623930454254150390625
0.055856037332876397327741102571962983347475528717041015625
0.006425359859747800141127616058156490908004343509674072265625
0.0512855348046691028596200112588121555745601654052734375
0.1313399267259990066403219088897458277642726898193359375
0.04561927157285060319136249518123804591596126556396484375
0.0160961946378968996651526168761847657151520252227783203125
0.08212885663173620509613925833036773838102817535400390625
0.031455578905835397673929065831543994136154651641845703125
0.01257279366183720013816493832337073399685323238372802734375
0.0245348045500500995530490655482935835607349872589111328125
0.06028458705374240000907093417481519281864166259765625
0.014284777693363399919679324057142366655170917510986328125
0.0408678643632360005799597502118558622896671295166015625
0.0393246949933954981215578072806238196790218353271484375
0.12118594495425079327066697487680357880890369415283203125
0.0166938554493640013698385615725783281959593296051025390625
0.032411844604435600947223150569698191247880458831787109375
0.00130874182621620004096651967984143993817269802093505859375
0.00522313596222109995104165847124022548086941242218017578125
0.0024824501971327001155487312900049801100976765155792236328125
0.0713440507367177068065444700550870038568973541259765625
0.054076144998661403173745299000074737705290317535400390625
0.00221732896224299987075756490639832918532192707061767578125
0.0308960226595702998342307665780026582069694995880126953125
0.01625982439925190148333200568231404758989810943603515625
0.06394921259532189428131943031985429115593433380126953125
0.0190005156933279011066684205388810369186103343963623046875
0.0944992634295795941312690047197975218296051025390625
0.006703319409191500245770445332027520635165274143218994140625
0.0617550422092185968825361896961112506687641143798828125
0.000355941097850499973097304629021664368337951600551605224609375
0.1256474570243054922347170077046030201017856597900390625
0.07361782381934689478697464437573216855525970458984375
0.033269228578928201900399841406397172249853610992431640625
0.01177502882365269974707100431032813503406941890716552734375
0.003980964270986799870277739188395571545697748661041259765625
0.0305711017420387982934659731881765765137970447540283203125
0.001279008826668199920451041151636673021130263805389404296875
0.04345555379423819697404240969262900762259960174560546875
0.028295591574636798359865252905365196056663990020751953125
0.036671465861035097699716089891808223910629749298095703125
0.000000000000648731722773529976777096203491650196486413559870953804420423693954944610595703125
0.0227175840449137002308166444208836765028536319732666015625
0.08416910013372269627751620646449737250804901123046875
0.07598072622127050035345519063412211835384368896484375
0.04090616863518960200085672340719611383974552154541015625
0.06496323911159319897112851549536571837961673736572265625
0.040562942838000902445738660162533051334321498870849609375
0.05040138822619059932872431772921117953956127166748046875
0.139351239401332593903504175614216364920139312744140625
0.028632898339709000889996559635619632899761199951171875
0.0000109324676777840622938185732859750487477867864072322845458984375
0.1139028604245241049763848195652826689183712005615234375
0.0227764397465687017108049161606686539016664028167724609375
0.044937415763068498664178918033940135501325130462646484375
0.0077827311237369002638875059574274928309023380279541015625
0.031409960882772598733669866533091408200562000274658203125
0.010092892038915800279053058829958899877965450286865234375
0.06651210534252340045302531734705553390085697174072265625
0.00853112491567220056210008038988235057331621646881103515625
0.0136994899635700002893390347935564932413399219512939453125
0.125848154914837306872499311793944798409938812255859375
0.0002911890309208000119332859778609190470888279378414154052734375
0.05992254928555369730691637641939450986683368682861328125
0.11942895329730439379911643982268287800252437591552734375
0.040964312737160002431124894428648985922336578369140625
0.09953589488353449532542782662858371622860431671142578125
0.08736968733607010373365397981615387834608554840087890625
0.08376499495478349766042214241679175756871700286865234375
0.0264853682522132004295567497820229618810117244720458984375
0.047391722870012198409739312410238198935985565185546875
0.01492275085536249983053647127917429315857589244842529296875
0.0111036992747638001144405706099860253743827342987060546875
0.009185239066103599581136762708410969935357570648193359375
0.045893159925613401239896660399608663283288478851318359375
0.055941646496012097100614113287520012818276882171630859375
0.0135052136693734996242266532817666302435100078582763671875
0.0294323496969914992493766447978487121872603893280029296875
0.05936094160788230045255886579980142414569854736328125
0.09736363831575499394599404467953718267381191253662109375
0.0000001825134018973655110752545016605807859377819113433361053466796875
0.042258956031524998186998942628633813001215457916259765625
0.07719140803026360020400176153998472727835178375244140625
0.01089305909784490065950190995636148727498948574066162109375
0.05432320734264130257518132793848053552210330963134765625
0.01302738720213449975793285062763970927335321903228759765625
0.0028835616533671999499321980664490183698944747447967529296875
0.0025960885142536998214379817540020667365752160549163818359375
0.034209290986721201111020462803935515694320201873779296875
0.012652882355614299136892242358953808434307575225830078125
0.088842983278518194989459288990474306046962738037109375
0.050610148672504400024774184885245631448924541473388671875
0.0142249262474277993195670433124178089201450347900390625
0.033797590525527200500111035808004089631140232086181640625
0.036534333881360202267440939749576500616967678070068359375
0.003814675130172699886454967810323068988509476184844970703125
0.0830657694204464946974297845372348092496395111083984375
0.061645136145267002969472258655514451675117015838623046875
0.004158783937759999958794221441849003895185887813568115234375
0.0161940337415262987363906432847215910442173480987548828125
0.0705928453174672065895123296286328695714473724365234375
0.10204519293542009539255133176993695087730884552001953125
0.0289340030226083004538661924698317307047545909881591796875
0.0096055297769389001716344722581197856925427913665771484375
0.0040420862257412003282208701193667366169393062591552734375
0.07268101348232970659868357188315712846815586090087890625
0.01055700045248099926131768455661585903726518154144287109375
0.0816963911065591019688980622959206812083721160888671875
0.054017935031858997640963337971697910688817501068115234375
0.0349501061617454034102792093108291737735271453857421875
0.000099457920454711521373279692337376900468370877206325531005859375
0.04759153747487669672278087773520383052527904510498046875
0.009946213584531800322441341677404125221073627471923828125
0.0032737984295783000877888557766937083215452730655670166015625
0.097379393606120301374318160014809109270572662353515625
