376017073649165658802
373217897041596951908
357994005267972670198
407792778955599281451
335723727985636884682
365098090046120319293
398713976198052499675
403453644087009604989
378193247489289129314
384349159274189095111
384526443373612107884
372180029270753956677
379267846543989399359
387387458469090874566
372642323103828463551
411626327667054712477
386200585529644560418
364705222000317490166
392998500871782152066
413794250379071666950
374829641092961331464
413987795115364108417
386927942328344025749
372214180088873204917
385822848616416208600
399032910045754973130
388507898900468698308
408541697547606528015
383761011557074767659
408179358707270767985
382113079933532514957
393471118393445527783
375870570255958650714
363911182622792643385
396400684049013773969
388829016607170556376
383558412623529245702
373710096409300801622
401401030149028677720
370379825558875873690
402777216338941874062
315621770142404001260
379099622866812194982
389159417663906294649
371497866206277842572
389504407193438799530
407090777887172048621
352077444544536556045
337475739501948806210
389498168639095986307
391475852052707426248
379310857111928415381
392635554065679546881
407496956641689129107
388389657129276317428
366027859113237774105
375016407941092372979
409615516511370199346
370043092741722640472
410547338147705603188
385838383589440985134
400402728237954602845
387326687355469807893
343081401353850950883
357684843763534453875
388646414305412305386
356745004533579775071
370517042318438275894
376196379129622704613
384404076145309118152
356011591766834573213
378117258014616647972
414494541283131290120
394766259413790369423
403158143285439760411
355621611162696610816
402373367647202664981
414193150736874067960
389331139551333468398
357607677467508774417
416384497237306246277
393855173354267697563
365695862015551901672
403576159773169628615
406914587881114598249
375951101032758640361
348419278418311878553
386629919147259797536
376933927382938858386
369780130305730450487
391138814231825593043
371298902171317205109
411860483825507965818
374988010924246914725
405461334377415150375
398013979517055550298
422392532404194881916
404712097345912802787
158924497157178292236
378595106160213669196
419234426117388564315
382156977596503165076
365933754685459691624
379567459921620876125
367713243278664092203
397041259248833662177
386724809937701697044
392917250457536887368
421916569742238330432
309040356501137234507
385273001711527864631
384440498675013736022
392319904158071899379
373653107722711373930
397193859524513444121
399428692141133263736
366840538851307867814
361440535747479269933
430094747616049389880
380907162992141743062
388010689853534709823
397332023078635260157
400334605785162442552
381608345577202338080
420076941289119404197
397276870344326446827
399869701791932076803
338047420715368369274
352566602648523263889
362184786581768760377
369332668161184714861
344973398136148667588
398487312890568452083
388244687086983185588
376125844607403776337
374557585175727811645
383949475684132060665
384747564769457698456
393956950441647989650
377023877907483479929
394241412211838536247
398183778638603112742
373315889962832660624
366889266175366199754
393912144845139306489
403375918411570880250
395795746397854057469
405201276651966799620
363536253872787797335
386212539567345439283
417442628606752444448
