0.296907652923489473462126397862448357045650482177734375
0.29826973821224178617939060131902806460857391357421875
0.2063818649741261113117474224054603837430477142333984375
0.368294887463690379103553595996345393359661102294921875
0.236791326090549592020551017412799410521984100341796875
0.1969972782752286988294798675269703380763530731201171875
0.3202716406021968165163116282201372087001800537109375
0.254940661178177874202077646259567700326442718505859375
0.38070913783078219605471304021193645894527435302734375
0.27413976381595961395731819720822386443614959716796875
0.344017780338379208782129126120707951486110687255859375
0.19869371982158678946461805026046931743621826171875
0.386344856761483279594671103041036985814571380615234375
0.37604352191284451389918785935151390731334686279296875
0.422888896543264281024931960928370244801044464111328125
0.284328831510667290327631917534745298326015472412109375
0.35239916313151609106313344454974867403507232666015625
0.258628292598874709451450826236396096646785736083984375
0.2133108084931059911237838377928710542619228363037109375
0.3642858325773545846715251173009164631366729736328125
0.17109894231143119025517762565868906676769256591796875
0.325105209624734492468434154943679459393024444580078125
0.307144645523427184397036171503714285790920257568359375
0.38822273952839780886137077686726115643978118896484375
0.412661800607347306613092996485647745430469512939453125
0.316066723320329090451963338637142442166805267333984375
0.27072764434153329116128361420123837888240814208984375
0.2393393347713594077053045339198433794081211090087890625
0.3136549821633918266883256364963017404079437255859375
0.1599569130861928922815451414862764067947864532470703125
0.317621633425956506613374585867859423160552978515625
0.452196851083784989722147429347387515008449554443359375
0.327404078081967975233368406406952999532222747802734375
0.2268844369853607878528833907694206573069095611572265625
0.184358330717813989618747427812195383012294769287109375
0.340711648836040603693930961526348255574703216552734375
0.269646394167184999535180622842744924128055572509765625
0.355349055922763612525017151710926555097103118896484375
0.29679576424669817935608762127230875194072723388671875
0.363138200990712312066222011708305217325687408447265625
0.336339782736046088995607306060264818370342254638671875
0.299336482382522472978081395922345109283924102783203125
0.322515585020824502304748193637351505458354949951171875
0.1495998048817163972312727082680794410407543182373046875
0.260300648428755720953375885073910467326641082763671875
0.312933083280220791788650558373774401843547821044921875
0.3629476283889438992247278292779810726642608642578125
0.276317835609659889772871110835694707930088043212890625
0.327780110207596508953287184340297244489192962646484375
0.313536714489305812225694580774870701134204864501953125
0.37279898167381819718002589070238173007965087890625
0.404315659944248284585199826324242167174816131591796875
0.3256939843377752996644858285435475409030914306640625
0.270350970959771286228345843483111821115016937255859375
0.3987241891391051229476261141826398670673370361328125
0.384881651632422105979713933265884406864643096923828125
0.381319170777941973682345633278600871562957763671875
0.392586319012879492174050710673327557742595672607421875
0.380153925197272701819173335024970583617687225341796875
0.1952547007665678957533117454659077338874340057373046875
0.35860090927636500968134214417659677565097808837890625
0.25117591991939647311227190584759227931499481201171875
0.2578700278184324901076251990161836147308349609375
0.3643917860193843782923295293585397303104400634765625
0.39047067073432251138598303441540338099002838134765625
0.31781052718325819572697810144745744764804840087890625
0.331998055668370872783867753241793252527713775634765625
0.409627274246324113438078029503230936825275421142578125
0.28663800496238511783531066612340509891510009765625
0.358802613521658486650522945637931115925312042236328125
0.391909549772893883723412500330596230924129486083984375
0.2743695401822450197215630396385677158832550048828125
0.366602188478275914373938348944648168981075286865234375
0.394411697679815487216359315425506792962551116943359375
0.326974731808523488840734216864802874624729156494140625
0.31575599487208461102483170179766602814197540283203125
0.372893623836064003196355542968376539647579193115234375
0.2950252409717795121224526155856437981128692626953125
0.283039075937320305786926155633409507572650909423828125
0.2246818697647761930991094914134009741246700286865234375
0.2987149449323551753110450590611435472965240478515625
0.2460624918349376966109076647626352496445178985595703125
0.3696286294258896987230400554835796356201171875
0.330912074544887080396193823617068119347095489501953125
0.231471750417253208098600225639529526233673095703125
0.306951903823883098798575019827694632112979888916015625
0.251000035333912407953249612546642310917377471923828125
0.303767376183197601591245984309352934360504150390625
0.292349978522788822576927714180783368647098541259765625
0.320946926635864493437821920451824553310871124267578125
0.31049932726890860923418813399621285498142242431640625
0.404812414502340678357228398454026319086551666259765625
0.260218417424444903307545473580830730497837066650390625
0.267291942540322902122085224618786014616489410400390625
0.253883348554201304647648385071079246699810028076171875
0.31694554894543569556475404169759713113307952880859375
0.2879919705655484829520673883962444961071014404296875
0.29062423797451908402678100173943676054477691650390625
0.02323917621424680113317862151234294287860393524169921875
0.3271507450204633737911308344337157905101776123046875
0.321207802756043381275929959883796982467174530029296875
0.326385472836048184941404315395629964768886566162109375
0.4111045125809809075434486658195964992046356201171875
0.1955491105435304965975973345848615281283855438232421875
0.261753528869910490062267172106658108532428741455078125
0.1936347755358606981257452162026311270892620086669921875
0.21820822413254059579656995992991141974925994873046875
0.282423529839732900814652793997083790600299835205078125
0.337797153013218276473850210095406509935855865478515625
0.305698221438626294155227469673263840377330780029296875
0.1892654930573562099827000793084152974188327789306640625
0.280215142648229276201021775705157779157161712646484375
0.29741965810335957431931319661089219152927398681640625
0.327974118521555002558898195275105535984039306640625
0.340265748886128094330416615775902755558490753173828125
0.361628711911500089204452024205238558351993560791015625
0.243094479120012307848952559652389027178287506103515625
0.320352592995121698837834856021800078451633453369140625
0.2114013074244615875141306560180964879691600799560546875
0.1756949342003994996019855534541420638561248779296875
0.21442595270873798796174014569260179996490478515625
0.256872704779150973219969955607666634023189544677734375
0.3083806452187844993062526555149815976619720458984375
0.403096278097209381741095057805068790912628173828125
0.265847339058110809784096773000783286988735198974609375
0.294055580433521590588696881241048686206340789794921875
0.243534407201089708738805938992300070822238922119140625
0.354069751594416504136830781135358847677707672119140625
0.2451231901052028094856183315641828812658786773681640625
0.35173582489397781092321793039445765316486358642578125
0.3433481489324041735500259164837189018726348876953125
0.2377352300870013979139372395366081036627292633056640625
0.35414056330873078248799856737605296075344085693359375
0.3199278597236123733438262206618674099445343017578125
0.150747422406062703270634983709896914660930633544921875
0.232940169497712901147679076530039310455322265625
0.35451327378488339814310847941669635474681854248046875
0.237908745966089296697276722625247202813625335693359375
0.35883311004363349638879299163818359375
0.307348774985045924967863584242877550423145294189453125
0.2436976612744762016316002473104163073003292083740234375
0.37674092904878098142518183522042818367481231689453125
0.2338415703599860118178099810393177904188632965087890625
0.322438894705306011712053759765694849193096160888671875
0.385348186076364396246418664304655976593494415283203125
0.372236082610544583015865782726905308663845062255859375
0.263458880406428175291466686758212745189666748046875
0.396663366423836982743722501254524104297161102294921875
0.2444877632905113895578352867232752032577991485595703125
0.291351108187405782867784864720306359231472015380859375
0.321417766346380584518982459485414437949657440185546875
