1.68404388427734375
1.52455055713653564453125
1.6071465015411376953125
1.30646479129791259765625
1.199508190155029296875
1.4574840068817138671875
2.04753875732421875
1.71892273426055908203125
1.68706834316253662109375
1.557885646820068359375
1.25392448902130126953125
1.07888686656951904296875
1.45572626590728759765625
1.30972194671630859375
1.4757976531982421875
2.1065845489501953125
1.3815677165985107421875
1.02912104129791259765625
1.4737226963043212890625
1.4120547771453857421875
1.30435240268707275390625
1.5042130947113037109375
2.161348819732666015625
1.2654726505279541015625
1.58990371227264404296875
1.7476379871368408203125
1.5750696659088134765625
1.52618515491485595703125
2.2024822235107421875
1.8647594451904296875
1.75110924243927001953125
1.62488591670989990234375
1.49227058887481689453125
1.668806552886962890625
1.4833867549896240234375
1.29067170619964599609375
1.4805238246917724609375
1.75493752956390380859375
1.655115604400634765625
1.35749447345733642578125
1.38307774066925048828125
1.84703958034515380859375
1.4481523036956787109375
1.59068953990936279296875
1.47128045558929443359375
1.61896693706512451171875
1.41012132167816162109375
1.1485149860382080078125
1.3761923313140869140625
1.27516472339630126953125
1.89055049419403076171875
1.632526397705078125
1.40053117275238037109375
1.3506243228912353515625
1.5967772006988525390625
1.2533721923828125
1.74645960330963134765625
1.2344586849212646484375
1.2424752712249755859375
1.81323564052581787109375
1.590613842010498046875
1.56609117984771728515625
1.51005685329437255859375
1.43982589244842529296875
1.39189541339874267578125
1.6245105266571044921875
1.36553609371185302734375
1.3514804840087890625
1.17618072032928466796875
1.34367167949676513671875
2.190336704254150390625
1.65206420421600341796875
1.4171631336212158203125
1.43373167514801025390625
1.5715701580047607421875
1.43290388584136962890625
1.854768276214599609375
1.26546132564544677734375
1.19082105159759521484375
2.025608062744140625
1.46598911285400390625
1.78837680816650390625
1.9249050617218017578125
1.55473649501800537109375
1.493920803070068359375
1.5143110752105712890625
1.37427437305450439453125
1.83765757083892822265625
1.34135472774505615234375
1.8409340381622314453125
1.4535152912139892578125
1.5392653942108154296875
1.55979835987091064453125
1.56536972522735595703125
1.6368477344512939453125
1.7265625
1.61341369152069091796875
1.451582431793212890625
1.47035205364227294921875
1.43781268596649169921875
1.4779388904571533203125
1.85665237903594970703125
1.66520893573760986328125
1.8015425205230712890625
1.58632552623748779296875
1.33760738372802734375
1.62094604969024658203125
1.5330088138580322265625
1.504102230072021484375
1.35553920269012451171875
1.7717456817626953125
1.669895648956298828125
1.57411229610443115234375
1.22767770290374755859375
1.4356410503387451171875
1.4548528194427490234375
1.3527824878692626953125
1.43327510356903076171875
1.66027867794036865234375
1.18807566165924072265625
1.57218682765960693359375
1.5644886493682861328125
1.34727346897125244140625
1.32106316089630126953125
1.2254750728607177734375
1.42672336101531982421875
1.778909206390380859375
1.12209427356719970703125
1.8309319019317626953125
1.45344889163970947265625
1.680818080902099609375
1.61680877208709716796875
1.4663698673248291015625
1.6880357265472412109375
1.93503177165985107421875
1.6495349407196044921875
1.37997353076934814453125
1.6335284709930419921875
1.93253004550933837890625
1.9053704738616943359375
1.8764612674713134765625
1.66983258724212646484375
1.417816638946533203125
1.5929472446441650390625
1.6188910007476806640625
1.52382457256317138671875
1.464160442352294921875
1.56040966510772705078125
1.538636684417724609375
1.4716975688934326171875
1.68449771404266357421875
