-0.033018665965362924141768274921560077928006649017333984375
-0.023837699704865121519414827844229876063764095306396484375
-0.0164837228735453082684170311722482438199222087860107421875
-0.0201793686893250896752238787712485645897686481475830078125
-0.0174871719374379598621604969821419217623770236968994140625
-0.0167786127013831130871945873650474823080003261566162109375
-0.01366903978759015890476202770287272869609296321868896484375
-0.0167552499856244881126787760194929433055222034454345703125
-0.0205702061604661444460528940680887899361550807952880859375
-0.0174971808903975449556167376385928946547210216522216796875
-0.0173497612739051502994680475921995821408927440643310546875
-0.01549204081771418141377782973222565487958490848541259765625
-0.0169548507759339217582095216130255721509456634521484375
-0.016901122983175052849613706484888098202645778656005859375
-0.019331645631332439183580618191626854240894317626953125
-0.017686019003644325164881223599877557717263698577880859375
-0.0222654868683604227619365900636694277636706829071044921875
-0.022762539920448500441185757381390430964529514312744140625
-0.0160462531306977719547379734876813017763197422027587890625
-0.0166606730463467710146030498208347125910222530364990234375
-0.01418313024190047920425339356143012992106378078460693359375
-0.0161102333189489556330986630428014905191957950592041015625
-0.0170286887055593853801394033098404179327189922332763671875
-0.0178682221703757408703960862794701824896037578582763671875
-0.0254389604811987891930247229765882366336882114410400390625
-0.0119184024047840307625190092721823020838201045989990234375
-0.0119319573877035810249847003206014051102101802825927734375
-0.025582796973691902808756282183821895159780979156494140625
-0.0246194557111581550923329331226341309957206249237060546875
-0.017229614182070196459761746154981665313243865966796875
-0.01663113328783306921199169892133795656263828277587890625
-0.0174852169535874880923476126781679340638220310211181640625
-0.01373513543655556327915956416063636424951255321502685546875
-0.0180499197790605116209494696022375137545168399810791015625
-0.023404944757089908569103187119253561832010746002197265625
-0.0182510162628400744722068083092381129972636699676513671875
-0.019418104878078344677216904301531030796468257904052734375
-0.01922623527267068588297860287639196030795574188232421875
-0.0191669003586952997608694460041078855283558368682861328125
-0.022974226997419418261348056375936721451580524444580078125
-0.0160709451876584925866797703974953037686645984649658203125
-0.13701350676275370066292680348851718008518218994140625
-0.0256608769166074279777234323773882351815700531005859375
-0.01352343725433596301199745681742570013739168643951416015625
-0.0162107349620140943347035289434643345884978771209716796875
-0.022232619283985510794110496135544963181018829345703125
-0.0227277961337548177478407041007812949828803539276123046875
-0.0223833090090428225849006338421531836502254009246826171875
-0.1256476412017769883622264615041785873472690582275390625
-0.023718792867097777954388249099793029017746448516845703125
-0.0199359044327795907614042647537644370459020137786865234375
-0.00921017580049833008148940649562064209021627902984619140625
-0.01606381715301956336627853261234122328460216522216796875
-0.021130369691278495791753044841243536211550235748291015625
-0.0162491038310261480537288747427737689577043056488037109375
-0.021270692906215978024153656633643549866974353790283203125
-0.017991401738581817848494637246403726749122142791748046875
-0.06544006066642700514268682354668271727859973907470703125
-0.0149320277234250564646345083019696176052093505859375
-0.0166157346418956582134729416111440514214336872100830078125
-0.02006799836893800870196713503901264630258083343505859375
-0.0234700471481589893751884545736174914054572582244873046875
-0.0168371271492834713445763128447651979513466358184814453125
-0.01445549215151176181137770981877110898494720458984375
-0.098170063701752685592083480514702387154102325439453125
-0.023403309213618599116113472291544894687831401824951171875
-0.0216625912031125182621860147946790675632655620574951171875
-0.0164199506003544527799054009165047318674623966217041015625
-0.01560109272054201710877574527103206492029130458831787109375
-0.01692371347156063077221688217832706868648529052734375
-0.0237444169295509786843378918774760677479207515716552734375
-0.0186050248637099902015989982828614301979541778564453125
-0.0150479730291274878262175462850791518576443195343017578125
-0.0336978191733282306241648029754287563264369964599609375
-0.01833437377492964925895790884169400669634342193603515625
-0.0150015543097949920203770801663267775438725948333740234375
-0.013012192837046694660063650417214375920593738555908203125
-0.01525114639176779023077568098187839495949447154998779296875
-0.0263180879457387828512793248592060990631580352783203125
-0.020798653503001703068964189924372476525604724884033203125
-0.0160560495421861737508351097858394496142864227294921875
-0.01868858774419963897361895988069591112434864044189453125
-0.0180652880499572281169928800181878614239394664764404296875
-0.023370883571331858841180206809440278448164463043212890625
-0.026002776413396565258207004944779328070580959320068359375
-0.023872068553837187676602837882455787621438503265380859375
-0.0222546367533288207141151104906384716741740703582763671875
-0.0161391279632283855816066164834410301409661769866943359375
-0.0205021120896443920234020197312929667532444000244140625
-0.025339023605330517063816131440034951083362102508544921875
-0.0150520070179878846794441216161430929787456989288330078125
-0.0123220465354668164137397212698488146997988224029541015625
-0.02039379231052930452339211342405178584158420562744140625
-0.020054365622615900888181528216591686941683292388916015625
-0.02190626473305888610720870701698004268109798431396484375
-0.0111149591569417484360204895210699760355055332183837890625
-0.0172309059952933385506668173547950573265552520751953125
-0.0151603280160233777618117301244637928903102874755859375
-0.27633110547007733170943311051814816892147064208984375
-0.0208710929618381967054485670587382628582417964935302734375
-0.0173990632320132621035924103125580586493015289306640625
-0.0203818401017104335049001662127921008504927158355712890625
-0.02928240750451295559830811043866560794413089752197265625
-0.0224168665675427668249053425597594468854367733001708984375
-0.0169044078353111533463692950363110867328941822052001953125
-0.0186733966153886064842648551120873889885842800140380859375
-0.0287141934416080164826912124453883734531700611114501953125
-0.0194716937647820553802802123755100183188915252685546875
-0.01615731706012069057720736964256502687931060791015625
-0.01407907880557025814827198928469442762434482574462890625
-0.01479112218106718758259265911192414932884275913238525390625
-0.0123199971558949523953163662781662424094974994659423828125
-0.0168233185448536277928344162546636653132736682891845703125
-0.0126516710917372911249234590513879084028303623199462890625
-0.014623254732179236103917219224967993795871734619140625
-0.0189625567662891902909194641324575059115886688232421875
-0.016759788881961501516570933745242655277252197265625
-0.0149983884622004494391322992896675714291632175445556640625
-0.0191218495504959333508576690974223311059176921844482421875
-0.01393319395189154992487079454122067545540630817413330078125
-0.0173546351324519211589691991548534133471548557281494140625
-0.0189658466854893369146761727961347787640988826751708984375
-0.01516459798497058787669633517225520336069166660308837890625
-0.01333780410235202613933314097494076122529804706573486328125
-0.016846687311193549174692662973029655404388904571533203125
-0.0162286370514036458467810319916679873131215572357177734375
-0.0158883063838612843821085363060774398036301136016845703125
-0.0234558128325027988314577243045278009958565235137939453125
-0.033759944940400209156816657696253969334065914154052734375
-0.01768958083900791511400285571653512306511402130126953125
-0.0293185759848756978540595952154035330750048160552978515625
-0.0204122694780504813916177653254635515622794628143310546875
-0.017408809243518001685924190269361133687198162078857421875
-0.022447960394888839819049763946168241091072559356689453125
-0.0119739327777755762138855999410225194878876209259033203125
-0.0216730428019225318525542434144881553947925567626953125
-0.0247598253611334175039448979305234388448297977447509765625
-0.0188577461373624390150727236914462991990149021148681640625
-0.01159667163970959195828935861527497763745486736297607421875
-0.0187887369112349524036265080439989105798304080963134765625
-0.0138911841329861958371783003940436174161732196807861328125
-0.0286935507718981720748363528628033236600458621978759765625
-0.0176004755471108505215926953724192571826279163360595703125
-0.10060335332010296449656294726082705892622470855712890625
-0.0162347361697593207952028393492582836188375949859619140625
-0.012775118505449441219656847579244640655815601348876953125
-0.027994335895938089742163157325194333679974079132080078125
-0.018034908678854939811930790938276913948357105255126953125
-0.0093256117335303832793780287602203316055238246917724609375
-0.0207500961117846015324683861535959294997155666351318359375
-0.0206495136773710181998797708047277410514652729034423828125
