0.99752742052078235968082253748434595763683319091796875
0.99843311309814442022769753748434595763683319091796875
0.99824941158294677734375
0.99965578317642200811832253748434595763683319091796875
0.998927593231201171875
0.99906879663467396124332253748434595763683319091796875
0.999064624309539794921875
0.99870014190673839227230246251565404236316680908203125
0.999264538288116455078125
0.99857628345489501953125
0.998571574687957763671875
0.99968719482421875
0.99969947338104236944644753748434595763683319091796875
0.99911201000213623046875
0.998157918453216552734375
0.99937236309051524774105246251565404236316680908203125
0.996974945068359375
0.99848663806915283203125
0.998654842376708984375
0.99864679574966441766292746251565404236316680908203125
0.99899601936340320929019753748434595763683319091796875
0.99904549121856678350894753748434595763683319091796875
0.99949151277542125360042746251565404236316680908203125
0.99846279621124278680355246251565404236316680908203125
0.997269809246063232421875
0.99961227178573597296207253748434595763683319091796875
0.99990761280059803350894753748434595763683319091796875
0.99817383289337158203125
0.99886924028396595343082253748434595763683319091796875
0.99958997964858997686832253748434595763683319091796875
0.99894332885742198602230246251565404236316680908203125
0.99886953830719005242855246251565404236316680908203125
0.999805271625518798828125
0.99905133247375477179019753748434595763683319091796875
0.99792653322219837530582253748434595763683319091796875
0.99957358837127685546875
0.99715745449066162109375
0.99976730346679676397769753748434595763683319091796875
0.99923974275589000360042746251565404236316680908203125
0.997586786746978759765625
0.99950695037841796875
0.999999940395355224609375
0.99876111745834361688167746251565404236316680908203125
0.99815273284912120477230246251565404236316680908203125
0.999152362346649169921875
0.99912059307098399774105246251565404236316680908203125
0.999958217144012451171875
0.999748647212982177734375
0.99955934286117564813167746251565404236316680908203125
0.998939692974090576171875
0.99826121330261241570980246251565404236316680908203125
0.99953448772430419921875
0.99979734420776356085269753748434595763683319091796875
0.99820888042449962274105246251565404236316680908203125
0.99899083375930797235042746251565404236316680908203125
0.99861991405487060546875
0.999355733394622802734375
0.99909096956253040655582253748434595763683319091796875
0.99909508228302001953125
0.99866366386413563116519753748434595763683319091796875
0.998246848583221435546875
0.998695909976959228515625
0.99965560436248779296875
0.99876058101654041632144753748434595763683319091796875
0.999647796154022216796875
0.997709691524505615234375
0.998271048069000244140625
0.999502122402191162109375
0.99931061267852783203125
0.997864246368408203125
0.999401271343231201171875
0.99880272150039683953792746251565404236316680908203125
0.99915796518325794561832253748434595763683319091796875
0.998993337154388427734375
0.99850571155548095703125
0.99803960323333740234375
0.99909961223602294921875
0.99912047386169444695980246251565404236316680908203125
0.99945533275604236944644753748434595763683319091796875
0.99906921386718761102230246251565404236316680908203125
0.99871033430099476202457253748434595763683319091796875
0.99901497364044200555355246251565404236316680908203125
0.99933373928070079461605246251565404236316680908203125
0.998977482318878173828125
0.99896597862243641241519753748434595763683319091796875
0.99907982349395763055355246251565404236316680908203125
0.99841088056564319952457253748434595763683319091796875
0.99806547164917003289730246251565404236316680908203125
0.99848854541778564453125
0.999509274959564208984375
0.99845200777053844110042746251565404236316680908203125
0.999306261539459228515625
0.999768435955047607421875
0.99896985292434681280582253748434595763683319091796875
0.99881237745285045281917746251565404236316680908203125
0.99727153778076160772769753748434595763683319091796875
0.99853622913360595703125
0.999357163906097412109375
0.97290700674056995733707253748434595763683319091796875
0.99907070398330677374332253748434595763683319091796875
0.998701870441436767578125
0.99976056814193714483707253748434595763683319091796875
0.99958550930023204461605246251565404236316680908203125
0.99780923128128040655582253748434595763683319091796875
0.99990582466125477179019753748434595763683319091796875
0.99859333038330078125
0.998433887958526611328125
0.99952280521392822265625
0.99855554103851318359375
0.9987735748291015625
0.99818384647369384765625
0.999962627887725830078125
0.998652875423431396484375
0.99831634759902965203792746251565404236316680908203125
0.9980866909027099609375
0.999302923679351806640625
0.99900996685028076171875
0.99738180637359619140625
0.99891185760498035772769753748434595763683319091796875
0.9986820220947265625
0.99902456998825084344417746251565404236316680908203125
0.99824804067611683233707253748434595763683319091796875
0.999484002590179443359375
0.99882501363754283563167746251565404236316680908203125
0.99903595447540283203125
0.99859225749969482421875
0.99964278936386119500667746251565404236316680908203125
0.99879086017608642578125
0.99827575683593761102230246251565404236316680908203125
0.99884402751922596319644753748434595763683319091796875
0.99901777505874644891292746251565404236316680908203125
0.999844074249267578125
0.99907976388931285516292746251565404236316680908203125
0.99914389848709117547542746251565404236316680908203125
0.99923622608184803350894753748434595763683319091796875
0.999978721141815185546875
0.99901902675628662109375
0.99930411577224720343082253748434595763683319091796875
0.99901163578033436163394753748434595763683319091796875
0.99840027093887317999332253748434595763683319091796875
0.99958664178848277703792746251565404236316680908203125
0.998328864574432373046875
0.99930375814437877313167746251565404236316680908203125
1
0.99968594312667835577457253748434595763683319091796875
0.99920541048049915655582253748434595763683319091796875
0.99905759096145640985042746251565404236316680908203125
0.999234735965728759765625
0.99998480081558238641292746251565404236316680908203125
0.99972951412200916632144753748434595763683319091796875
0.99802237749099720343082253748434595763683319091796875
