17.597247600555419921875
18.0882751941680908203125
17.924603939056396484375
17.951261043548583984375
17.8425567150115966796875
17.8122289180755615234375
18.0119922161102294921875
18.5458240509033203125
18.1815898418426513671875
17.2223594188690185546875
17.803095340728759765625
18.715182781219478869161321199499070644378662109375
17.6433026790618896484375
18.1117918491363525390625
18.0348808765411376953125
18.4225785732269287109375
17.865799427032470703125
18.2998869419097900390625
17.970345020294189453125
18.4093148708343505859375
18.056185722351070666036321199499070644378662109375
18.2594978809356689453125
18.15684986114501953125
17.6609127521514892578125
18.382118701934814453125
17.7060768604278564453125
17.8537914752960205078125
18.1557042598724365234375
18.035907268524169921875
17.829961299896240234375
18.2829034328460693359375
18.6096193790435791015625
17.8063256740570068359375
17.6005856990814208984375
18.114496707916259765625
18.1575601100921630859375
18.1933376789093017578125
17.660643100738525390625
17.5511882305145263671875
17.61246490478515625
18.565094470977783203125
18.150299549102783203125
18.3845806121826171875
18.6445143222808837890625
18.605152130126953125
17.89182281494140625
18.0550401210784912109375
18.0119228363037109375
17.85218048095703125
17.98346710205078125
17.2262079715728759765625
18.3845646381378173828125
18.39524364471435546875
17.8351705074310302734375
18.0592033863067626953125
17.9785153865814208984375
18.1012413501739501953125
18.0058135986328125
18.320812940597537732401178800500929355621337890625
18.0776450634002685546875
18.0465564727783203125
18.398066997528076171875
17.724451541900634765625
18.2102825641632080078125
17.959607601165771484375
18.26076793670654296875
18.18443965911865234375
17.8964469432830810546875
17.82602214813232421875
18.1291782855987548828125
18.0809004306793212890625
18.242692232131961560526178800500929355621337890625
18.120588779449462890625
18.3672487735748291015625
18.083892822265625
18.22157955169677734375
18.369546413421630859375
18.0005781650543212890625
18.2027862071990966796875
17.1534786224365234375
17.950946331024169921875
18.721775054931640625
17.7472498416900634765625
18.1003315448760986328125
18.437338352203369140625
18.5592291355133056640625
17.9253284931182861328125
18.121102809906009412088678800500929355621337890625
17.655441761016845703125
18.164076805114742541036321199499070644378662109375
17.9638309478759765625
18.29017353057861328125
18.114120960235595703125
18.0916578769683837890625
18.3158338069915771484375
18.3377068042755126953125
18.1629011631011962890625
18.2614896297454833984375
18.2334153652191162109375
17.950501918792724609375
17.558029651641845703125
17.44209003448486328125
18.3546411991119384765625
18.3663651943206787109375
17.6090071201324462890625
18.377885580062862658223821199499070644378662109375
17.750133514404296875
18.59930419921875
18.1160297393798828125
18.5464546680450439453125
17.977054119110107421875
17.490283489227294921875
18.019582748413089490213678800500929355621337890625
17.8888103961944580078125
18.5080511569976806640625
18.447160005569454455098821199499070644378662109375
17.7373454570770263671875
18.1277163028717041015625
18.185118436813350939473821199499070644378662109375
18.300279140472412109375
18.1141529083251953125
18.190547943115230822286321199499070644378662109375
18.7554433345794677734375
17.9108943939208984375
18.283422946929931640625
18.135272502899169921875
17.85899639129638671875
18.0256965160369873046875
18.4585578441619873046875
18.24403667449951171875
17.7056522369384765625
18.61116504669189453125
18.1275923252105712890625
17.64964962005615234375
17.8932735919952392578125
18.087328433990478515625
18.0915558338165283203125
18.310014247894287109375
18.539778470993038439473821199499070644378662109375
18.1524522304534912109375
18.044909954071044921875
17.8266086578369140625
18.5395138263702392578125
18.3816502094268798828125
18.017333507537838244161321199499070644378662109375
18.1905918121337890625
18.2927353382110595703125
17.7770061492919921875
17.8997020721435546875
18.2028961181640625
18.125261545181270861348821199499070644378662109375
