0.4657961057532282733717465816880576312541961669921875
0.444033990194646677185374983309884555637836456298828125
0.487148302720758596962014053133316338062286376953125
0.424349223947583065186250905753695406019687652587890625
0.5165576614946318922960699637769721448421478271484375
0.48925974642934111358272275538183748722076416015625
0.442533658804483531756801539813750423491001129150390625
0.434477859781619624168769178140792064368724822998046875
0.4379524808822636838812059068004600703716278076171875
0.4532780828320863708569277150672860443592071533203125
0.4741816864043777446369176686857827007770538330078125
0.466620214843287361983215077998465858399868011474609375
0.463840822186173451502355646880459971725940704345703125
0.428382791774401139317518527604988776147365570068359375
0.44856789867895796586338974520913325250148773193359375
0.421535173471657476085283633437938988208770751953125
0.434571651758017429845182277858839370310306549072265625
0.480793426722416317176111988374032080173492431640625
0.443565219763190798918373047854402102530002593994140625
0.4467960752504247512462143276934511959552764892578125
0.467888029801391713835556629419443197548389434814453125
0.4198912455800878351652727360487915575504302978515625
0.46059320469147024823541869409382343292236328125
0.4608476772710659030707347483257763087749481201171875
0.471643077571120894475598106510005891323089599609375
0.450189027941647001984648568395641632378101348876953125
0.449858501682706080071483256688225083053112030029296875
0.426622399133015972605420529362163506448268890380859375
0.468433604894358202042070615789270959794521331787109375
0.425025167660541380865169003300252370536327362060546875
0.449409463784152085619183480957872234284877777099609375
0.451585286584417378019651323484140448272228240966796875
0.439443182411314248181355424094363115727901458740234375
0.472398834779164555897068566991947591304779052734375
0.4289710487461702026479315463802777230739593505859375
0.465813600007254857704452888356172479689121246337890625
0.456904906697674306759182627502013929188251495361328125
0.463543620473516160274130015750415623188018798828125
0.43836946691136458031934353130054660141468048095703125
0.486218195964891020111053876462392508983612060546875
0.45066842152855268732736249148729257285594940185546875
0.475425800576166845967662766270223073661327362060546875
0.47466247813000272959271796935354359447956085205078125
0.4368358905385665291731811521458439528942108154296875
0.457989719766009051316046907231793738901615142822265625
0.454904559795630769603036469561629928648471832275390625
0.41703193752376688241412239221972413361072540283203125
0.48129952850043766776622078396030701696872711181640625
0.509185243537897402887892894796095788478851318359375
0.420666142563013545352390565312816761434078216552734375
0.453007851294457253299441390481661073863506317138671875
0.458062628964323648173007086370489560067653656005859375
0.448375499155753309832306285898084752261638641357421875
0.381094954965882692921042007583309896290302276611328125
0.466386005104133583021308595562004484236240386962890625
0.45121980766665170659024397536995820701122283935546875
0.46822853016691101668556029835599474608898162841796875
0.435167516306458834751680342378676868975162506103515625
0.463117970791295074928228814314934425055980682373046875
0.439533820382036644058842966842348687350749969482421875
0.440073596982688275414119516426580958068370819091796875
0.43459870662195265733629412352456711232662200927734375
0.448023489784266482072183634954853914678096771240234375
0.490692874046296745316197984720929525792598724365234375
0.487589943920737345361970938029116950929164886474609375
0.440331824671186089492636028808192349970340728759765625
0.440385960655774899574765868237591348588466644287109375
0.46101038380839953756407112450688146054744720458984375
0.48560288552555463947868474861024878919124603271484375
0.464468736009469973513574814205639995634555816650390625
0.487406857582736330325445806010975502431392669677734375
0.4577304230836076737176654205541126430034637451171875
0.424913496369314802603156522309291176497936248779296875
0.44476538484148997465439379084273241460323333740234375
0.43855199033428249322241754271090030670166015625
0.495908013207503717278967769743758253753185272216796875
0.442604668774143339415871878372854553163051605224609375
0.38301270085914207452759683292242698371410369873046875
0.47277624024003184199926863584551028907299041748046875
0.45501325356447008818605581836891360580921173095703125
0.442241771558055274393694844548008404672145843505859375
0.438947775854344024448749905786826275289058685302734375
0.4721524090514945815044711707741953432559967041015625
0.43410440330534150188412922943825833499431610107421875
0.40035543729624822884005652667838148772716522216796875
0.481639850351856246835069441658561117947101593017578125
0.46697206926148038252932792602223344147205352783203125
0.434350764871195671457115849989349953830242156982421875
0.4535659382223091729002817373839206993579864501953125
0.453449677218458579996962498626089654862880706787109375
0.47256153974730696898376436365651898086071014404296875
0.46785285686173871955162439917330630123615264892578125
0.402160567602733387548852306281332857906818389892578125
0.44202600715889384108692183872335590422153472900390625
0.445095362444801467827204533023177646100521087646484375
0.42706182760150268595822353745461441576480865478515625
0.41927340717842909167956122473697178065776824951171875
0.44246965053407139034646888831048272550106048583984375
0.5214568731142208424245154674281366169452667236328125
0.452252425775285404885295292842783965170383453369140625
0.41342388238215177498346974971354939043521881103515625
0.448344490455127642203336790771572850644588470458984375
0.49451391220198204212721293515642173588275909423828125
0.441883110007089296988880278149736113846302032470703125
0.449162293564665027201243674426223151385784149169921875
0.42963785726585246305120335819083265960216522216796875
0.411953206859025422570397267918451689183712005615234375
0.42743673993958564150119627811363898217678070068359375
0.40588827501390245533485767737147398293018341064453125
0.462797480951569084606234127932111732661724090576171875
0.4569345532720332503373583676875568926334381103515625
0.43928609008807939506624506975640542805194854736328125
0.44051169989814409344575096838525496423244476318359375
0.47684799150198509121167944613262079656124114990234375
0.455965801691164462905447862794972024857997894287109375
0.43578980568980851817428856520564295351505279541015625
0.4696458715677260808973869643523357808589935302734375
0.469774532159437097078580336528830230236053466796875
0.396681441836629067321240427190787158906459808349609375
0.469561496566085978532356648429413326084613800048828125
0.45218853443808437742035266637685708701610565185546875
0.41914767816133480238249831018038094043731689453125
0.434058147438980912458106331541785039007663726806640625
0.44666272808219265044726853375323116779327392578125
0.3944261087836500312420184855000115931034088134765625
0.432194271057927348334004591379198245704174041748046875
0.433659007762481341075044838362373411655426025390625
0.50415707553559985232283224831917323172092437744140625
0.46148417025754240317070298260659910738468170166015625
0.491621402982092003952629966079257428646087646484375
0.467515107049101763525555952583090402185916900634765625
0.4773897013546630763158873378415592014789581298828125
0.4404171607396969445602508130832575261592864990234375
0.456114447318389515384495780381257645785808563232421875
0.442961708750259808287097484935657121241092681884765625
0.459022843890524001597697179022361524403095245361328125
0.4573754425708893567303903182619251310825347900390625
0.45610010699031544589843178982846438884735107421875
0.43737396623625734992657498878543265163898468017578125
0.469834752481223472120319684108835645020008087158203125
0.426224576946217015294138263925560750067234039306640625
0.436941436594137588844688480094191618263721466064453125
0.42175307291914865270854306800174526870250701904296875
0.449184598696876324908089372911490499973297119140625
0.42640162955130744837362044563633389770984649658203125
0.458718695562564338086275483874487690627574920654296875
0.410092851548319925480967640396556816995143890380859375
0.45017220351099596076238640307565219700336456298828125
0.4232222004136245718797226800234057009220123291015625
0.4294162185781142948570732187363319098949432373046875
0.43834790092421072049688746119500137865543365478515625
