0.59679919766214173382223862063256092369556427001953125
0.55147185195639136789935719207278452813625335693359375
0.5832586411902391798633971120580099523067474365234375
0.59210866865073985554346336357411928474903106689453125
0.59735976081986830177328329227748326957225799560546875
0.5915648544883491677381925910594873130321502685546875
0.6112373098534129578496276735677383840084075927734375
0.61467009643961378895227198881912045180797576904296875
0.5634778411328722480533315319917164742946624755859375
0.55898534860069926111236782162450253963470458984375
0.63579388272828263328761977390968240797519683837890625
0.56037404514646327324811636572121642529964447021484375
0.58237589653268229117344390033395029604434967041015625
0.60190545097001069141384732574806548655033111572265625
0.553361190918847167807825826457701623439788818359375
0.599025145213296195123575671459548175334930419921875
0.5765228078644302200927995727397501468658447265625
0.57596628946388317427107494950178079307079315185546875
0.54727768586751002199974891482270322740077972412109375
0.6027142299294576677226586980395950376987457275390625
0.54754910293439185142716496557113714516162872314453125
0.60727338540488273732620427836081944406032562255859375
0.60431158115772054539860391741967760026454925537109375
0.5759298451592294032508334566955454647541046142578125
0.60524912873791902878650716957054100930690765380859375
0.60015518770059805842009836851502768695354461669921875
0.6190866832427897037405273295007646083831787109375
0.523458956790146867632529392722062766551971435546875
0.60586655691454127659056894117384217679500579833984375
0.5635849917461988045630505439476110041141510009765625
0.6199048594654315014196299671311862766742706298828125
0.63690033236259868676398809839156456291675567626953125
0.56557537824571724183186915979604236781597137451171875
0.496658378441344472431495660202926956117153167724609375
0.56142159156261783881092242154409177601337432861328125
0.60008590274534301389763868428417481482028961181640625
0.59246360853027868476061712499358691275119781494140625
0.5439493255020633188934198187780566513538360595703125
0.58442747334073230636164453244418837130069732666015625
0.63516078666679598452304844613536261022090911865234375
0.58103716656056481060232954405364580452442169189453125
0.5703161267903518183430833232705481350421905517578125
0.61718797318412710328772163848043419420719146728515625
0.536399401706685097224180935882031917572021484375
0.58376724654777800704863466307870112359523773193359375
0.5800050280904616162303000237443484365940093994140625
0.55991559850370553608200907547143287956714630126953125
0.51323835724984478989796343739726580679416656494140625
0.61507358860911665043857965429197065532207489013671875
0.57886684439293378812152468526619486510753631591796875
0.59687007224889254697330898125073872506618499755859375
0.6062445896423824809318148254533298313617706298828125
0.554427430915605867767226300202310085296630859375
0.476420393536801878298092560726217925548553466796875
0.60118870626706966131536091779707930982112884521484375
0.57254585954997760932627670626970939338207244873046875
0.60642523882659393752447840597596950829029083251953125
0.61848485326630731062635959460749290883541107177734375
0.59828162772001569624791272872244007885456085205078125
0.59826085243500004562378080663620494306087493896484375
0.59877651189535285869425251803477294743061065673828125
0.58399242427756503648339503342867828905582427978515625
0.57186347710295948321146397574921138584613800048828125
0.57121227071883329262647066570934839546680450439453125
0.6200242846456822665146546569303609430789947509765625
0.60537088692023821590026955163921229541301727294921875
0.5422721181324050565564220960368402302265167236328125
0.6040245055782513805553435304318554699420928955078125
0.60139559184727975349460393772460520267486572265625
0.61542006380818270461219299249933101236820220947265625
0.6364984303881466853880510825547389686107635498046875
0.59255053360665554951225431068451143801212310791015625
0.55546246181740477343424799983040429651737213134765625
0.61928462810564866014573226493666879832744598388671875
0.5942089724532062522399655790650285780429840087890625
0.6120311934244944129801524468348361551761627197265625
0.60399067392442551405196127234376035630702972412109375
0.45955794030001850813960118102841079235076904296875
0.57099944264554303163805570875410921871662139892578125
0.5463455982502700702951869971002452075481414794921875
0.60927039881621336547823375440202653408050537109375
0.53681674314999605623910383656038902699947357177734375
0.5818144981944126659101357290637679398059844970703125
0.60745285486765332461089883508975617587566375732421875
0.5033033080035960171727538181585259735584259033203125
0.64914548918532510857204442800139077007770538330078125
0.53573568060524034972758045114460401237010955810546875
0.602699928861344158548263294505886733531951904296875
0.5496545131462056144044936445425264537334442138671875
0.55612634224404799976326785326818935573101043701171875
0.628019776459054046569008278311230242252349853515625
0.5917765377999109066564642489538528025150299072265625
0.56402488319007570982677179927122779190540313720703125
0.538660617549881148846679934649728238582611083984375
0.57470551897139099395417360938154160976409912109375
0.59212420665822140808387530341860838234424591064453125
0.55675300011276984690766767016611993312835693359375
0.54120437011194477694431270720087923109531402587890625
0.442969176231759409478883071642485447227954864501953125
0.569521813153560430009747506119310855865478515625
0.58198073498418756432926102206693030893802642822265625
0.5941725581226207086871227147639729082584381103515625
0.60224772595192088697757526460918597877025604248046875
0.5682559070341148821370325094903819262981414794921875
0.5976490135627721134170542427455075085163116455078125
0.5445442379215681416582128804293461143970489501953125
0.51628710262940946673637654384947381913661956787109375
0.52140413892396109130089598693302832543849945068359375
0.567399154975451569526967432466335594654083251953125
0.496001844843105221816159655645606108009815216064453125
0.604334355396306310836962438770569860935211181640625
0.52917459765225516310493958371807821094989776611328125
0.58411005096314549955849315665545873343944549560546875
0.60853444988008664751077958499081432819366455078125
0.60378446615318226431412540478049777448177337646484375
0.57876323622513992095406365478993393480777740478515625
0.58044426292428930036493284205789677798748016357421875
0.54427433323149987387523651705123484134674072265625
0.528166294081864773346524088992737233638763427734375
0.57886453490879485883624511188827455043792724609375
0.5765266521040570690814774934551678597927093505859375
0.4853422262886433191653168250923044979572296142578125
0.587182390009325150259655856643803417682647705078125
0.5999691352889569007089676233590580523014068603515625
0.50735254719392042233039319398812949657440185546875
0.58478570994101375379869978132774122059345245361328125
0.5613362703141324683286939034587703645229339599609375
0.63466001687158080102335588890127837657928466796875
0.529379780645625519497343702823854982852935791015625
0.6003172653044150930412570232874713838100433349609375
0.6109543679259756832067296272725798189640045166015625
0.5607589161013908363173641191679053008556365966796875
0.593477935768925046744470819248817861080169677734375
0.5331597466339756952180550797493197023868560791015625
0.562050773133038195084054677863605320453643798828125
0.60057328759526351635855689892196096479892730712890625
0.5741052322478961134066821614396758377552032470703125
0.574283242922331016444559281808324158191680908203125
0.61322218266925776486431232115137390792369842529296875
0.56907749819955844028385172350681386888027191162109375
0.61380264185046773395271202389267273247241973876953125
0.596667610926979730123775880201719701290130615234375
0.462930889886257912468892072865855880081653594970703125
0.59484224045980649275833229694399051368236541748046875
0.5595536111369920906355446277302689850330352783203125
0.58987439712338718411643867511884309351444244384765625
0.56597635950817115624289499464794062077999114990234375
0.612916861011631564082335899001918733119964599609375
0.468306840876510310778257917263545095920562744140625
0.5713018969803560498377237308886833488941192626953125
0.60065331726071258255927887148573063313961029052734375
