0.99829542636871337890625
0.9989106655120849609375
0.998572826385498046875
0.99593532085418701171875
0.99158757925033558233707253748434595763683319091796875
0.998014032840728759765625
0.99579703807830799444644753748434595763683319091796875
0.99786102771759044305355246251565404236316680908203125
0.99586087465286243780582253748434595763683319091796875
0.99831247329711925164730246251565404236316680908203125
0.99674445390701282843082253748434595763683319091796875
0.99371939897537242547542746251565404236316680908203125
0.994541168212890625
0.997649729251861572265625
0.997821152210235595703125
0.9925944805145263671875
0.99888163805007923468082253748434595763683319091796875
0.995241701602935791015625
0.99683344364166259765625
0.994767487049102783203125
0.99053549766540516241519753748434595763683319091796875
0.9958040714263916015625
0.996255934238433837890625
0.996614515781402587890625
0.99673920869827281610042746251565404236316680908203125
0.9956989288330078125
0.993248462677001953125
0.996409714221954345703125
0.98905384540557861328125
0.99510633945465076788394753748434595763683319091796875
0.99765527248382557257144753748434595763683319091796875
0.99745178222656238897769753748434595763683319091796875
0.99454081058502197265625
0.99698173999786376953125
0.999273002147674560546875
0.99849021434783935546875
0.998895466327667236328125
0.990725040435791015625
0.99718034267425537109375
0.998911440372467041015625
0.99559646844863880499332253748434595763683319091796875
0.997520267963409423828125
0.99781459569931041375667746251565404236316680908203125
0.9960563182830810546875
0.99642533063888560906917746251565404236316680908203125
0.99864381551742564813167746251565404236316680908203125
0.99222260713577281610042746251565404236316680908203125
0.98634105920791637078792746251565404236316680908203125
0.99682152271270763055355246251565404236316680908203125
0.98980486392974842413394753748434595763683319091796875
0.99850106239318836554019753748434595763683319091796875
0.99333977699279796258480246251565404236316680908203125
0.99021351337432861328125
0.996469080448150634765625
0.99426996707916259765625
0.99719220399856556280582253748434595763683319091796875
0.99812906980514515264957253748434595763683319091796875
0.9956176280975341796875
0.99892431497573841436832253748434595763683319091796875
0.997796356678009033203125
0.9987390041351318359375
0.99765658378601085320980246251565404236316680908203125
0.99608528614044200555355246251565404236316680908203125
0.9867732524871826171875
0.992800176143646240234375
0.99888765811920154913394753748434595763683319091796875
0.99911677837371837274105246251565404236316680908203125
0.99852371215820323602230246251565404236316680908203125
0.990966320037841796875
0.99803692102432239874332253748434595763683319091796875
0.99016797542572021484375
0.98914706707000721319644753748434595763683319091796875
0.999593198299407958984375
0.9912288188934326171875
0.996445000171661376953125
0.99864852428436279296875
0.99375593662261962890625
0.99457752704620361328125
0.9949133396148681640625
0.9954121112823486328125
0.997497975826263427734375
0.996814072132110595703125
0.998631954193115234375
0.99950170516967762335269753748434595763683319091796875
0.998220384120941162109375
0.99795365333557117804019753748434595763683319091796875
0.998811304569244384765625
0.99496591091155994757144753748434595763683319091796875
0.998134434223175048828125
0.999393403530120849609375
0.990972101688385009765625
0.99147808551788318975894753748434595763683319091796875
0.991736590862274169921875
0.9919054508209228515625
0.99803495407104481085269753748434595763683319091796875
0.99593228101730357781917746251565404236316680908203125
0.99827337265014637335269753748434595763683319091796875
0.99691945314407359735042746251565404236316680908203125
0.992295920848846435546875
0.99634253978729236944644753748434595763683319091796875
0.99591046571731556280582253748434595763683319091796875
0.995040237903594970703125
0.99315112829208362921207253748434595763683319091796875
0.998354852199554443359375
0.99429929256439197882144753748434595763683319091796875
0.99723994731903076171875
0.99590897560119640008480246251565404236316680908203125
0.99760979413986194952457253748434595763683319091796875
0.99482965469360362664730246251565404236316680908203125
0.994254052639007568359375
0.99418550729751598016292746251565404236316680908203125
0.99609726667404163702457253748434595763683319091796875
0.99345737695693958624332253748434595763683319091796875
0.997472465038299560546875
0.99923545122146595343082253748434595763683319091796875
0.99662405252456676141292746251565404236316680908203125
0.98780918121337879522769753748434595763683319091796875
0.9979465007781982421875
0.994418621063232421875
0.99500316381454478875667746251565404236316680908203125
0.99869281053543079718082253748434595763683319091796875
0.99884009361267078741519753748434595763683319091796875
0.992726624011993408203125
0.99814873933792125360042746251565404236316680908203125
0.99947857856750477179019753748434595763683319091796875
0.99652123451232921258480246251565404236316680908203125
0.99305951595306396484375
0.998437225818634033203125
0.99884790182113636358707253748434595763683319091796875
0.99297893047332763671875
0.99718397855758678094417746251565404236316680908203125
0.99192810058593761102230246251565404236316680908203125
0.99728471040725719110042746251565404236316680908203125
0.992587566375732421875
0.99664288759231556280582253748434595763683319091796875
0.99009746313095081671207253748434595763683319091796875
0.998034656047821044921875
0.992182075977325439453125
0.994263172149658203125
0.99907124042510997430355246251565404236316680908203125
0.99351441860198963507144753748434595763683319091796875
0.99927246570587158203125
0.99648463726043701171875
0.99661028385162364617855246251565404236316680908203125
0.994159877300262451171875
0.99401885271072398797542746251565404236316680908203125
0.99863666296005237921207253748434595763683319091796875
0.99617934226989757195980246251565404236316680908203125
0.995746791362762451171875
0.996479213237762451171875
0.99914097785949718133480246251565404236316680908203125
