-3.664268
-3.5838485
-3.59004
-2.438482
-2.150504
-2.484467
-1.871865
-2.5544775
-4.191122
-1.3096886
-3.5059185
-2.3386788
-1.9125261
-2.4368253
-5.0406356
-3.38512
-3.8852675
-2.2325902
-3.8868227
-2.746757
-4.8417597
-3.2395062
-4.7099614
-4.777742
-2.8404546
-4.5918117
-1.8711249
-3.271186
-2.1208117
-2.7164977
-3.2213688
-1.31572
-2.9598358
-4.9090657
-2.6906297
-3.6697183
-4.0294037
-3.994247
-2.339351
-2.0738723
-3.2437713
-4.023308
-4.5649605
-3.2002645
-3.0237644
-4.3328924
-2.9898105
-4.68825
-4.010769
-2.896415
-1.8197412
-3.0470996
-3.106638
-7.3153653
-3.793954
-2.1185834
-2.166362
-1.3227589
-3.4986703
-1.8014588
-2.0823092
-3.4070535
-2.8957622
-2.3691874
-4.140344
-2.588013
-3.7386944
-4.3265285
-3.7629807
-1.668072
-1.5308889
-1.42379
-6.5345726
-1.3782698
-2.583187
-2.832128
-3.4891539
-5.8168287
-1.6762444
-3.6708798
-1.5661963
-3.412738
-2.597515
-2.6873355
-7.4069376
-1.4682758
-2.2782404
-1.6154197
-4.5875645
-4.2652135
-2.8868358
-4.523289
-2.7078514
-4.6050844
-3.5675426
-1.290638
-3.7529366
-7.1400723
-12.598192
-2.644679
-2.2140765
-3.8455117
-2.4964924
-2.210314
-2.3691926
-10.400204
-5.676067
-6.888552
-5.1068892
-7.044015
-2.9119332
-5.4950027
-5.758464
-4.3257422
-2.1673217
-3.486239
-2.1813688
-2.2467968
-1.8234608
-1.7736604
-2.5537176
-5.1846085
-3.0129542
-3.3919985
-7.1048775
-5.067121
-4.9881725
-4.5304384
-3.8016233
-2.3195596
-2.3497536
-3.7204885
-1.4977971
-3.1503856
-2.718583
-3.4770977
-3.064973
-4.00349
-2.8576214
-5.5109515
-1.8692768
-3.1807745
-6.2354913
-3.5861554
-9.950794
-4.3531065
-5.474511
-7.429356
-5.0740705
-3.498622
-3.8932595
