11.51845455169677734375
11.64316272735595703125
11.194766998291015625
11.9097576141357421875
11.5109119415283203125
11.40184307098388671875
11.6021270751953125
11.734806060791015625
11.531826019287109375
11.52500057220458984375
11.79402256011962890625
11.115619659423828125
11.55898284912109375
11.562267303466796875
11.6284389495849609375
11.72441577911376953125
11.59342098236083984375
11.5051555633544921875
11.62960529327392578125
11.780017852783203125
11.79150295257568359375
11.70694732666015625
11.514354705810546875
11.33601284027099609375
11.7992877960205078125
11.6744976043701171875
11.35550689697265625
11.55367279052734375
11.43253040313720703125
11.45274066925048828125
11.8018951416015625
11.97207355499267578125
11.3424930572509765625
11.5525970458984375
11.7375926971435546875
11.34712696075439453125
11.3683528900146484375
11.41092777252197265625
11.6890430450439453125
11.34467983245849609375
11.567569732666015625
11.39301395416259765625
11.239574432373046875
11.48879528045654296875
11.57099819183349609375
11.7306003570556640625
11.8540287017822265625
11.05547237396240234375
11.440471649169921875
11.54352855682373046875
11.8261318206787109375
11.7096385955810546875
11.38568973541259765625
11.576274871826171875
11.49815654754638671875
11.26513767242431640625
11.55717372894287109375
11.49128818511962890625
11.7299594879150390625
11.5562229156494140625
11.4080715179443359375
11.62337779998779296875
11.42882061004638671875
11.41018199920654296875
11.42730045318603515625
11.789154052734375
11.6400203704833984375
11.385951995849609375
11.48091602325439453125
11.65809345245361328125
11.4240055084228515625
11.19735431671142578125
11.4667339324951171875
11.36427783966064453125
11.68039035797119140625
11.02140522003173828125
11.78159618377685546875
11.7036075592041015625
11.59199047088623046875
11.60656070709228515625
11.63736057281494140625
11.8793163299560546875
11.671405792236328125
11.67576122283935546875
11.722263336181640625
11.28392791748046875
11.65831089019775390625
11.76099681854248046875
11.40787029266357421875
11.62443637847900390625
11.1883640289306640625
11.42198085784912109375
12.22583293914794921875
11.51909351348876953125
11.7640361785888671875
11.88308238983154296875
11.82537174224853515625
11.61773014068603515625
11.58837413787841796875
11.40678501129150390625
11.77230930328369140625
11.336910247802734375
11.585643768310546875
11.761138916015625
11.6612071990966796875
11.798206329345703125
11.71083831787109375
11.28476619720458984375
11.623287200927734375
11.4555225372314453125
11.5505828857421875
11.48915767669677734375
11.4476299285888671875
11.09717559814453125
11.87931728363037109375
11.6662445068359375
11.81393909454345703125
11.4786930084228515625
11.9717807769775390625
11.39371776580810546875
11.5770931243896484375
11.74856853485107421875
11.41730976104736328125
11.52552890777587890625
11.641056060791015625
11.7663211822509765625
11.906742095947265625
11.21945476531982421875
11.30455493927001953125
11.76729297637939453125
11.6566791534423828125
11.66565036773681640625
11.36872005462646484375
11.22378063201904296875
11.40030765533447265625
11.67869091033935546875
11.61302089691162109375
11.54692935943603515625
11.66079425811767578125
11.62172031402587890625
11.7418804168701171875
11.8570842742919921875
11.700225830078125
11.7269802093505859375
11.84910678863525390625
11.7136077880859375
11.7451534271240234375
11.51279926300048828125
11.52830982208251953125
11.7495326995849609375
11.3406734466552734375
