655.5761153697967529296875
643.4819099903106689453125
661.198343753814697265625
630.5875542163848876953125
642.126971721649169921875
672.144803524017333984375
656.9924509525299072265625
656.2797801494598388671875
656.749758243560791015625
665.689644336700439453125
633.5633685588836669921875
642.798772335052490234375
647.0330297946929931640625
649.90576934814453125
644.4107706546783447265625
660.059602260589599609375
652.191708087921142578125
653.086212635040283203125
664.2245647907257080078125
680.3722589015960693359375
655.6014652252197265625
666.5135695934295654296875
651.3338921070098876953125
669.5046117305755615234375
653.88477993011474609375
667.2779352664947509765625
661.5091717243194580078125
669.4256343841552734375
651.6860334873199462890625
656.802541255950927734375
660.64445590972900390625
666.992105960845947265625
652.940791606903076171875
654.9217226505279541015625
644.039288043975830078125
643.2115595340728759765625
671.9682509899139404296875
640.1272928714752197265625
648.2387187480926513671875
666.1119906902313232421875
651.4212572574615478515625
662.4649708271026611328125
652.50719738006591796875
667.3605287075042724609375
666.9663677215576171875
652.0073416233062744140625
672.2122819423675537109375
643.7532188892364501953125
649.2854216098785400390625
656.8782856464385986328125
647.0536882877349853515625
657.462301731109619140625
663.96748638153076171875
667.177150249481201171875
638.7864055633544921875
641.801781177520751953125
665.67039585113525390625
651.1128766536712646484375
644.1579897403717041015625
635.938648700714111328125
664.0259532928466796875
645.901571750640869140625
644.112153530120849609375
669.7427043914794921875
656.462234020233154296875
641.9787900447845458984375
658.441281795501708984375
668.0942847728729248046875
648.182316303253173828125
665.85978794097900390625
648.744878292083740234375
631.7257235050201416015625
676.9124190807342529296875
666.16493892669677734375
651.7756350040435791015625
661.168010234832763671875
664.2580611705780029296875
637.56615543365478515625
663.89899921417236328125
646.53591060638427734375
646.5474071502685546875
665.7331182956695556640625
657.514811992645263671875
665.0256979465484619140625
656.0619747638702392578125
670.318081378936767578125
646.30828952789306640625
658.5588886737823486328125
637.81664371490478515625
654.695274829864501953125
657.3002545833587646484375
662.801221370697021484375
653.645954608917236328125
658.8320505619049072265625
653.263417720794677734375
643.7859323024749755859375
660.575582027435302734375
662.965778827667236328125
659.870116710662841796875
644.0199224948883056640625
644.783359050750732421875
649.001894474029541015625
649.39623737335205078125
659.9161899089813232421875
659.9457662105560302734375
659.9510786533355712890625
655.2234346866607666015625
636.901905536651611328125
662.0175025463104248046875
664.385621547698974609375
664.3375413417816162109375
635.7280395030975341796875
632.68914127349853515625
646.066620349884033203125
647.4578840732574462890625
663.2866661548614501953125
679.076455593109130859375
654.0738394260406494140625
660.627588748931884765625
649.2211272716522216796875
677.0465772151947021484375
639.0236632823944091796875
657.3352177143096923828125
660.2941668033599853515625
649.35515499114990234375
659.421772480010986328125
652.933353900909423828125
647.06067371368408203125
661.75844478607177734375
649.770173549652099609375
657.8137619495391845703125
657.2347033023834228515625
638.5587694644927978515625
647.292841434478759765625
661.1237480640411376953125
642.7718384265899658203125
631.7311031818389892578125
632.328930377960205078125
658.9990446567535400390625
653.564585208892822265625
666.2005879878997802734375
659.782219409942626953125
638.2114734649658203125
653.782231807708740234375
643.00459766387939453125
669.3162994384765625
651.9809958934783935546875
655.5954816341400146484375
670.7251377105712890625
643.415125370025634765625
646.1611244678497314453125
