0.5326894001262771904947612711112014949321746826171875
0.465427173701968233121561979714897461235523223876953125
0.407244125159097636323934921165346167981624603271484375
0.5443554668823573639002688651089556515216827392578125
0.4402254496470539013586176224634982645511627197265625
0.4090859396826420635306931217201054096221923828125
0.5419287780205237492481273875455372035503387451171875
0.4618872681751273745476282783783972263336181640625
0.53963220579342696670011036985670216381549835205078125
0.473219166574471328257089908220223151147365570068359375
0.493707253138264523517619863923755474388599395751953125
0.362775708965718923781906823933240957558155059814453125
0.5420176076609146686990925445570610463619232177734375
0.5649535879415463757169391101342625916004180908203125
0.58217838545584432718982270671403966844081878662109375
0.5067326712113013886806811569840647280216217041015625
0.587561229373475324422315679839812219142913818359375
0.479432822675704251036421510434593074023723602294921875
0.456773554518722091355442671556374989449977874755859375
0.541950399664456572423887337208725512027740478515625
0.432039029442037314510116630117408931255340576171875
0.486894263089418577461486847823834978044033050537109375
0.479400577717529030596921302276314236223697662353515625
0.53210168220541209649354641442187130451202392578125
0.6065586422387532206101923293317668139934539794921875
0.4945995256456121591526198244537226855754852294921875
0.411100692815371371313659665247541852295398712158203125
0.368786414113817462290256798951304517686367034912109375
0.4795262289814254952347027938230894505977630615234375
0.3415115118970184493463193575735203921794891357421875
0.56760989074799450548880486167035996913909912109375
0.61228910851653406410832758410833775997161865234375
0.491717847281933628789118984059314243495464324951171875
0.441472043569820116193369585744221694767475128173828125
0.36919886447650862582037234460585750639438629150390625
0.5667201675792288284583264612592756748199462890625
0.454268631946647738484301726202829740941524505615234375
0.55626904894207174212539257496246136724948883056640625
0.54189275950442239437876423835405148565769195556640625
0.50370763631789705616625951734022237360477447509765625
0.55433465618779409478378283893107436597347259521484375
0.430040761515287750516023379532271064817905426025390625
0.514895672952373928410452208481729030609130859375
0.389381546137906375815163073639268986880779266357421875
0.4193725309148508273437983007170259952545166015625
0.51417744844345902865967445904971100389957427978515625
0.5749080234507537578991787086124531924724578857421875
0.53226650155507793105158498292439617216587066650390625
0.5489906366049679409258033047080971300601959228515625
0.497641892825809784017820902590756304562091827392578125
0.568465181352050930030372910550795495510101318359375
0.5974560325074331768036017820122651755809783935546875
0.50376780064160475713919140616781078279018402099609375
0.5113492224635856064907102336292155086994171142578125
0.5624106236870225483670537869329564273357391357421875
0.60231178316419231588696447943220846354961395263671875
0.5464134831924365443001079256646335124969482421875
0.58891848593191920002709593973122537136077880859375
0.54156144231302894009871806701994501054286956787109375
0.34962609987746551265530570162809453904628753662109375
0.50680550720496231331679837239789776504039764404296875
0.43022411291851003767305883229710161685943603515625
0.48082506506202438156805101243662647902965545654296875
0.58167078433900110123744298107340000569820404052734375
0.533954238250392787534792660153470933437347412109375
0.5138622472812190977720092632807791233062744140625
0.5534730450999203466011522323242388665676116943359375
0.54626395422120055389569870385457761585712432861328125
0.45502953134548385083490984470699913799762725830078125
0.572488546225213834617306929430924355983734130859375
0.55908835818075719448216887030866928398609161376953125
0.472031060253960743633427910026512108743190765380859375
0.54991819815118692105215814081020653247833251953125
0.5912627006667856566224372727447189390659332275390625
0.52919004139078962278830431387177668511867523193359375
0.443969981929389134744923239850322715938091278076171875
0.57669446482638819784227734999149106442928314208984375
0.459008694846679221601704057320603169500827789306640625
0.50697532202499850928489877333049662411212921142578125
0.38056608632197519437312394074979238212108612060546875
0.49451149334842525728817008712212555110454559326171875
0.4200141400736849828234653614345006644725799560546875
0.5855902764578875263623558566905558109283447265625
0.504429249198820262023446048260666429996490478515625
0.422679960363547213564316962219891138374805450439453125
0.43767725662809453535118109357426874339580535888671875
0.499900714758652109370729021975421346724033355712890625
0.449341230331218144389282542761065997183322906494140625
0.50518653765901400110038821367197670042514801025390625
0.4660407446115255591934101175866089761257171630859375
0.518697903186506437123171053826808929443359375
0.62860775700592019799017862169421277940273284912109375
0.46660156567824573325964365722029469907283782958984375
0.437886655408775415931899033239460550248622894287109375
0.4507299622735698729769637793651781976222991943359375
0.53560577250114194125529820666997693479061126708984375
0.45841528604761172527304324830765835940837860107421875
0.474479682428346816180919631733559072017669677734375
0.000000000000000000054357375351974901248483510793804023372946969112654513021920532622743849060498178005218505859375
0.53527298615385365820884544518776237964630126953125
0.4742780522152265643143209672416560351848602294921875
0.4617811049010172030904186613042838871479034423828125
0.5585800228266768474583159331814385950565338134765625
0.42725972269855916341185775308986194431781768798828125
0.50194891789592521735841046393034048378467559814453125
0.41333179121254171040078517762594856321811676025390625
0.44604820294765168409156785855884663760662078857421875
0.42661002057759833672179183849948458373546600341796875
0.50848622750893224253587732164305634796619415283203125
0.48668072133356099495671287513687275350093841552734375
0.41349797820431621886427819845266640186309814453125
0.3817411861345458845562461647205054759979248046875
0.47062766326533489458228132207295857369899749755859375
0.512007707685582236223353902460075914859771728515625
0.498824068916126905914865119484602473676204681396484375
0.56477008646315074447130655244109220802783966064453125
0.45468862155811873293487224145792424678802490234375
0.45161792176236825735458069175365380942821502685546875
0.3628092840443051247945049908594228327274322509765625
0.387176597946046252562979361755424179136753082275390625
0.412252664511855770879122928818105719983577728271484375
0.41165998718765928199303516521467827260494232177734375
0.52324933908756798839334578588022850453853607177734375
0.60887819124969000394997920011519454419612884521484375
0.448866453958426003811865712123108096420764923095703125
0.466105006303760338592923062606132589280605316162109375
0.442026978893676425474978941565495915710926055908203125
0.54361687275634806848501057174871675670146942138671875
0.48897618694225253310747802970581687986850738525390625
0.565247021427043083718899652012623846530914306640625
0.54608081153219634185091990730143152177333831787109375
0.4264085940823643117170149707817472517490386962890625
0.5077165350505914442891253202105872333049774169921875
0.56373596514294710413395250725443474948406219482421875
0.422793958714588857805694033231702633202075958251953125
0.5019124983856217969702129266806878149509429931640625
0.5903224722802009605260309399454854428768157958984375
0.42227655392967877734378134846338070929050445556640625
0.5591972645055551804915694447117857635021209716796875
0.52373306462368163227694140005041845142841339111328125
0.43054980109224050277560991162317804992198944091796875
0.59165700111768870783635065890848636627197265625
0.4097603646538112709407641887082718312740325927734375
0.56046261856024692793454278216813690960407257080078125
0.59732093412342235350109831415466032922267913818359375
0.556131687251412376582493379828520119190216064453125
0.475711585472011699859962163827731274068355560302734375
0.54899890332935485925958118968992494046688079833984375
0.47875709340632344179766732850112020969390869140625
0.440082296043784737538118179145385511219501495361328125
0.53310625795189292563946992231649346649646759033203125
