645.319496631622314453125
658.1932621002197265625
646.5609433650970458984375
663.5958545207977294921875
650.2457854747772216796875
650.3043353557586669921875
646.527546405792236328125
653.519383907318115234375
665.0779182910919189453125
651.55606746673583984375
635.7211768627166748046875
656.8977138996124267578125
641.780614376068115234375
650.8362700939178466796875
664.741037845611572265625
654.94963836669921875
656.332421779632568359375
643.0374596118927001953125
649.8128516674041748046875
651.88453388214111328125
642.4030678272247314453125
664.632291316986083984375
639.25559711456298828125
647.61754322052001953125
669.66360759735107421875
642.563512325286865234375
667.37817859649658203125
652.4548385143280029296875
644.50897502899169921875
655.0408761501312255859375
667.005481243133544921875
636.9649975299835205078125
648.005471706390380859375
663.7363071441650390625
658.349385738372802734375
664.3757359981536865234375
638.9031927585601806640625
645.440952301025390625
635.694091320037841796875
637.8243763446807861328125
670.483499050140380859375
657.5327804088592529296875
662.4405231475830078125
666.7582499980926513671875
672.565632343292236328125
654.53701496124267578125
667.5133612155914306640625
658.568992137908935546875
650.12029552459716796875
665.4868848323822021484375
619.8850858211517333984375
665.9222862720489501953125
656.6865241527557373046875
653.2942750453948974609375
641.727163791656494140625
656.2007215023040771484375
664.420754909515380859375
663.622554779052734375
633.47641086578369140625
651.7910869121551513671875
662.2636859416961669921875
652.9587342739105224609375
640.697068691253662109375
676.2322235107421875
655.346332550048828125
649.3772983551025390625
656.32147502899169921875
665.5169212818145751953125
670.4545929431915283203125
662.610046863555908203125
627.86732578277587890625
643.971523284912109375
662.28935527801513671875
634.22209930419921875
657.9189713001251220703125
659.935607433319091796875
663.0165126323699951171875
669.6774013042449951171875
659.5449020862579345703125
658.8993895053863525390625
657.2354481220245361328125
667.3285105228424072265625
656.1044723987579345703125
624.091132640838623046875
665.6652691364288330078125
661.3246591091156005859375
646.89008808135986328125
658.98437404632568359375
641.8545873165130615234375
648.763862133026123046875
676.314327239990234375
660.651879787445068359375
639.168811798095703125
661.5447242259979248046875
660.1572015285491943359375
659.968730926513671875
654.836802005767822265625
654.18358898162841796875
651.501510143280029296875
655.4991023540496826171875
662.8372709751129150390625
654.9427354335784912109375
669.9270191192626953125
661.6292359828948974609375
640.9821302890777587890625
653.4232196807861328125
658.435293674468994140625
642.3088624477386474609375
664.5685088634490966796875
659.6029169559478759765625
638.7724344730377197265625
665.8452842235565185546875
670.8592593669891357421875
644.0896594524383544921875
665.2934763431549072265625
658.796358585357666015625
654.29821109771728515625
664.2407360076904296875
657.2643139362335205078125
633.7444593906402587890625
661.3620967864990234375
664.6958715915679931640625
661.2367813587188720703125
651.839904308319091796875
655.4670641422271728515625
655.885488033294677734375
655.065956592559814453125
644.8548119068145751953125
654.7236564159393310546875
639.3573596477508544921875
645.0802066326141357421875
665.31918048858642578125
669.1536176204681396484375
656.41014575958251953125
656.493400096893310546875
658.8706645965576171875
631.4087774753570556640625
667.788289546966552734375
656.736078739166259765625
669.88808155059814453125
652.626072406768798828125
651.9697120189666748046875
641.409999847412109375
666.7443931102752685546875
655.754688739776611328125
662.7692048549652099609375
662.0300121307373046875
662.564514636993408203125
659.8314855098724365234375
656.0610065460205078125
664.2354793548583984375
