0.365194828732983645114273940635030157864093780517578125
0.371493032298718384165425732135190628468990325927734375
0.338075784466431439323486074499669484794139862060546875
0.38412007621277732827280715355300344526767730712890625
0.32282876516833802771344608117942698299884796142578125
0.349973234087332885078325261929421685636043548583984375
0.3815431690510624473944290002691559493541717529296875
0.38045802123366578850749419871135614812374114990234375
0.373172212269554381958158728593843989074230194091796875
0.37046334089216059748395082351635210216045379638671875
0.35341625925569208899190698502934537827968597412109375
0.3525213902686676892272998884436674416065216064453125
0.362212685883403884279374551624641753733158111572265625
0.3741462846301752964706111015402711927890777587890625
0.361573392925873371428480140821193344891071319580078125
0.39600570804583956618927231829729862511157989501953125
0.3744291914602497772790457020164467394351959228515625
0.347811142374786552711185549924266524612903594970703125
0.374174466320087162340968234275351278483867645263671875
0.38398401360345857380451661811093799769878387451171875
0.35823041374622099919378115373547188937664031982421875
0.38940772162878634077287642867304384708404541015625
0.36396021408210132985772133906721137464046478271484375
0.3538551811096422028413144289515912532806396484375
0.365359454411458894895758930942974984645843505859375
0.3737094289264744073619795017293654382228851318359375
0.362821175139282636745718946258421055972576141357421875
0.395464756491950897299147982266731560230255126953125
0.3627154528477258832452889691921882331371307373046875
0.38472358901797754082707569978083483874797821044921875
0.360988762853346301096024717480759136378765106201171875
0.371034104555666377489586693627643398940563201904296875
0.37070134798559239985848989817895926535129547119140625
0.3569355888623755301836126818670891225337982177734375
0.381569040162927308745821619595517404377460479736328125
0.363738953068097004006631323136389255523681640625
0.36008819747408271627620024446514435112476348876953125
0.35964247737869625698436948368907906115055084228515625
0.3798027145062772280681429037940688431262969970703125
0.3402292666465831505462347195134498178958892822265625
0.3778941321056101809716665229643695056438446044921875
0.3345197902362875286286225673393346369266510009765625
0.350946289802897271048465199783095158636569976806640625
0.378382658153178841331509829615242779254913330078125
0.35642148038161824974423552703228779137134552001953125
0.36597325385389056773277616230188868939876556396484375
0.39765204431976541865623175908694975078105926513671875
0.349566151316514694968873300240375101566314697265625
0.32226141648784756288392827627831138670444488525390625
0.387852799129215330964370878064073622226715087890625
0.366493015808946498435005878491210751235485076904296875
0.3624457329152799278659813353442586958408355712890625
0.379762203965635702918035576658439822494983673095703125
0.422376572821110851663206631201319396495819091796875
0.366973681521928163373758025045390240848064422607421875
0.35935179981633547097175096496357582509517669677734375
0.36248231187467949698799429825157858431339263916015625
0.381148991247147461702837745178840123116970062255859375
0.3538446477212555674185523457708768546581268310546875
0.37800135428575598606215635300031863152980804443359375
0.3735229129576091988695907275541685521602630615234375
0.37633129574740131761956263289903290569782257080078125
0.372440925317649329517877276884973980486392974853515625
0.335732572277860297216278695486835204064846038818359375
0.340333371943433993234151557771838270127773284912109375
0.374941335926160135283424779117922298610210418701171875
0.366886435432719537619306038322974927723407745361328125
0.349854750898727029362333951212349347770214080810546875
0.34876087554121404377127646512235514819622039794921875
0.365874782958881095140668548992834985256195068359375
0.337206442488317714722967366469674743711948394775390625
0.363552643563206545618271547937183640897274017333984375
0.396026210128696154466609868904924951493740081787109375
0.36910875980371249394096366813755594193935394287109375
0.382851416732488292193892220893758349120616912841796875
0.336133899056375085034886751600424759089946746826171875
0.378793883143811849212312381496303714811801910400390625
0.41157472635407288397146885472466237843036651611328125
0.3606230510862677984817992182797752320766448974609375
0.359525090568355298881186854487168602645397186279296875
0.3791412174796271461474361785803921520709991455078125
0.38200684856076272399860727091436274349689483642578125
0.355774734470495512805854332327726297080516815185546875
0.38158443027434929550878450754680670797824859619140625
0.40158202717742697007707874945481307804584503173828125
0.341004705675245711748999610790633596479892730712890625
0.355527767309076037083315213749301619827747344970703125
0.373369822008983665018178044192609377205371856689453125
0.365339405886655754773784110511769540607929229736328125
0.360644421009533810984493129581096582114696502685546875
0.36140004781670942435312099405564367771148681640625
0.349588640488252833105065064955851994454860687255859375
0.39787314745353519196413571989978663623332977294921875
0.367780328516309873432277299798442982137203216552734375
0.372723565547122159813397956895641982555389404296875
0.38493308375704116119919717675657011568546295166015625
0.405640384924589536552730351104401051998138427734375
0.384633622016292198164677529348409734666347503662109375
0.274353133795015080576007449053577147424221038818359375
0.3638776528235727614202232871321029961109161376953125
0.398378097480881099290428437598166055977344512939453125
0.3626464470024195474451289555872790515422821044921875
0.346006772075151680656546204772894270718097686767578125
0.37030819375586043751269471613341011106967926025390625
0.361926650047454501191168674267828464508056640625
0.383607017610345268909810556579031981527805328369140625
0.40188542994741160985228134450153447687625885009765625
0.37682367555788209845246683471486903727054595947265625
0.397713575671844010717137507526786066591739654541015625
0.35166368880859322221255069962353445589542388916015625
0.3615131710050938362854822116787545382976531982421875
0.373703013649305193499827737468876875936985015869140625
0.36842202427216486082528490442200563848018646240234375
0.345903952918451551568068680353462696075439453125
0.37291391105962901075798754391144029796123504638671875
0.38250231155602920640745878699817694723606109619140625
0.35264533780296869469594867041450925171375274658203125
0.350597312342031119936081040577846579253673553466796875
0.41791327988891657785330835395143367350101470947265625
0.3622462440672851169409796057152561843395233154296875
0.372381712823676436219244578751386143267154693603515625
0.393281726105722484465587740487535484135150909423828125
0.38323421643396893276900527780526317656040191650390625
0.36727896421476524668747742907726205885410308837890625
0.413384011861998745818169709309586323797702789306640625
0.379640520740752440698173586497432552278041839599609375
0.37955552532460024028893030845210887491703033447265625
0.3251201062284765352927706771879456937313079833984375
0.3704426584622950713310274295508861541748046875
0.340759450173793554395018645664094947278499603271484375
0.352810906962297554656515785609371960163116455078125
0.34314948695105851328435164759866893291473388671875
0.370093095884390377303674313225201331079006195068359375
0.373629443582531306500271739423624239861965179443359375
0.3689318007113417952069767125067301094532012939453125
0.35980682511366446352241155182127840816974639892578125
0.365011905656292767741177840434829704463481903076171875
0.37611314507130588769001633409061469137668609619140625
0.375661274363900787864878338950802572071552276611328125
0.35767432431251566793406482247519306838512420654296875
0.382879272732562336845063555301749147474765777587890625
0.381505380770658153455343608584371395409107208251953125
0.380479511551133409152924969021114520728588104248046875
0.35767081634868624906431477938895113766193389892578125
0.382876438295590204585749916077475063502788543701171875
0.37070330377481364170222377651953138411045074462890625
0.390479482540937949952564167688251473009586334228515625
0.374531365963303441990461806199164129793643951416015625
0.383031796386273715171455478412099182605743408203125
0.380619649067482246351801222772337496280670166015625
0.381350771512771580251666136973653919994831085205078125
