0.066646829206052637939450278281583450734615325927734375
0.06606550019052888356174690898114931769669055938720703125
0.061246824597110095800278628530577407218515872955322265625
0.07198953795515326825604773830491467379033565521240234375
0.0701311108072968369953059664112515747547149658203125
0.0667634744475535113483743998585850931704044342041015625
0.064215616958678278791694538085721433162689208984375
0.05132228556829092347424392528409953229129314422607421875
0.052956357144065470399230122211520210839807987213134765625
0.057549518830952772763254188248538412153720855712890625
0.07113958001947350007210246758404537104070186614990234375
0.0736711460048501132202858343589468859136104583740234375
0.073259867506989928553906565866782329976558685302734375
0.061811943500628761805071320623028441332280635833740234375
0.05432962519936961054423107952970894984900951385498046875
0.06769618015323775050973154066014103591442108154296875
0.06718439944757877146930269418589887209236621856689453125
0.06235866360149001919044309261153102852404117584228515625
0.07044916698445143066198426140545052476227283477783203125
0.07096769167727760840858053370538982562720775604248046875
0.0686972780301371432898349667084403336048126220703125
0.0661882888246727862924245755493757314980030059814453125
0.0645320638191816675632850319743738509714603424072265625
0.07267616818237850051520609895305824466049671173095703125
0.07017385506889249613404757610624074004590511322021484375
0.0708075613274181392409190038961241953074932098388671875
0.06179574390233612268819030077793286181986331939697265625
0.0630594305211455985471502572181634604930877685546875
0.0720156644007861057588115727412514388561248779296875
0.063526725608751000162754962730105035006999969482421875
0.06350576161356878690522620445335633121430873870849609375
0.06720847750857912583644093729162705130875110626220703125
0.0576099626644032414279905651710578240454196929931640625
0.0743755856206461396507023664526059292256832122802734375
0.0736489021767205709334547236721846275031566619873046875
0.0731565568961430601202522439052700065076351165771484375
0.06918917027688420429143434375873766839504241943359375
0.06384842680369766376724527390251751057803630828857421875
0.07346350432517796680276234155826386995613574981689453125
0.0716086705739441276019618953796452842652797698974609375
0.0655455845923891555759865923391771502792835235595703125
0.038196458565385248140611196276950067840516567230224609375
0.06238929911735623112800652734222239814698696136474609375
0.06552964463567999275905862077706842683255672454833984375
0.0604955948567732215703784959259792231023311614990234375
0.0661734172579087343013526378854294307529926300048828125
0.07351099678862584030358817699379869736731052398681640625
0.07061052579544439822267776207809220068156719207763671875
0.0625778068834831058264711600713781081140041351318359375
0.059308823740900677712328814550346578471362590789794921875
0.07153333585209854794673134392724023200571537017822265625
0.07165766325458285124216928352325339801609516143798828125
0.0661290633567885866028746022493578493595123291015625
0.0710810035531095063543460810251417569816112518310546875
0.06882187640451704890853790175242465920746326446533203125
0.053284953127316049548145571179702528752386569976806640625
0.06659036839142253028089868394090444780886173248291015625
0.06870913581351507926076038756946218200027942657470703125
0.0710484654613897925745646944051259197294712066650390625
0.0749946428172902634923246978360111825168132781982421875
0.05743672292354536079717064467331510968506336212158203125
0.07438922479323022141084464919913443736732006072998046875
0.071447027116684436176541339591494761407375335693359375
0.07311144367916388997485910294926725327968597412109375
0.07224295957533789780402599944864050485193729400634765625
0.07252295071171370455243021524438518099486827850341796875
0.0654406056191545737465986576353316195309162139892578125
0.061122435636142190273911722897537401877343654632568359375
0.0646373280808470174196855850823340006172657012939453125
0.06965888013088079866452773103446816094219684600830078125
0.07064591355096398739288332535579684190452098846435546875
0.07304376183779313913557729165404452942311763763427734375
0.07148606520228939498196041313349269330501556396484375
0.07117128999151585422300314576204982586205005645751953125
0.0699827415788669693341716993018053472042083740234375
0.07022808195683434562273106394059141166508197784423828125
0.07148932131524433908342786025968962348997592926025390625
0.07336516627190566020022544080347870476543903350830078125
0.06952570402870106303083730381331406533718109130859375
0.06815561644505031824170515619698562659323215484619140625
0.06520285970466134506384747737683937884867191314697265625
0.063567852575734662412543229947914369404315948486328125
0.070794133017122451434488539234735071659088134765625
0.07225266662015362995052925043637515045702457427978515625
0.06492348282983702312254337130070780403912067413330078125
0.0444317331934962478356965220882557332515716552734375
0.064184137277513098052139639548840932548046112060546875
0.0705472659069730501091299856852856464684009552001953125
0.0682725573218531389674268439193838275969028472900390625
0.06635861907736149978287443218505359254777431488037109375
0.07254065898139906709563007325414218939840793609619140625
0.0699168909915499348084466646469081752002239227294921875
0.07179242681359622457737401646227226592600345611572265625
0.05974459811813892518017610200331546366214752197265625
0.0640297687714112273571487321532913483679294586181640625
0.062267406664814152483788944891784922219812870025634765625
0.07093882470566996445437979446069221012294292449951171875
0.064352675104282497375862703847815282642841339111328125
0.0728064525250999572403287629640544764697551727294921875
0.07029647549327526501183882601253571920096874237060546875
0.06691469841268483931262522901306510902941226959228515625
0.0707696762038112769932496348701533861458301544189453125
0.06291683193174434085559454388203448615968227386474609375
0.068483635216125993139257843722589313983917236328125
0.062280507073029713061007583974060253240168094635009765625
0.071201219563789830413469417180749587714672088623046875
0.06769508186591632892259440268389880657196044921875
0.0702145128086462955163682408965541981160640716552734375
0.06941277764825702634166049165287404321134090423583984375
0.058001277009566941378349014257764793001115322113037109375
0.0714819716113192782369623046179185621440410614013671875
0.0638968928906666622236087960118311457335948944091796875
0.07117590478570932910340474109034403227269649505615234375
0.0666045077963240694796098750884993933141231536865234375
0.05096363592797496788744382456570747308433055877685546875
0.070899214535702304029740616897470317780971527099609375
0.0695324302529571613984415989762055687606334686279296875
0.06953192070649631684187141900110873393714427947998046875
0.0689613122603028594337359891142114065587520599365234375
0.06477230429016063439906503163001616485416889190673828125
0.0582160490450582823740433013881556689739227294921875
0.06549467403318530445144318719030707143247127532958984375
0.06288673394246745151914268490145332179963588714599609375
0.06514049250715574224113169066185946576297283172607421875
0.0684273404637603943623247459981939755380153656005859375
0.06472628904834716589977716694193077273666858673095703125
0.057758813850837052716880037905866629444062709808349609375
0.057845041022683230114154184775543399155139923095703125
0.06274638924424323638273648384711123071610927581787109375
0.056383899254881776619274802442305372096598148345947265625
0.0692852155679330172777241614312515594065189361572265625
0.0490486139842350732376274891066714189946651458740234375
0.07128642719683246642414786720109987072646617889404296875
0.071778995647245047440065945920650847256183624267578125
0.0659526852566150179058013236499391496181488037109375
0.057389205707596029071293486367721925489604473114013671875
0.0551445080297820189318969141822890378534793853759765625
0.0671953634699586077605459877304383553564548492431640625
0.054192285682034442573229426898251404054462909698486328125
0.069840273005707442788292382829240523278713226318359375
0.06946016924729482566736038506860495544970035552978515625
0.0696715586447550216941948519888683222234249114990234375
0.07025567041742801499548676247286493889987468719482421875
0.0529260680896272983630979069857858121395111083984375
0.070620889549786125538588521521887741982936859130859375
0.06545136953732368090275173244663164950907230377197265625
0.0733832252753880975859601676347665488719940185546875
0.0727635294151729727918365142613765783607959747314453125
0.063410845013600114494778381413198076188564300537109375
0.06703200303933833092973060274744057096540927886962890625
0.0695708285375980228781855885245022363960742950439453125
