0.0003795187200397484410252513242767236079089343547821044921875
0.014700383945878379987615147683754912577569484710693359375
0.09480568982191529825431786093759001232683658599853515625
0.0029872748799462142503535755366783632780425250530242919921875
0.01476895901936130239828770527310553006827831268310546875
0.038351526397632784703972674833494238555431365966796875
0.034942785329608712363569367198579129762947559356689453125
0.046652615761776462799392817260013544000685214996337890625
0.028986422453924333419994496807703399099409580230712890625
0.11813186607897489810437008372900891117751598358154296875
0.069919374732841210740019732838845811784267425537109375
0.00310359004076316523368372912727863877080380916595458984375
0.050522154919446733700727492077930946834385395050048828125
0.006683202692340103716339694273074201191775500774383544921875
0.0009321210846757522518191141358556706109084188938140869140625
0.059786022829198516570503585398910217918455600738525390625
0.004391034573627404513640470895552425645291805267333984375
0.037870327958438969317978006756675313226878643035888671875
0.0657820915016022189636402117685065604746341705322265625
0.050878426788414983505948185893430490978062152862548828125
0.056756254084229525169735808276527677662670612335205078125
0.05545548675985752240524817580080707557499408721923828125
0.0328747083592102473659224415314383804798126220703125
0.001187059468733632494608087881715619005262851715087890625
0.000100381426040412489379509419773484069082769565284252166748046875
0.00961927190163002106271239455281829577870666980743408203125
0.059217067534808216777708622657883097417652606964111328125
0.117112169129699961178658895732951350510120391845703125
0.04279766722841403525645631589213735423982143402099609375
0.056374270906580203899238767917267978191375732421875
0.058248725104452440948232805340012419037520885467529296875
0.00612033701070877934891090177416117512620985507965087890625
0.0023200598692082259784374986821831043926067650318145751953125
0.0745750205144003197599289478603168390691280364990234375
0.02011928739174211056006669195994618348777294158935546875
0.0399508211494975784550121034044423140585422515869140625
0.031390250479273483497077990023171878419816493988037109375
0.0091048506374044844979831481168730533681809902191162109375
0.05933083197793791174756705686377245001494884490966796875
0.1284904329197326389166988747092545963823795318603515625
0.02538751443497211379707323430920951068401336669921875
0.01310089258982809722053897161231361678801476955413818359375
0.06884417504132034348884872088092379271984100341796875
0.03452108546550740342251373249382595531642436981201171875
0.011757503590894453904258654119985294528305530548095703125
0.0267882485926110892882068270637319074012339115142822265625
0.0566862926645419207272169614952872507274150848388671875
0.018930370087668076106712788941877079196274280548095703125
0.041792094276888340498299356795541825704276561737060546875
0.0240418717118254764153473246324210776947438716888427734375
0.1220641652981064584349013557584839873015880584716796875
0.0311276145258608492871754691577734774909913539886474609375
0.01548369288050842167148157813016950967721641063690185546875
0.00139811014577638612239873783238408577744849026203155517578125
0.0042475699394695538846367099949929979629814624786376953125
0.0026812530564222455432832337152149193570949137210845947265625
0.06966963890438866713328280866335262544453144073486328125
0.03621548322372990236228673666118993423879146575927734375
0.00136697908285445131858215628284369813627563416957855224609375
0.025554751203572811935060826726839877665042877197265625
0.007403871138455734961236753832736212643794715404510498046875
0.061670436540126487290347512271182495169341564178466796875
0.01061822746138537353066677582091870135627686977386474609375
0.0853403130339717985730629834506544284522533416748046875
0.0250814874615033385485407535497870412655174732208251953125
0.052758965919056037552348215058373170904815196990966796875
0.000012139135850952495094558745980517500129280961118638515472412109375
0.1382551870727226905888329611116205342113971710205078125
0.061670498784162676442210937466370523907244205474853515625
0.04392219448837135498120431975621613673865795135498046875
0.008496158705569363533971483093409915454685688018798828125
0.002579383959315360852482257314477465115487575531005859375
0.0252259502781981108376907485535411979071795940399169921875
0.0038559970198725613925450073082856761175207793712615966796875
0.03349679729546629902703358538929023779928684234619140625
0.016178808986928659707782429677536129020154476165771484375
0.04381026405660894129656668383177020587027072906494140625
0.00000000000013154666959353237424396244541559598353907580003951949265683651901781558990478515625
0.0310569748377819317142201072101670433767139911651611328125
0.0831750907163497366081372774715418927371501922607421875
0.05826531679786774164941931530847796238958835601806640625
0.0176988286647802549322872067705247900448739528656005859375
0.06553258255543681354282625761698000133037567138671875
0.0257474042468125545457535707782881218008697032928466796875
0.050711106336591822707493548705315333791077136993408203125
0.126336768150988765224695953293121419847011566162109375
0.056092751144001841423492038529730052687227725982666015625
0.00000000270989665212951122947487416826352346621575861718156374990940093994140625
0.1274165959317208607348703708339598961174488067626953125
0.05685262593274743869731224776842282153666019439697265625
0.04183206569304075139736909250132157467305660247802734375
0.0243022367542659080419387152005583629943430423736572265625
0.04277405216832656786873911869406583718955516815185546875
0.006347984294748834806221271520598747883923351764678955078125
0.04310458296080414697382110489343176595866680145263671875
0.0078883675138458168862864994252959149889647960662841796875
0.00739550603471557897738986042668329901061952114105224609375
0.1312034208426734183117190468692569993436336517333984375
0.0028438710264238574454420671600018977187573909759521484375
0.0208397775797822537580117341349250636994838714599609375
0.10703855763600440831329052571163629181683063507080078125
0.03978688965171317537539152908721007406711578369140625
0.07336315835346450542342466860645799897611141204833984375
0.10497889573547629360472654980185325257480144500732421875
0.09021929992172290913021726055376348085701465606689453125
0.032978588103401117181956436752443551085889339447021484375
0.05087326449383285098537754720382508821785449981689453125
0.0183007893493166880205524904567937483079731464385986328125
0.022180366022846377538346729352269903756678104400634765625
0.00817207502543841612929753637217800132930278778076171875
0.03706310441816483558508110718321404419839382171630859375
0.08116173488397870894317520651384256780147552490234375
0.01163737967640227945198549974747947999276220798492431640625
0.0140221525738010131811872582829892053268849849700927734375
0.048718652523713455726461774020208395086228847503662109375
0.08911911023731976244643959716995595954358577728271484375
0.000000002343404117258489920138234263312544680690763243546825833618640899658203125
0.046869506135019091408455693681389675475656986236572265625
0.0568060945089361168935937485002796165645122528076171875
0.0072758151641456082769909841090338886715471744537353515625
0.0453196881032976450764948594951420091092586517333984375
0.010938578948281263425457154880859889090061187744140625
0.0167567774633595976963018614469547173939645290374755859375
0.015923017748836622298203025138718658126890659332275390625
0.037119387395994914158325883590805460698902606964111328125
0.01245428628409717131120260091847740113735198974609375
0.08564790188378780533273726405241177417337894439697265625
0.052065853282201306206911084473176742903888225555419921875
0.0141063825050577011654961978592837112955749034881591796875
0.03228328374447043958017644627034314908087253570556640625
0.01110157269239662493343079319174648844636976718902587890625
0.004222193558423434182891309518481648410670459270477294921875
0.07696192487116530756008359048792044632136821746826171875
0.0645693010286112478723907770472578704357147216796875
0.0114454254564902158097794426794280298054218292236328125
0.034137999423123184528083839950340916402637958526611328125
0.04954021789929767549676142834869096986949443817138671875
0.08361828129313876589723264487474807538092136383056640625
0.043160330417376054079614533520725672133266925811767578125
0.006754193524780454684075525761954850167967379093170166015625
0.0029580739624341496028792075634328284650109708309173583984375
0.05666279419237214842741678921811399050056934356689453125
0.021332850140768112867650785346995689906179904937744140625
0.08755596333380379070465693303049192763864994049072265625
0.06672668216265344176552076760344789363443851470947265625
0.0175448926530102737586513939049837063066661357879638671875
0.00002787989066513787324579250193057333717661094851791858673095703125
0.0257175693205539020180783182922823471017181873321533203125
0.01205635599448758032981032783936825580894947052001953125
0.0017603669628054124073057717936308108619414269924163818359375
0.1025908034422185199918686748787877149879932403564453125
