0.998635709285736083984375
0.998804986476898193359375
0.990965425968170166015625
0.990952432155609130859375
0.9877579212188720703125
0.998341023921966552734375
0.98750126361846923828125
0.997558891773223876953125
0.991445958614349365234375
0.994940578937530517578125
0.99797046184539794921875
0.9938347339630126953125
0.9986760616302490234375
0.991145670413970947265625
0.992308557033538818359375
0.991172313690185546875
0.99916207790374755859375
0.995403468608856201171875
0.993384063243865966796875
0.995617926120758056640625
0.988643825054168701171875
0.99408423900604248046875
0.993204057216644287109375
0.992596149444580078125
0.997594416141510009765625
0.994310915470123291015625
0.993045330047607421875
0.99854385852813720703125
0.9942562580108642578125
0.994606673717498779296875
0.995162904262542724609375
0.992217719554901123046875
0.98993885517120361328125
0.992047727108001708984375
0.99869632720947265625
0.997265517711639404296875
0.99738824367523193359375
0.991279542446136474609375
0.99655807018280029296875
0.99886071681976318359375
0.9952013492584228515625
0.99621117115020751953125
0.998024642467498779296875
0.9954769611358642578125
0.995410025119781494140625
0.998789310455322265625
0.9919102191925048828125
0.9890277385711669921875
0.988054335117340087890625
0.99100625514984130859375
0.995349824428558349609375
0.987402260303497314453125
0.987280368804931640625
0.99578607082366943359375
0.994011700153350830078125
0.997961461544036865234375
0.996261060237884521484375
0.98863446712493896484375
0.99354732036590576171875
0.997496068477630615234375
0.998733043670654296875
0.997392833232879638671875
0.991783678531646728515625
0.98439466953277587890625
0.982768833637237548828125
0.996191203594207763671875
0.9987304210662841796875
0.99808061122894287109375
0.98971164226531982421875
0.998008906841278076171875
0.989305913448333740234375
0.991409003734588623046875
0.99954187870025634765625
0.988538920879364013671875
0.994869053363800048828125
0.99849212169647216796875
0.991820156574249267578125
0.99572670459747314453125
0.994869709014892578125
0.996381938457489013671875
0.996671974658966064453125
0.992222845554351806640625
0.99544513225555419921875
0.997160851955413818359375
0.99615490436553955078125
0.997595965862274169921875
0.989651381969451904296875
0.988625466823577880859375
0.99789035320281982421875
0.996921002864837646484375
0.9907739162445068359375
0.99225866794586181640625
0.992499828338623046875
0.99178779125213623046875
0.996921718120574951171875
0.995993793010711669921875
0.99740970134735107421875
0.98391628265380859375
0.9943330287933349609375
0.994395196437835693359375
0.99606609344482421875
0.99281597137451171875
0.993558406829833984375
0.9985198974609375
0.99073493480682373046875
0.996861040592193603515625
0.99693191051483154296875
0.99781048297882080078125
0.995893776416778564453125
0.995138227939605712890625
0.99545001983642578125
0.995815694332122802734375
0.98998153209686279296875
0.9888439178466796875
0.9979035854339599609375
0.9962520599365234375
0.99180114269256591796875
0.999190151691436767578125
0.99476158618927001953125
0.996324479579925537109375
0.99772417545318603515625
0.996997654438018798828125
0.98954737186431884765625
0.98883974552154541015625
0.998314559459686279296875
0.990139186382293701171875
0.98908030986785888671875
0.99658763408660888671875
0.99867928028106689453125
0.99151170253753662109375
0.99518501758575439453125
0.986560881137847900390625
0.990544021129608154296875
0.991738796234130859375
0.996601581573486328125
0.9897539615631103515625
0.998166859149932861328125
0.992002665996551513671875
0.990320742130279541015625
0.9979827404022216796875
0.994364917278289794921875
0.99796020984649658203125
0.995150983333587646484375
0.993658602237701416015625
0.98679637908935546875
0.981816351413726806640625
0.998705387115478515625
0.994776904582977294921875
0.995755732059478759765625
0.995790779590606689453125
0.99664056301116943359375
