0.9968955516815185546875
0.996057450771331787109375
0.992281436920166015625
0.993431866168975830078125
0.986619532108306884765625
0.991724073886871337890625
0.991526782512664794921875
0.997812807559967041015625
0.990078270435333251953125
0.994700491428375244140625
0.987537860870361328125
0.995324075222015380859375
0.995470106601715087890625
0.998349368572235107421875
0.99362313747406005859375
0.9890234470367431640625
0.999082088470458984375
0.9961540699005126953125
0.994956552982330322265625
0.996865570545196533203125
0.99085009098052978515625
0.996826469898223876953125
0.99723732471466064453125
0.996635258197784423828125
0.990363657474517822265625
0.991332471370697021484375
0.99160683155059814453125
0.994573414325714111328125
0.987796008586883544921875
0.99626433849334716796875
0.99785053730010986328125
0.99418389797210693359375
0.9942009449005126953125
0.9942033290863037109375
0.996651351451873779296875
0.995761096477508544921875
0.997365295886993408203125
0.991119861602783203125
0.996255934238433837890625
0.99287259578704833984375
0.995642185211181640625
0.9980041980743408203125
0.989573955535888671875
0.9936873912811279296875
0.991668283939361572265625
0.99338817596435546875
0.995860636234283447265625
0.9902858734130859375
0.978668212890625
0.993346035480499267578125
0.9974935054779052734375
0.99292337894439697265625
0.98579561710357666015625
0.99887168407440185546875
0.985678255558013916015625
0.996245443820953369140625
0.994589269161224365234375
0.976913154125213623046875
0.99482810497283935546875
0.994872868061065673828125
0.9865276813507080078125
0.99315512180328369140625
0.988823950290679931640625
0.9901788234710693359375
0.992857515811920166015625
0.99760806560516357421875
0.997480690479278564453125
0.99451434612274169921875
0.99579334259033203125
0.999023020267486572265625
0.9887864589691162109375
0.993294894695281982421875
0.995940744876861572265625
0.992349684238433837890625
0.992928922176361083984375
0.998214244842529296875
0.991080224514007568359375
0.997298419475555419921875
0.99739420413970947265625
0.99859201908111572265625
0.99677050113677978515625
0.995737612247467041015625
0.995283305644989013671875
0.998856246471405029296875
0.99864101409912109375
0.997986972332000732421875
0.991725146770477294921875
0.989452838897705078125
0.997709751129150390625
0.99726092815399169921875
0.9906737804412841796875
0.990325391292572021484375
0.993644893169403076171875
0.994181454181671142578125
0.9982879161834716796875
0.99299013614654541015625
0.993702709674835205078125
0.995571553707122802734375
1
0.995640575885772705078125
0.997402966022491455078125
0.9978277683258056640625
0.992136418819427490234375
0.997742176055908203125
0.98608601093292236328125
0.99889469146728515625
0.9978349208831787109375
0.99762439727783203125
0.994592726230621337890625
0.99648082256317138671875
0.9973728656768798828125
0.995593011379241943359375
0.993201792240142822265625
0.99091351032257080078125
0.98714542388916015625
0.994668066501617431640625
0.990692555904388427734375
0.997603714466094970703125
0.99696505069732666015625
0.995087563991546630859375
0.981636524200439453125
0.997730672359466552734375
0.990888655185699462890625
0.9930293560028076171875
0.9990713596343994140625
0.9932858943939208984375
0.99537026882171630859375
0.995063126087188720703125
0.994991600513458251953125
0.991121768951416015625
0.9970457553863525390625
0.98704254627227783203125
0.992856502532958984375
0.993001461029052734375
0.996490478515625
0.985431015491485595703125
0.998480379581451416015625
0.996037662029266357421875
0.99142158031463623046875
0.99899613857269287109375
0.992070138454437255859375
0.99164950847625732421875
0.998493134975433349609375
0.981060683727264404296875
0.996943652629852294921875
0.984265983104705810546875
0.99841272830963134765625
0.9918086528778076171875
0.994362652301788330078125
0.997922599315643310546875
0.99745333194732666015625
