17.99418163299560546875
18.1167118549346923828125
18.142983198165897107401178800500929355621337890625
18.1278133392333984375
18.3639905452728271484375
18.261956691741943359375
17.8814411163330078125
18.044289112091064453125
17.7741792201995849609375
17.8350741863250732421875
17.959278583526611328125
17.90330982208251953125
18.03335285186767578125
16.9834988117218017578125
19.170210123062137341776178800500929355621337890625
18.287262439727783203125
18.1188008785247802734375
18.084846019744873046875
17.9883177280426025390625
18.1246507167816162109375
18.10637760162353515625
18.0219724178314208984375
18.02369785308837890625
18.186664581298828125
18.220478057861328125
18.235826015472412109375
18.278023242950439453125
18.3337161540985107421875
18.2705609798431396484375
18.24561595916748046875
18.1170289516448974609375
18.29383945465087890625
17.8902740478515625
17.7894780635833740234375
17.882525920867919921875
17.8527295589447021484375
18.0217845439910888671875
17.8436405658721923828125
17.910601139068603515625
17.910852909088134765625
18.2418944835662841796875
18.1150133609771728515625
18.04085063934326171875
18.1416337490081787109375
18.474418163299560546875
18.10892391204833984375
18.279117584228515625
18.1874144077301025390625
18.08646678924560546875
18.1686961650848388671875
18.270017147064208984375
18.180145740509033203125
17.9141690731048583984375
17.968665599822998046875
18.139029026031497693338678800500929355621337890625
17.8451721668243408203125
18.629852294921875
18.5486686229705810546875
18.2057178020477294921875
18.120282649993896484375
18.1768710613250732421875
18.367384433746334337911321199499070644378662109375
18.3977596759796142578125
17.9276649951934814453125
17.81893157958984375
18.093154907226558947286321199499070644378662109375
18.221649169921875
18.3626444339752197265625
18.4614012241363525390625
18.277374267578125
17.67960453033447265625
17.79478549957275390625
18.4787075519561767578125
18.11757183074951171875
17.9006516933441162109375
18.0165889263153076171875
18.320692539215087890625
18.001800537109375
18.322600841522216796875
18.4104766845703125
18.2373421192169189453125
18.1922023296356201171875
18.241322994232177734375
18.08887386322021484375
18.0522820949554443359375
17.7152588367462158203125
17.7943003177642822265625
17.9852468967437744140625
17.8401930332183837890625
17.9215443134307861328125
17.7582328319549560546875
17.750304698944091796875
17.8639523983001708984375
18.0980594158172607421875
18.116926908493038439473821199499070644378662109375
17.9475848674774169921875
17.987031459808349609375
17.9296376705169677734375
17.8929965496063232421875
17.9255504608154296875
18.143723011016849255838678800500929355621337890625
18.198162555694580078125
18.029280185699462890625
18.00483417510986328125
17.972820758819580078125
18.1463739871978759765625
17.9415800571441650390625
18.076223850250244140625
17.6967442035675048828125
18.088021755218502306661321199499070644378662109375
18.057721614837646484375
17.9669315814971923828125
18.02770137786865234375
17.996647357940673828125
18.243251323699951171875
18.0023148059844970703125
18.41585254669189453125
18.2486054897308349609375
18.194520473480224609375
18.462148189544681287088678800500929355621337890625
17.9114811420440673828125
18.4342625141143798828125
18.4686987400054931640625
18.125574827194217419901178800500929355621337890625
18.1255009174346923828125
18.0996849536895751953125
18.016005516052249646463678800500929355621337890625
18.18632984161376953125
18.008794307708740234375
17.8801419734954833984375
18.086175680160518908223821199499070644378662109375
18.199854373931884765625
17.9811198711395263671875
18.233751773834228515625
18.359996795654296875
18.1700074672698974609375
18.312506914138790392598821199499070644378662109375
18.2273499965667724609375
18.0297501087188720703125
18.1707890033721923828125
18.4598667621612548828125
18.7009716033935546875
17.89993190765380859375
17.9181087017059326171875
18.4315319061279296875
18.45627117156982421875
17.9853804111480712890625
17.9451653957366943359375
17.9701173305511474609375
18.016059637069705701151178800500929355621337890625
17.85470104217529296875
