18.134685516357425427713678800500929355621337890625
18.06120967864990234375
18.1228110790252685546875
18.227386474609375
18.206574916839599609375
18.214388847351070666036321199499070644378662109375
17.866124629974365234375
18.2406675815582275390625
17.9176485538482666015625
17.727543354034423828125
17.836930751800537109375
17.917991161346435546875
18.0465564727783203125
20.23934078216552734375
17.1007363796234130859375
18.0854070186614990234375
18.05246639251708984375
18.0992558002471923828125
17.6841418743133544921875
18.148585796356201171875
18.060149669647216796875
18.021876573562625623026178800500929355621337890625
18.0407989025115966796875
18.0773561000823974609375
18.270842790603641248026178800500929355621337890625
18.19983196258544921875
18.262980222702022814473821199499070644378662109375
18.227710485458377576151178800500929355621337890625
18.2074983119964599609375
18.119359731674190783223821199499070644378662109375
18.0990235805511474609375
18.3607456684112548828125
17.740942478179931640625
17.7113678455352783203125
17.7761728763580322265625
17.778997898101806640625
17.75698184967041015625
17.9587957859039306640625
17.7696697711944580078125
17.7191655635833740234375
18.2440645694732666015625
18.061655521392822265625
17.9433155059814453125
18.071830987930294298848821199499070644378662109375
18.2889788150787353515625
17.9804975986480712890625
18.2692010402679443359375
18.091164112091064453125
18.203944683074951171875
18.157991409301761365213678800500929355621337890625
18.247114419937137341776178800500929355621337890625
18.216034173965457654276178800500929355621337890625
17.844371318817138671875
17.9938199520111083984375
18.1888649463653564453125
17.8627665042877197265625
18.5859386920928955078125
18.436525821685791015625
18.0767056941986083984375
18.109179973602294921875
18.0440719127655029296875
18.321107387542724609375
18.6427204608917236328125
17.896366119384765625
17.87051677703857421875
18.4253575801849365234375
18.234072208404541015625
18.5849454402923583984375
18.387118339538577771463678800500929355621337890625
18.241035938262939453125
17.6020138263702392578125
17.6790826320648193359375
18.1866433620452880859375
18.2614543437957763671875
17.8584764003753662109375
18.0026447772979736328125
17.8617799282073974609375
17.905818939208984375
18.2802770137786865234375
18.327411651611328125
18.104242801666259765625
18.0654733180999755859375
18.1952877044677734375
18.160794734954830431661321199499070644378662109375
18.26149272918701171875
17.6594154834747314453125
17.743931293487548828125
18.22614765167236328125
17.8656156063079833984375
18.049671173095703125
17.6787250041961669921875
17.7523021697998046875
17.742156982421875
17.92806339263916015625
18.1079947948455810546875
18.048017740249630236348821199499070644378662109375
17.98162746429443359375
18.011135101318359375
17.876818180084228515625
18.012792110443115234375
18.1486361026763916015625
18.0341212749481201171875
18.0220448970794677734375
17.91473674774169921875
18.1103026866912841796875
18.007390499114990234375
17.9197566509246826171875
17.9590909481048583984375
17.7631809711456298828125
17.949806690216064453125
17.905756473541259765625
17.86166667938232421875
17.9563705921173095703125
18.0099413394927978515625
18.369697332382198595723821199499070644378662109375
18.031543254852294921875
18.236095905303955078125
18.409179210662838244161321199499070644378662109375
18.176267862319942736348821199499070644378662109375
18.245908260345458984375
17.8720829486846923828125
18.3443219661712646484375
18.3417942523956298828125
18.1491744518280029296875
18.13550853729248046875
18.0743181705474853515625
17.9017961025238037109375
17.9699308872222900390625
18.180723667144775390625
18.0176074504852294921875
18.2749614715576171875
18.272063493728641248026178800500929355621337890625
17.8036701679229736328125
18.29418849945068359375
18.37325572967529296875
18.158304452896121716776178800500929355621337890625
18.339932441711422228536321199499070644378662109375
18.1474916934967041015625
18.016297578811649060526178800500929355621337890625
18.10360050201416015625
18.2350199222564697265625
18.683322429656982421875
17.7972481250762939453125
18.05403614044189453125
18.380322694778438830098821199499070644378662109375
18.45847225189208984375
18.3334197998046875
17.84544277191162109375
17.971551418304443359375
17.925304412841796875
17.9408223628997802734375
