656.3838603496551513671875
654.3611686229705810546875
631.172809600830078125
634.7514131069183349609375
658.64106655120849609375
673.2339890003204345703125
653.5052063465118408203125
668.361431121826171875
652.351886749267578125
644.815049648284912109375
641.8720147609710693359375
671.0964405536651611328125
640.14986705780029296875
647.4971592426300048828125
662.5443351268768310546875
645.9928634166717529296875
656.173309803009033203125
659.325529575347900390625
653.191417217254638671875
641.14934635162353515625
656.8380038738250732421875
668.7873961925506591796875
666.3948638439178466796875
664.34619235992431640625
689.1367647647857666015625
677.7959368228912353515625
659.5481319427490234375
662.631264209747314453125
668.721610546112060546875
679.985326290130615234375
674.6855647563934326171875
652.883244037628173828125
681.5523741245269775390625
663.2073142528533935546875
669.125818729400634765625
669.961369991302490234375
643.5574634075164794921875
653.2966630458831787109375
658.4255249500274658203125
652.62080287933349609375
661.790746212005615234375
676.7663648128509521484375
667.53769207000732421875
638.1752102375030517578125
664.1415631771087646484375
669.7198331356048583984375
639.53717136383056640625
640.0677032470703125
654.8694322109222412109375
648.2031223773956298828125
663.786781787872314453125
676.6642429828643798828125
674.405698299407958984375
658.59085559844970703125
685.05203723907470703125
658.8610951900482177734375
654.0898177623748779296875
666.7323224544525146484375
641.3567483425140380859375
645.587168216705322265625
639.7617585659027099609375
651.0369989871978759765625
665.2272660732269287109375
655.0972964763641357421875
654.6632115840911865234375
657.8818066120147705078125
641.2996695041656494140625
642.0282876491546630859375
651.9006116390228271484375
637.4555008411407470703125
651.1931188106536865234375
663.2057325839996337890625
665.3840730190277099609375
664.32249164581298828125
641.78127193450927734375
663.4167325496673583984375
651.9005444049835205078125
642.4779460430145263671875
638.974750995635986328125
652.35684108734130859375
666.8073394298553466796875
645.59927654266357421875
663.5130698680877685546875
662.7489874362945556640625
654.5702288150787353515625
659.6160023212432861328125
664.432448863983154296875
669.575824260711669921875
656.2785508632659912109375
668.3757584095001220703125
666.7192647457122802734375
644.20335674285888671875
678.5614888668060302734375
644.8512222766876220703125
649.71140289306640625
637.01541900634765625
666.222571849822998046875
661.24117374420166015625
662.046637058258056640625
657.413905620574951171875
655.6735172271728515625
650.8925559520721435546875
656.31523418426513671875
635.9174687862396240234375
655.221300601959228515625
647.40481090545654296875
664.11963748931884765625
670.020307064056396484375
645.2717211246490478515625
633.149104595184326171875
659.1281173229217529296875
643.8345129489898681640625
657.157938480377197265625
636.2097308635711669921875
664.07052516937255859375
661.5567874908447265625
664.27656459808349609375
642.3117015361785888671875
651.62194061279296875
672.630469799041748046875
648.59831333160400390625
660.8838241100311279296875
668.4901320934295654296875
638.931293964385986328125
646.5116198062896728515625
657.56975078582763671875
667.73143863677978515625
646.9972858428955078125
647.4475328922271728515625
659.06113719940185546875
652.1998493671417236328125
651.6951072216033935546875
654.1021702289581298828125
657.306569576263427734375
663.79932403564453125
661.0045077800750732421875
650.850311279296875
669.1193501949310302734375
668.6150081157684326171875
657.6961748600006103515625
642.6595690250396728515625
638.9243602752685546875
643.9731481075286865234375
649.38070583343505859375
664.8780384063720703125
667.9460933208465576171875
653.8572540283203125
674.1876375675201416015625
674.8906052112579345703125
659.18315601348876953125
668.1346340179443359375
