0.09310484230518341342008881156289135105907917022705078125
0.06823059543967248397056124531445675529539585113525390625
0.1060715258121490423004473768742172978818416595458984375
0.07531487345695496438136018468867405317723751068115234375
0.115439675748348236083984375
0.09720934629440307339631743843710864894092082977294921875
0.088965785503387462274105246251565404236316680908203125
0.06549741327762603759765625
0.0797201693058013916015625
0.09819895625114442860859043094023945741355419158935546875
0.0757297039031982477386151231257827021181583404541015625
0.08314443677663803378141693656289135105907917022705078125
0.05738735496997833529508881156289135105907917022705078125
0.0772192537784576471526776231257827021181583404541015625
0.0784964919090271051604901231257827021181583404541015625
0.07904988080263138094938568656289135105907917022705078125
0.08203629739582539437403596593867405317723751068115234375
0.0890605449676513671875
0.0919893085956573486328125
0.08476551175117492953337006156289135105907917022705078125
0.09177478551864624856104768468867405317723751068115234375
0.0796242892742156926910723768742172978818416595458984375
0.064207923412323009149105246251565404236316680908203125
0.08807514309883117398225493843710864894092082977294921875
0.08253931701183318814241118843710864894092082977294921875
0.09406532272696495333708099906289135105907917022705078125
0.0803512245416641290862713731257827021181583404541015625
0.08265519440174103060758881156289135105907917022705078125
0.069545042514801036492855246251565404236316680908203125
0.061725538969039921155523842344337026588618755340576171875
0.105452579259872447625667746251565404236316680908203125
0.07348844707012176791227631156289135105907917022705078125
0.09849140513688327269736788593945675529539585113525390625
0.10782577395439148226774506156289135105907917022705078125
0.1111624896526336725433026231257827021181583404541015625
0.0839943459257483648894293537523481063544750213623046875
0.0873276501893997247893963731257827021181583404541015625
0.12337230294942856667628205968867405317723751068115234375
0.08346791267395019253694243843710864894092082977294921875
0.081966801360249530450374777501565404236316680908203125
0.0881165564060211181640625
0.08046845793724059781037993843710864894092082977294921875
0.08001518845558168446796543094023945741355419158935546875
0.12339581847190857211149506156289135105907917022705078125
0.08014766201376914700471587593710864894092082977294921875
0.09266483783721923828125
0.07792268991470337191618256156289135105907917022705078125
0.0744802862405777033050213731257827021181583404541015625
0.09283211231231691673571049250313080847263336181640625
0.10587184429168701449430756156289135105907917022705078125
0.0756456911563873346526776231257827021181583404541015625
0.08197416365146636962890625
0.0893357932567596380035723768742172978818416595458984375
0.051936960220336926552509027033011079765856266021728515625
0.08339739143848419467008881156289135105907917022705078125
0.07440940737724303921662993843710864894092082977294921875
0.07790170684456824978791900093710864894092082977294921875
0.0817401707172393798828125
0.0878450751304626631377203693773481063544750213623046875
0.08244214653968813533158055406602215953171253204345703125
0.09149668049067259667506135656367405317723751068115234375
0.10084134936332704579609043094023945741355419158935546875
0.09590343236923219716327793094023945741355419158935546875
0.07449248917400837222135834281289135105907917022705078125
0.080528669804334651605159933751565404236316680908203125
0.09554336518049240389860443656289135105907917022705078125
0.0830453544855117853362713731257827021181583404541015625
0.0798849523067474420745526231257827021181583404541015625
0.09733019769191741943359375
0.07189002633094788985435030781445675529539585113525390625
0.0791429787874221857268963731257827021181583404541015625
0.07807906270027160922087006156289135105907917022705078125
0.07161739915609359463655181343710864894092082977294921875
0.0889500141143798883636151231257827021181583404541015625
0.07744097113609314797511018468867405317723751068115234375
0.1085353255271911676604901231257827021181583404541015625
0.07958844862878323989097140156445675529539585113525390625
0.06687391996383666714631743843710864894092082977294921875
0.09351690113544464111328125
0.09047672152519227461997530781445675529539585113525390625
0.0908593576401472147185955918757827021181583404541015625
0.12374465167522430419921875
0.0850747287273407037933026231257827021181583404541015625
0.11008546352386476552265293094023945741355419158935546875
0.09068416357040405550993256156289135105907917022705078125
0.1017281651496887151520098768742172978818416595458984375
0.0871982626616954747955645643742172978818416595458984375
0.075401787459850322381527121251565404236316680908203125
0.067898255586624156610042746251565404236316680908203125
0.08080335594713687619172759468710864894092082977294921875
0.0674305737018585371611578693773481063544750213623046875
0.09648509770631789883577056343710864894092082977294921875
0.07969933114945888796842865531289135105907917022705078125
0.07805874943733216719810030781445675529539585113525390625
0.08510206192731857577360443656289135105907917022705078125
0.08951732218265533169709868843710864894092082977294921875
0.084945805370807647705078125
0.09896637797355652133024506156289135105907917022705078125
0.04827053174376487454377837593710864894092082977294921875
0.09451968371868134377589143468867405317723751068115234375
0.06969206668436526974641509468710864894092082977294921875
0.08947616815567017989341280781445675529539585113525390625
0.09981286227703094204866118843710864894092082977294921875
0.1057998597621917780120526231257827021181583404541015625
0.0909884870052337646484375
0.08537117838859557827912993843710864894092082977294921875
0.06253199428319931862940705968867405317723751068115234375
0.10013112872838973721467681343710864894092082977294921875
0.08410235494375230269614718281445675529539585113525390625
0.09711979031562804898225493843710864894092082977294921875
0.0932851135730743685758881156289135105907917022705078125
0.07714072167873382845915131156289135105907917022705078125
0.084287253022193919793636496251565404236316680908203125
0.0837422352284193094451580918757827021181583404541015625
0.0802580475807189996917401231257827021181583404541015625
0.073542219400405894891292746251565404236316680908203125
0.0748002231121063232421875
0.0712037570774555206298828125
0.07339357733726502297511018468867405317723751068115234375
0.10220628380775452492823518468867405317723751068115234375
0.09477859288454056063688568656289135105907917022705078125
0.0652787983417510986328125
0.08474066257476807473292268468867405317723751068115234375
0.08056082725524903176417268468867405317723751068115234375
0.077750384807586669921875
0.0939066708087921142578125
0.0857003629207611083984375
0.10251163840293885110011018468867405317723751068115234375
0.0851315021514892633636151231257827021181583404541015625
0.06814986877143384969013339969023945741355419158935546875
0.08034215122461320357505343281445675529539585113525390625
0.0866809785366058349609375
0.07081999778747559426417268468867405317723751068115234375
0.08173918277025223055876068656289135105907917022705078125
0.0879558980464935358245526231257827021181583404541015625
0.08881214559078216830290131156289135105907917022705078125
0.0670566022396087701995526231257827021181583404541015625
0.09075077176094055453337006156289135105907917022705078125
0.08779125213623047152555756156289135105907917022705078125
0.08103683888912201205290131156289135105907917022705078125
0.08484117984771728793180756156289135105907917022705078125
0.09464438259601593017578125
0.0925489962100982666015625
0.1093766987323760986328125
0.07331625670194626132047943656289135105907917022705078125
0.084782623499631892816097433751565404236316680908203125
0.0558903425931930597503338731257827021181583404541015625
0.08542272746562958041227631156289135105907917022705078125
0.08119617104530334195100493843710864894092082977294921875
0.10069563388824463723292268468867405317723751068115234375
0.06365841627120973067466280781445675529539585113525390625
