0.002309876680374145681284847597680709441192448139190673828125
0.0026949454098939896497244550488403547205962240695953369140625
0.00139855325222015412951759305570931246620602905750274658203125
0.002934883832931519005715603753969844547100365161895751953125
0.003703906536102295234125225675825276994146406650543212890625
0.00419014751911163385589276231257827021181583404541015625
0.0029162824153900145617013262011596452794037759304046630859375
0.0024259757995605470311251128379126384970732033252716064453125
0.0029922401905059813932707957206957871676422655582427978515625
0.0010594689846038819747153780781445675529539585113525390625
0.00167186379432678229595143903907228377647697925567626953125
0.001743999719619751358201664714897560770623385906219482421875
0.00156450413167476677471501300686895774560980498790740966796875
0.0033088207244873052946532165918824830441735684871673583984375
0.00266930282115936286235768903907228377647697925567626953125
0.00168788790702819832025005641895631924853660166263580322265625
0.002164378166198730781000225675825276994146406650543212890625
0.0025318289874121549347385506933960641617886722087860107421875
0.002827903032302857104507420871186695876531302928924560546875
0.00295770376920700094058869211721685132943093776702880859375
0.0025398176908493041818715152402319290558807551860809326171875
0.002648096680641175322545866066548114758916199207305908203125
0.003279325962066650772264164714897560770623385906219482421875
0.004400216341018677035368256156289135105907917022705078125
0.00218276143074035665347931711721685132943093776702880859375
0.00111560106277465843731266925686895774560980498790740966796875
0.00294728785753250142886994211721685132943093776702880859375
0.0029098878800868986475858246620873615029267966747283935546875
0.0029086208343505857987221219218554324470460414886474609375
0.004533581733703613558805756156289135105907917022705078125
0.002212281227111816302166591441391574335284531116485595703125
0.0021809613704681395963957957206957871676422655582427978515625
0.0066701471805572509765625
0.00244232326745986993987713731257827021181583404541015625
0.00411091566085815436626393903907228377647697925567626953125
0.0029788589477539061979582957206957871676422655582427978515625
0.002319092899560928379421032019536141888238489627838134765625
0.0025923061370849609548472347597680709441192448139190673828125
0.0019727504253387452386181433183764966088347136974334716796875
0.0036271846294403074784096219218554324470460414886474609375
0.00119233131408691427934043449710088680149056017398834228515625
0.003650583624839782992399506156289135105907917022705078125
0.00095302432775497443462331403907228377647697925567626953125
0.002252156957983970746173252308608425664715468883514404296875
0.002942544817924499893357914714897560770623385906219482421875
0.00425813913345336921001393903907228377647697925567626953125
0.0033625149726867679771113994746656317147426307201385498046875
0.004959105923771858596971195964897560770623385906219482421875
0.0030307999253273011468212683183764966088347136974334716796875
0.00450168371200561530376393903907228377647697925567626953125
0.0021052014827728274780349604355933479382656514644622802734375
0.000875337719917297445680615108898336984566412866115570068359375
0.002713909149169922534194920871186695876531302928924560546875
0.006876935213804245827784455968867405317723751068115234375
0.0063952994346618656507086342344337026588618755340576171875
0.002985981702804565811326664714897560770623385906219482421875
0.004298508167266845703125
0.003279498815536499058131969519536141888238489627838134765625
0.003050838410854339426137027402319290558807551860809326171875
0.001300863027572631870631969519536141888238489627838134765625
0.003030433654785156562250225675825276994146406650543212890625
0.005699583292007446254368030480463858111761510372161865234375
0.00143745422363281247397914786034789358382113277912139892578125
0.00228079319000244230830620750793968909420073032379150390625
0.004122281074523926301667042793042128323577344417572021484375
0.00147589474916458144627962045802860302501358091831207275390625
0.00185191273689270011724994358104368075146339833736419677734375
0.00265066146850585944438893903907228377647697925567626953125
0.002216574102640152255094818656289135105907917022705078125
0.0013610428571701051018993933183764966088347136974334716796875
0.00163664966821670527889753810057982263970188796520233154296875
0.0035114407539367678383335213965210641617886722087860107421875
0.0028326189517974852995207957206957871676422655582427978515625
0.0037439861521124839956187191347680709441192448139190673828125
0.0035004305839538576126945823574487803853116929531097412109375
0.0046650660037994388928961342344337026588618755340576171875
0.0028265421092510223215199527402319290558807551860809326171875
0.004500486850738525355930530480463858111761510372161865234375
0.00193835258483886717882638262011596452794037759304046630859375
0.0037239301204681396657847347597680709441192448139190673828125
0.0021736961603164677014898842344337026588618755340576171875
0.0029269158840179443359375
0.0037385717034339907387241463965210641617886722087860107421875
0.00242071434855461141422150461721685132943093776702880859375
0.002908560633659362966441097597680709441192448139190673828125
0.00174121379852294928813893903907228377647697925567626953125
0.0031143480539321901669203018769849222735501825809478759765625
0.0029066026210784914711460213965210641617886722087860107421875
0.001976378560066223422087006156289135105907917022705078125
0.0029247081279754638151457957206957871676422655582427978515625
0.00165390014648437500867361737988403547205962240695953369140625
0.00103082776069641124556952593849246113677509129047393798828125
0.003138386011123657504118256156289135105907917022705078125
0.0036824977397918699784096219218554324470460414886474609375
0.003376358151435852016086780480463858111761510372161865234375
0.00187953121960163119057163338965210641617886722087860107421875
0.0019261777400970459851736737988403547205962240695953369140625
0.001873031556606293002165131156289135105907917022705078125
0.00169031262397766122822229117872439019265584647655487060546875
0.0021287918090820315102085213965210641617886722087860107421875
0.0023497700691223143663888262011596452794037759304046630859375
0.0023375415802001958849587470723463411559350788593292236328125
0.001639371216297150039842289714897560770623385906219482421875
0.0028574192523956299348542042793042128323577344417572021484375
0.0034027377702295778967578332441235033911652863025665283203125
0.00471822738647460944438893903907228377647697925567626953125
0.00342042565345764167095143903907228377647697925567626953125
0.002359406352043152098330036636752993217669427394866943359375
0.004559309482574463133486286636752993217669427394866943359375
0.0065608662366867069593023842344337026588618755340576171875
0.002567236423492431744708408558608425664715468883514404296875
0.0036802560091018679359897713965210641617886722087860107421875
0.0023682889342308047729568354355933479382656514644622802734375
0.002861551940441131591796875
0.004337015151977538680860835285102439229376614093780517578125
0.00214529991149902364566681711721685132943093776702880859375
0.0017514085769653321526806433183764966088347136974334716796875
0.00233278632164001485660431711721685132943093776702880859375
0.002527569532394409283770908558608425664715468883514404296875
0.0027514553070068360589306433183764966088347136974334716796875
0.00296853542327880914886151231257827021181583404541015625
0.00283487319946289055561106096092771622352302074432373046875
0.002832680903375148738498889855463858111761510372161865234375
0.0018613203614950180227183285097680709441192448139190673828125
0.004415366649627686275458859910258979653008282184600830078125
0.0026158747076988225245541830332740573794580996036529541015625
0.00177376031875610342021520882127560980734415352344512939453125
0.0029815906286239624543854542793042128323577344417572021484375
0.0014873182773590090839654909160572060500271618366241455078125
0.0032023066282272339387604542793042128323577344417572021484375
0.0022191226482391360023960213965210641617886722087860107421875
0.0036376142501831055207917042793042128323577344417572021484375
0.00119667440652847299580041617872439019265584647655487060546875
0.002106233835220337226312725675825276994146406650543212890625
0.00253111332654953023746369211721685132943093776702880859375
0.0035712102055549623837171768769849222735501825809478759765625
0.0018059933185577393098542042793042128323577344417572021484375
0.002268740246072411571864879675786141888238489627838134765625
0.0021334779262542724435902652402319290558807551860809326171875
0.004098011376336216891880237511713858111761510372161865234375
0.001718646958470344647540439808608425664715468883514404296875
0.00147961139678955111952107781547738341032527387142181396484375
0.00264258861541748039936106096092771622352302074432373046875
0.0020910871028900148045626128379126384970732033252716064453125
0.00183599948883056657104873021779667396913282573223114013671875
0.00374475717544555698756969519536141888238489627838134765625
0.005634375810623168910618030480463858111761510372161865234375
0.0026016521453857423783195823574487803853116929531097412109375
0.0035771286487579346917431433183764966088347136974334716796875
0.0018269777297973640618755641895631924853660166263580322265625
0.0025745820999145511975836342344337026588618755340576171875
