0.0139830569899765944086311719729565083980560302734375
0.01376793303628464672228037812828915775753557682037353515625
0.0135528090825926990359295842836218071170151233673095703125
0.01333768512890075134957879043895445647649466991424560546875
0.0135528090825926990359295842836218071170151233673095703125
0.0135528090825926990359295842836218071170151233673095703125
0.01376793303628464672228037812828915775753557682037353515625
0.0135528090825926990359295842836218071170151233673095703125
0.01333768512890075134957879043895445647649466991424560546875
0.0139830569899765944086311719729565083980560302734375
0.013122561175208803663227996594287105835974216461181640625
0.013122561175208803663227996594287105835974216461181640625
0.01290743722151685597687720274961975519545376300811767578125
0.01290743722151685597687720274961975519545376300811767578125
0.01333768512890075134957879043895445647649466991424560546875
0.01290743722151685597687720274961975519545376300811767578125
0.01376793303628464672228037812828915775753557682037353515625
0.0144133048973604897813327596622912096790969371795654296875
0.01333768512890075134957879043895445647649466991424560546875
0.0135528090825926990359295842836218071170151233673095703125
0.01333768512890075134957879043895445647649466991424560546875
0.01290743722151685597687720274961975519545376300811767578125
0.013122561175208803663227996594287105835974216461181640625
0.0135528090825926990359295842836218071170151233673095703125
0.01333768512890075134957879043895445647649466991424560546875
0.01333768512890075134957879043895445647649466991424560546875
0.0126923132678249082905264089049524045549333095550537109375
0.013122561175208803663227996594287105835974216461181640625
0.01290743722151685597687720274961975519545376300811767578125
0.013122561175208803663227996594287105835974216461181640625
0.01333768512890075134957879043895445647649466991424560546875
0.0135528090825926990359295842836218071170151233673095703125
0.01376793303628464672228037812828915775753557682037353515625
0.0135528090825926990359295842836218071170151233673095703125
0.01376793303628464672228037812828915775753557682037353515625
0.013122561175208803663227996594287105835974216461181640625
0.0135528090825926990359295842836218071170151233673095703125
0.0135528090825926990359295842836218071170151233673095703125
0.01333768512890075134957879043895445647649466991424560546875
0.0135528090825926990359295842836218071170151233673095703125
0.01333768512890075134957879043895445647649466991424560546875
0.01462842885105243746768355350695856031961739063262939453125
0.01376793303628464672228037812828915775753557682037353515625
0.01376793303628464672228037812828915775753557682037353515625
0.01333768512890075134957879043895445647649466991424560546875
0.013122561175208803663227996594287105835974216461181640625
0.0135528090825926990359295842836218071170151233673095703125
0.01462842885105243746768355350695856031961739063262939453125
0.0135528090825926990359295842836218071170151233673095703125
0.0135528090825926990359295842836218071170151233673095703125
0.0135528090825926990359295842836218071170151233673095703125
0.0126923132678249082905264089049524045549333095550537109375
0.01290743722151685597687720274961975519545376300811767578125
0.01333768512890075134957879043895445647649466991424560546875
0.013122561175208803663227996594287105835974216461181640625
0.01376793303628464672228037812828915775753557682037353515625
0.0135528090825926990359295842836218071170151233673095703125
0.0135528090825926990359295842836218071170151233673095703125
0.013122561175208803663227996594287105835974216461181640625
0.0135528090825926990359295842836218071170151233673095703125
0.013122561175208803663227996594287105835974216461181640625
0.0135528090825926990359295842836218071170151233673095703125
0.01333768512890075134957879043895445647649466991424560546875
0.013122561175208803663227996594287105835974216461181640625
0.01376793303628464672228037812828915775753557682037353515625
0.0135528090825926990359295842836218071170151233673095703125
0.01333768512890075134957879043895445647649466991424560546875
0.0135528090825926990359295842836218071170151233673095703125
0.0135528090825926990359295842836218071170151233673095703125
0.01333768512890075134957879043895445647649466991424560546875
0.01333768512890075134957879043895445647649466991424560546875
0.0126923132678249082905264089049524045549333095550537109375
0.013122561175208803663227996594287105835974216461181640625
0.013122561175208803663227996594287105835974216461181640625
0.01333768512890075134957879043895445647649466991424560546875
0.014843552804744385154034347351625910960137844085693359375
0.013122561175208803663227996594287105835974216461181640625
0.01333768512890075134957879043895445647649466991424560546875
0.013122561175208803663227996594287105835974216461181640625
0.01376793303628464672228037812828915775753557682037353515625
0.013122561175208803663227996594287105835974216461181640625
0.01376793303628464672228037812828915775753557682037353515625
0.01376793303628464672228037812828915775753557682037353515625
0.01376793303628464672228037812828915775753557682037353515625
0.01333768512890075134957879043895445647649466991424560546875
0.013122561175208803663227996594287105835974216461181640625
0.0139830569899765944086311719729565083980560302734375
0.01333768512890075134957879043895445647649466991424560546875
0.013122561175208803663227996594287105835974216461181640625
0.01419818094366854209498196581762385903857648372650146484375
0.013122561175208803663227996594287105835974216461181640625
0.013122561175208803663227996594287105835974216461181640625
0.01333768512890075134957879043895445647649466991424560546875
0.0139830569899765944086311719729565083980560302734375
0.01333768512890075134957879043895445647649466991424560546875
0.01333768512890075134957879043895445647649466991424560546875
0.01333768512890075134957879043895445647649466991424560546875
0.0135528090825926990359295842836218071170151233673095703125
0.0139830569899765944086311719729565083980560302734375
0.0139830569899765944086311719729565083980560302734375
0.01290743722151685597687720274961975519545376300811767578125
0.0135528090825926990359295842836218071170151233673095703125
0.01376793303628464672228037812828915775753557682037353515625
0.01333768512890075134957879043895445647649466991424560546875
0.0135528090825926990359295842836218071170151233673095703125
0.013122561175208803663227996594287105835974216461181640625
0.0135528090825926990359295842836218071170151233673095703125
0.0135528090825926990359295842836218071170151233673095703125
0.013122561175208803663227996594287105835974216461181640625
0.013122561175208803663227996594287105835974216461181640625
0.01333768512890075134957879043895445647649466991424560546875
0.013122561175208803663227996594287105835974216461181640625
0.013122561175208803663227996594287105835974216461181640625
0.01333768512890075134957879043895445647649466991424560546875
0.01333768512890075134957879043895445647649466991424560546875
0.0126923132678249082905264089049524045549333095550537109375
0.01376793303628464672228037812828915775753557682037353515625
0.01376793303628464672228037812828915775753557682037353515625
0.0126923132678249082905264089049524045549333095550537109375
0.013122561175208803663227996594287105835974216461181640625
0.013122561175208803663227996594287105835974216461181640625
0.0139830569899765944086311719729565083980560302734375
0.0126923132678249082905264089049524045549333095550537109375
0.01333768512890075134957879043895445647649466991424560546875
0.0135528090825926990359295842836218071170151233673095703125
0.01290743722151685597687720274961975519545376300811767578125
0.013122561175208803663227996594287105835974216461181640625
0.01333768512890075134957879043895445647649466991424560546875
0.0135528090825926990359295842836218071170151233673095703125
0.01333768512890075134957879043895445647649466991424560546875
0.013122561175208803663227996594287105835974216461181640625
0.0139830569899765944086311719729565083980560302734375
0.0135528090825926990359295842836218071170151233673095703125
0.01376793303628464672228037812828915775753557682037353515625
0.01333768512890075134957879043895445647649466991424560546875
0.0135528090825926990359295842836218071170151233673095703125
0.013122561175208803663227996594287105835974216461181640625
0.0135528090825926990359295842836218071170151233673095703125
0.01376793303628464672228037812828915775753557682037353515625
0.0135528090825926990359295842836218071170151233673095703125
0.01333768512890075134957879043895445647649466991424560546875
0.013122561175208803663227996594287105835974216461181640625
0.013122561175208803663227996594287105835974216461181640625
0.01376793303628464672228037812828915775753557682037353515625
0.01333768512890075134957879043895445647649466991424560546875
0.01333768512890075134957879043895445647649466991424560546875
0.013122561175208803663227996594287105835974216461181640625
0.01333768512890075134957879043895445647649466991424560546875
0.01333768512890075134957879043895445647649466991424560546875
0.01376793303628464672228037812828915775753557682037353515625
0.01333768512890075134957879043895445647649466991424560546875
