0.15318615828084436447653615687158890068531036376953125
0.125450679184588131942490463188732974231243133544921875
0.129649094567720057913362552426406182348728179931640625
0.148637033142285768239077015095972456037998199462890625
0.11187265814590875712131179398056701757013797760009765625
0.1265430783217594556955276630105799995362758636474609375
0.140938618894714318141581088639213703572750091552734375
0.1634424370050193975334451579328742809593677520751953125
0.136377180167383371678369030632893554866313934326171875
0.1229905109547668462521841092893737368285655975341796875
0.1454600721720800959868569179889163933694362640380859375
0.1314887873346558821996410415522404946386814117431640625
0.135764735368180622376854671529144980013370513916015625
0.15049030141539365690306340184179134666919708251953125
0.1343769354486003819726391839139978401362895965576171875
0.1613055882347715075386673788671032525599002838134765625
0.15059439432286192417365100482129491865634918212890625
0.135733399280278999032844922112417407333850860595703125
0.1432044939985332998588773989467881619930267333984375
0.1543166369283584804517062138984329067170619964599609375
0.12328216993683478730492453223632765002548694610595703125
0.1580545225027971401043913601824897341430187225341796875
0.1490592525152472924698798806275590322911739349365234375
0.1459161571395870549139317517983727157115936279296875
0.143309671811195193935617453462327830493450164794921875
0.145617115957407283755031812688685022294521331787109375
0.149502608540070414111511354349204339087009429931640625
0.1433216107802784133884443917850148864090442657470703125
0.1503341485561695833883533168773283250629901885986328125
0.1509971526441859779321674750462989322841167449951171875
0.1486149626612324470276149668279686011373996734619140625
0.150502724912316365735165391015470959246158599853515625
0.141583895091866196480623329989612102508544921875
0.114537304616676605117930876076570712029933929443359375
0.14392695874285521551172450926969759166240692138671875
0.1351352309264317874681893272281740792095661163330078125
0.1515230360608831039481714242356247268617153167724609375
0.1378963393877579435287117348707397468388080596923828125
0.155151437388136803630089843863970600068569183349609375
0.144664719360948657023158148149377666413784027099609375
0.153845790708691032566690637395367957651615142822265625
0.11323468005869412322805800386049668304622173309326171875
0.1405337973233282966578627792841871269047260284423828125
0.12337206376696348286703397434393991716206073760986328125
0.1322779633104417540412356402157456614077091217041015625
0.146552184158655396384318692071246914565563201904296875
0.1451778412627673653378934659485821612179279327392578125
0.117613094296129150340135538499453105032444000244140625
0.1247026204016963013554430972362752072513103485107421875
0.15828126738904924053485956392250955104827880859375
0.14826713189305973372711378033272922039031982421875
0.1376956748471115099530237557701184414327144622802734375
0.135313187164322223932089173104031942784786224365234375
0.1412248362727484274348199733140063472092151641845703125
0.15263267666603230754418518699822016060352325439453125
0.1391284231804321980252581170134362764656543731689453125
0.138318182726599847587323210973409004509449005126953125
0.1499511834374543106651600510303978808224201202392578125
0.1408952323104399884101667339564301073551177978515625
0.153968484893765966692313895691768266260623931884765625
0.1425974832750184495555600960869924165308475494384765625
0.1531637535886823109354537564286147244274616241455078125
0.1370789642318914480778602182908798567950725555419921875
0.11633646336407384158651012739937868900597095489501953125
0.135495910342962655459331244856002740561962127685546875
0.1471123521263361377808820407153689302504062652587890625
0.1384259082545944152808914395791362039744853973388671875
0.1421386486002974292031098002553335390985012054443359375
0.1392923673863595557254058121543494053184986114501953125
0.14479483295305828338683795664110220968723297119140625
0.126773136829078703069484390653087757527828216552734375
0.1503570573150213862678725718069472350180149078369140625
0.163877956248932310501231768284924328327178955078125
0.149122849646782851262827307436964474618434906005859375
0.1511683332844377114501099867993616499006748199462890625
0.1328029919026217642308296262854128144681453704833984375
0.149906882909915051271809716126881539821624755859375
0.1360876808059627018909765183707349933683872222900390625
0.1389417479291369106331188731928705237805843353271484375
0.1253891205020548904602861739476793445646762847900390625
0.1572284679830981135584266894511529244482517242431640625
0.1418905714748988078355296238441951572895050048828125
0.1195452054603580449576583077941904775798320770263671875
0.1542783972597167874152290778511087410151958465576171875
0.1570696509555571385163830200326628983020782470703125
0.13571667070659299003665410054964013397693634033203125
0.1170416952936388088613028912732261233031749725341796875
0.14140814232911214087806683892267756164073944091796875
0.134706362290802628134400720227858982980251312255859375
0.130259904877586929483612721014651469886302947998046875
0.15210814491616508892235515304491855204105377197265625
0.132412431866310187356106098377495072782039642333984375
0.14852830063104105473570371032110415399074554443359375
0.125626605704467653179534636365133337676525115966796875
0.1569600793414737960329574661955120973289012908935546875
0.143992565416130424704732604368473403155803680419921875
0.1519912789119281792959981203239294700324535369873046875
0.1527569154763815106878865890394081361591815948486328125
0.032870804364277618481171572284438298083841800689697265625
0.1374290271870932944597853975210455246269702911376953125
0.15430163621452830380320619951817207038402557373046875
0.1419673591094131326340033183441846631467342376708984375
0.12419350817846565304680694907801807858049869537353515625
0.1315724855022961936601433308169362135231494903564453125
0.1390045346466276809938023006907314993441104888916015625
0.1560556910094307581093886483358801342546939849853515625
0.1369297887477808062239859054898261092603206634521484375
0.1494595586922794205886333429589285515248775482177734375
0.151562826177205234312594939183327369391918182373046875
0.1039843115806544648904718997073359787464141845703125
0.142533265855296409352348518950748257339000701904296875
0.1410345570642782819792415693882503546774387359619140625
0.143801413202816419367735534251551143825054168701171875
0.138700485797527750531088486241060309112071990966796875
0.1484293715035297223092669582911184988915920257568359375
0.1363815725622954111440066071736509911715984344482421875
0.136667780754368362039485873538069427013397216796875
0.1327665871441235101446665112234768457710742950439453125
0.1573805885186656816632222444241051562130451202392578125
0.134332602782935683904952384182251989841461181640625
0.1354329344553873715195635440977639518678188323974609375
0.155506264230594715147759643514291383326053619384765625
0.1596568742699940590679119623018777929246425628662109375
0.136299579388595437645648189572966657578945159912109375
0.157405500065288583844136383049772121012210845947265625
0.1457557302658591125155140844071866013109683990478515625
0.149421128120642510150872794838505797088146209716796875
0.13211960319308246880609658546745777130126953125
0.11721924023797523906065265464349067769944667816162109375
0.1250080260646506402633093557597021572291851043701171875
0.1426022918469466438384785078596905805170536041259765625
0.1294710254636851354259619029107852838933467864990234375
0.138284148555891162057918108985177241265773773193359375
0.1414341324063622951090479773483821190893650054931640625
0.139074986692551749722923659646767191588878631591796875
0.138552520495690278945488671524799428880214691162109375
0.1500602256229484066096802052925340831279754638671875
0.14619446045162221015090153741766698658466339111328125
0.1461352678970564422655797898187302052974700927734375
0.1474356245155045430639262349359341897070407867431640625
0.1383120928579069097708043045713566243648529052734375
0.1560964935033680445197745711993775330483913421630859375
0.1183799235593408216704602864410844631493091583251953125
0.132705002777213698639258154798881150782108306884765625
0.142074667965227996457855397238745354115962982177734375
0.1494220022253723023641924783078138716518878936767578125
0.1464370877759600120260330413657356984913349151611328125
0.15320707699974978055479368777014315128326416015625
0.11870465234238182505865921712029376067221164703369140625
0.134479418987856036427075423489441163837909698486328125
0.1563752652662826758689362804943812079727649688720703125
