0.15927178508670591927653958919108845293521881103515625
0.15774650740310269814159482848481275141239166259765625
0.1371889676361357224276815713892574422061443328857421875
0.1554410535593492015404848416437744162976741790771484375
0.12338001409555553189445475936736329458653926849365234375
0.141187032069917339782705312245525419712066650390625
0.149854267592445855594718295833445154130458831787109375
0.15671556415596488154307053264346905052661895751953125
0.1529104982507067667096833929463173262774944305419921875
0.151793637695499139539379029884003102779388427734375
0.1444066345621890790074104415907640941441059112548828125
0.14206277909375375489986481625237502157688140869140625
0.1560333443177896739495480460391263477504253387451171875
0.1517585495110881088631771262953407131135463714599609375
0.140477392503278786239917508282815106213092803955078125
0.1697038122189873654566127925136242993175983428955078125
0.1706649745710046850444285837511415593326091766357421875
0.147505935813665445266451570205390453338623046875
0.152703281609682994801602262668893672525882720947265625
0.162625799629416312175322900657192803919315338134765625
0.1468301408446759104275969320951844565570354461669921875
0.1607759445589897195905138005400658585131168365478515625
0.15308212024101852666291279092547483742237091064453125
0.1553746761548840671363080900846398435533046722412109375
0.1454935790777274473573044133445364423096179962158203125
0.1522472951258075080094300801647477783262729644775390625
0.1431441789811479237126690122750005684792995452880859375
0.174566268464061480347737642659922130405902862548828125
0.151591048627994939845819999391096644103527069091796875
0.158363472288545636956769158132374286651611328125
0.146184513855746656130207838941714726388454437255859375
0.143047129342130763252072256364044733345508575439453125
0.1598736889479918932277513476947206072509288787841796875
0.1491821998477751431977367246872745454311370849609375
0.1522780446790904795850707387216971255838871002197265625
0.1450747097114499783998553539277054369449615478515625
0.1471602738960827994052493750132271088659763336181640625
0.1508283308046945714320230536031886003911495208740234375
0.1606551916562813653310826111919595859944820404052734375
0.149807216290787803547601697573554702103137969970703125
0.166820699305504138720834816922433674335479736328125
0.131621276905655670841355231459601782262325286865234375
0.1477881845086335410588418426414136774837970733642578125
0.150180357414545273542216818896122276782989501953125
0.1507064910661306267325443286608788184821605682373046875
0.15716647404100358986767105307080782949924468994140625
0.168906558884886648375101003693998791277408599853515625
0.1405434346032159165229558084320160560309886932373046875
0.1198716361427396848160498166180332191288471221923828125
0.168746352812906341700482926171389408409595489501953125
0.1534077335257306440308155970342340879142284393310546875
0.14491702092969738213668051685090176761150360107421875
0.1378645440755599249627039171173237264156341552734375
0.1853296019318158849298328050281270407140254974365234375
0.16096397077359780869443284245789982378482818603515625
0.158492724864585932120775169096305035054683685302734375
0.152429208334741883579255272707086987793445587158203125
0.1459967501385634192079265858410508371889591217041015625
0.148938401473972137356582834399887360632419586181640625
0.1594437584433085752788628042253549210727214813232421875
0.1466796286238547242231078371332841925323009490966796875
0.1672015671361259114835462469272897578775882720947265625
0.157004802045709601632239582613692618906497955322265625
0.1369183218200553664445351387257687747478485107421875
0.140331040292486497467194794808165170252323150634765625
0.1477917851219105183080415599761181510984897613525390625
0.1521562111726152133339695637914701364934444427490234375
0.1530260395917292515211016734610893763601779937744140625
0.14917703393008785450746245260233990848064422607421875
0.1510802210891536712100702288807951845228672027587890625
0.1343871494983535919143236014861031435430049896240234375
0.1538703430645047831593075216005672700703144073486328125
0.1819010881217222042049996844070847146213054656982421875
0.151813236517228722366468218751833774149417877197265625
0.163793610822397628368207733728922903537750244140625
0.141892044709536424562656975467689335346221923828125
0.1536635055742762434594084197669872082769870758056640625
0.180171200213082249863560946323559619486331939697265625
0.15000849218069045587498067106935195624828338623046875
0.1413468207600637460696901825940585695207118988037109375
0.1529129475900033729995897147091454826295375823974609375
0.1622880872536105745229662034034845419228076934814453125
0.1492341285942930528829464265072601847350597381591796875
0.15440179770164330630422000467660836875438690185546875
0.1736762554720836793098470707263913936913013458251953125
0.1288122684214170476924010699804057367146015167236328125
0.146673184468134099045499851854401640594005584716796875
0.1541789691834513364998571205433108843863010406494140625
0.15006811887552162776415798361995257437229156494140625
0.15015829948095049672929235384799540042877197265625
0.14390682989114156331567073721089400351047515869140625
0.1445675892563287323611120882560499012470245361328125
0.16406058489257713262077231775037944316864013671875
0.14357904990432590608406826504506170749664306640625
0.1630857772508694514268512421040213666856288909912109375
0.1500914024190311557571675393774057738482952117919921875
0.1682614358556082934104125570229371078312397003173828125
0.1707262503472932457793120875066961161792278289794921875
0.00110505560391071697666498518941580186947248876094818115234375
0.14852677671076974785790980604360811412334442138671875
0.1547845262540550603791444927992415614426136016845703125
0.152274715736243015928863542285398580133914947509765625
0.1390387889186738001878751447293325327336788177490234375
0.1430094905440598973545007766006165184080600738525390625
0.14803760780441732602952242814353667199611663818359375
0.175322808251068884555223803545231930911540985107421875
0.16550110939168549695210685968049801886081695556640625
0.1830826292181015058080362223336123861372470855712890625
0.1663062371613168999306964224160765297710895538330078125
0.14571855337153405418604279475403018295764923095703125
0.1403190186931279337390066075386130250990390777587890625
0.1457229504025268351785626919081551022827625274658203125
0.154398243392192824341435652968357317149639129638671875
0.1452879752679245850544020868255756795406341552734375
0.14306296846755162111008985448279418051242828369140625
0.1475583603579231073421595965555752627551555633544921875
0.1452692968636538350946096898042014800012111663818359375
0.147716493462053344298823276403709314763545989990234375
0.1789587788889447639295582348495372571051120758056640625
0.153071577033796535349807754755602218210697174072265625
0.1511446846496499463174956190414377488195896148681640625
0.181409870474363354997393571466091088950634002685546875
0.1550514269754369733878007764360518194735050201416015625
0.1489021385153475873774908677660278044641017913818359375
0.1860266386215976286422346674953587353229522705078125
0.1506383489664289421217091557991807349026203155517578125
0.163823271889069810303141139229410327970981597900390625
0.139057363746263262793689818863640539348125457763671875
0.1412851692371474288112409567474969662725925445556640625
0.1342144895968035711586452407573233358561992645263671875
0.1396671146780871508585875062635750509798526763916015625
0.14815213626236756194742838488309644162654876708984375
0.1563403536838688101529015739288297481834888458251953125
0.164360772420522993630953578758635558187961578369140625
0.1539449653619174018803761327944812364876270294189453125
0.1415992500659367936410859556417562998831272125244140625
0.1499263463980521626783826150131062604486942291259765625
0.1594347508621759834657183318995521403849124908447265625
0.1448739618319817845648600496133440174162387847900390625
0.1603099273808624991577431728728697635233402252197265625
0.14376034116422164998994048801250755786895751953125
0.1525524524101177503698778537000180222094058990478515625
0.1746849902509157448360355147087830118834972381591796875
0.1300651138000070705658117731218226253986358642578125
0.1701671362962405564811518843271187506616115570068359375
0.158633153621510702979691131986328400671482086181640625
0.167233985934845896803579989864374510943889617919921875
0.151348772069790193928184862670605070888996124267578125
0.1619628464493762798337428421291406266391277313232421875
0.1473619193854759090722694736541598103940486907958984375
0.15473511680096285747509909924701787531375885009765625
