0.53456590301246997842810060319607146084308624267578125
0.5071879305042681362891698881867341697216033935546875
0.5040861775482545770188380629406310617923736572265625
0.54615800526186808472317579798982478678226470947265625
0.55461290919993466719262187325512059032917022705078125
0.53983473794196823458690914776525460183620452880859375
0.5264589725306978440499960925080813467502593994140625
0.54042421164372622666149936776491813361644744873046875
0.492714160975251280749631632716045714914798736572265625
0.5235136288937598525450312081375159323215484619140625
0.52928627791273907821079092173022218048572540283203125
0.54900409975724950850661798540386371314525604248046875
0.53735610216672402561499666262534447014331817626953125
0.4980889073471954642258197054616175591945648193359375
0.529499460091412021967016698908992111682891845703125
0.51041345510607294411187240257277153432369232177734375
0.4730282716784002250420826385379768908023834228515625
0.5065269935732763517677312847808934748172760009765625
0.52541641218587853412458343882462941110134124755859375
0.5347966145477351940229482352151535451412200927734375
0.530973709098943924544755645911209285259246826171875
0.5048678011511740226779920703847892582416534423828125
0.5442973254137097871563355511170811951160430908203125
0.5151723798552334532274699085974134504795074462890625
0.54310263069757025444772580158314667642116546630859375
0.498056233530924596930589132171007804572582244873046875
0.5330098247219299256727254032739438116550445556640625
0.450128898843723368461411382668302394449710845947265625
0.5159535080865020884033356196596287190914154052734375
0.477426748160092728756609403717448003590106964111328125
0.56655816058120123113184263274888508021831512451171875
0.5616382544720519565117911042761988937854766845703125
0.5204806738439042845811854931525886058807373046875
0.51366350749720279811327827701461501419544219970703125
0.4649165246933544271001892411732114851474761962890625
0.550945883606051456382601827499456703662872314453125
0.52156415636455688566996968802413903176784515380859375
0.51844955954605953518665728552150540053844451904296875
0.48642490343665045759991016893764026463031768798828125
0.5516107968389174498469174068304710090160369873046875
0.5083609925403569373969503430998884141445159912109375
0.516143532942594074341968735097907483577728271484375
0.5362337375351799995115698038716800510883331298828125
0.4900113813587723132769724543322809040546417236328125
0.50357062303665800495622306698351167142391204833984375
0.47400666625329990200299334901501424610614776611328125
0.5162348503266509514020299320691265165805816650390625
0.47974337318086546222417609897092916071414947509765625
0.5383783733719222919233970969798974692821502685546875
0.51123923601092935431466912632458843290805816650390625
0.52830286891759958844971833968884311616420745849609375
0.5696385508743164738376663080998696386814117431640625
0.521159838315792267593451470020227134227752685546875
0.43531018386254782814859254358452744781970977783203125
0.549453433292681925337319626123644411563873291015625
0.49447949433911919658868328042444773018360137939453125
0.5538901515624321536535035193082876503467559814453125
0.55594438832784154325139525099075399339199066162109375
0.56025857863999473096328074461780488491058349609375
0.51129259150271455514058516200748272240161895751953125
0.558291321698478615331850960501469671726226806640625
0.51796979001677823095661779007059521973133087158203125
0.51316292356297565913081371036241762340068817138671875
0.54771521162305714103268883263808675110340118408203125
0.5669749563312442841578331353957764804363250732421875
0.542917221479604972245169847155921161174774169921875
0.51137453532978638381933933487744070589542388916015625
0.5561394186006083373285946436226367950439453125
0.57683989870428120649847869572113268077373504638671875
0.53245548020133581790247490062029100954532623291015625
0.5693025138690728237378380072186700999736785888671875
0.49500503527275008242014564530109055340290069580078125
0.46446333349596369277634266836685128509998321533203125
0.56943065358029787415006239825743250548839569091796875
0.52802649558761471926260355758131481707096099853515625
0.57044416224615968058486714653554372489452362060546875
0.53065718540577133666147346957586705684661865234375
0.452111100767347118267736050256644375622272491455078125
0.56241466329933975654142841449356637895107269287109375
0.5135419375731029578702191429329104721546173095703125
0.50825893451264125832977924801525659859180450439453125
0.47491852117617006090455333833233453333377838134765625
0.5558412547468503106529169599525630474090576171875
0.50872027897478544478104822701425291597843170166015625
0.449754435548575692838113582183723337948322296142578125
0.5899888814124434333052704459987580776214599609375
0.51015691140597851926941075362265110015869140625
0.52902598843072790035790831097983755171298980712890625
0.47792392961103480342188731810892932116985321044921875
0.489228502028508371868298354456783272325992584228515625
0.56157162566364859923595531654427759349346160888671875
0.53101718930514085759142517417785711586475372314453125
0.455976576711963399457516743495943956077098846435546875
0.490228385654786158465157086538965813815593719482421875
0.48002970710558934275269393765483982861042022705078125
0.54313684975792220210877303543384186923503875732421875
0.51711443797034661873368577289511449635028839111328125
0.499963537756640874487601422515581361949443817138671875
0.4336370411668239999158913633436895906925201416015625
0.498438388714513458399579803881351836025714874267578125
0.50953791410690862928589695002301596105098724365234375
0.50393532321230638526543543775915168225765228271484375
0.555725319438378217995477825752459466457366943359375
0.498866907185144814462773865670897066593170166015625
0.520569756898770830133571507758460938930511474609375
0.504839943708017546697419675183482468128204345703125
0.447504012286672969711531777647905983030796051025390625
0.50194310275863163184340010047890245914459228515625
0.526871207715907896584894842817448079586029052734375
0.487333077164177119744437050030683167278766632080078125
0.48619308293384422281491197281866334378719329833984375
0.467938733209408985747046472170040942728519439697265625
0.48320051686981024818834384859655983746051788330078125
0.542127478676349028319236822426319122314453125
0.559514236896855532421568568679504096508026123046875
0.498630652576092681105279780240380205214023590087890625
0.5299961816304072925731816212646663188934326171875
0.52430696856028224939194615217274986207485198974609375
0.4882535055810695023836842665332369506359100341796875
0.52139604097579306252185915582231245934963226318359375
0.547457419109311782534632584429346024990081787109375
0.47549081093669276487645447559771127998828887939453125
0.5113438998920953881821560571552254259586334228515625
0.51714245994926322236295845868880860507488250732421875
0.45961218092483158148553457067464478313922882080078125
0.54993875450012652539300006537814624607563018798828125
0.5379000598074032968298752166447229683399200439453125
0.56961370892998741677359930690727196633815765380859375
0.507259542004397712133823006297461688518524169921875
0.57044542981529711145327610211097635328769683837890625
0.51324015391185684453745352584519423544406890869140625
0.4951822416761670897500380306155420839786529541015625
0.512195987024895327266449385206215083599090576171875
0.51818104108549845054909610553295351564884185791015625
0.498951601090845298092091297803563065826892852783203125
0.53945902054962946436944548622705042362213134765625
0.51700090558205780144618302074377425014972686767578125
0.4677160815202956456460015033371746540069580078125
0.5492839511692519938179657401633448898792266845703125
0.494290062071453373260254693377646617591381072998046875
0.53220625697038814738704104456701315939426422119140625
0.50233678666767478393495593991247005760669708251953125
0.462547049811678989694740948834805749356746673583984375
0.54121053683283359969635739616933278739452362060546875
0.50495264453754462596890562053886242210865020751953125
0.50828392281492396076458817333332262933254241943359375
0.50167236661565428601505800543236546218395233154296875
0.5137826593210175207815382236731238663196563720703125
0.48839545041315501894274575533927418291568756103515625
0.51776685492558682799568714472115971148014068603515625
0.534809905723317324799381822231225669384002685546875
