0.51618292462482473492713097584783099591732025146484375
0.457387927287779827434377466488513164222240447998046875
0.36863287941153799476268204671214334666728973388671875
0.50598526557406164894103994811302982270717620849609375
0.46813985668402491313599966815672814846038818359375
0.47150284009222309666853334420011378824710845947265625
0.472329875890437900221030531611177138984203338623046875
0.465623209582349095736475419471389614045619964599609375
0.473975606737052912453833641848177649080753326416015625
0.429068730986604307542364722394268028438091278076171875
0.467818743201140474496924070990644395351409912109375
0.44435949303714938896092689901706762611865997314453125
0.544138612518016540064991204417310655117034912109375
0.491687842766690808016250002765445969998836517333984375
0.5746414446278922394384380822884850203990936279296875
0.458497846317384105674364036531187593936920166015625
0.48827145367175450729746444267220795154571533203125
0.44991279170042008939134348111110739409923553466796875
0.46571995000904908845740237666177563369274139404296875
0.5326790689501865738719743603724054992198944091796875
0.4043990301674302845214015178498812019824981689453125
0.43614475636264471436476242161006666719913482666015625
0.5007284442688113568209473669412545859813690185546875
0.50506363884663352248338696881546638906002044677734375
0.56010564983728194921042131682042963802814483642578125
0.4263247844040443101931714409147389233112335205078125
0.459014755777323812946377756816218607127666473388671875
0.41148835779156411884827093672356568276882171630859375
0.45237082871778599990619795789825730025768280029296875
0.372402280719949019260894829130847938358783721923828125
0.5299619646023876473606151193962432444095611572265625
0.530528107118752867421562768868170678615570068359375
0.475015766375613102123764974749065004289150238037109375
0.48516679524787298394272738732979632914066314697265625
0.33076590418856277597825510383700020611286163330078125
0.53249807098023893559002317488193511962890625
0.4320115069495387150055876190890558063983917236328125
0.496005580886221597580743036814965307712554931640625
0.481480641504678896769320317616802640259265899658203125
0.48795837161061428322028632464935071766376495361328125
0.51813792110097534049373280140571296215057373046875
0.445181136807143496003646987446700222790241241455078125
0.48671643673062481294522285679704509675502777099609375
0.394001949456892097689575393815175630152225494384765625
0.42003521086297890274607880201074294745922088623046875
0.457122305873556789013179013636545278131961822509765625
0.53635170808423626720440324788796715438365936279296875
0.51454236882794457397238829798880033195018768310546875
0.5146665958431839715814248847891576588153839111328125
0.444535983881867713396474073306308127939701080322265625
0.5224474270865420155729452744708396494388580322265625
0.57409617747615759864032725090510211884975433349609375
0.50413124674165654681701198569498956203460693359375
0.47616256396913259063552459338097833096981048583984375
0.55984599019907632655446150238276459276676177978515625
0.5263027203799810482820475954213179647922515869140625
0.5557643284233060310128848868771456182003021240234375
0.5329382484300031475044079343206249177455902099609375
0.544871429181455813051115910639055073261260986328125
0.380886158764056015346710637459182180464267730712890625
0.5059069184452216205727381748147308826446533203125
0.39482479357669209019121581150102429091930389404296875
0.47166147415349357618907788491924293339252471923828125
0.51043343466609203407102768323966301977634429931640625
0.54946150230401524794388024020008742809295654296875
0.497581086737557576338275566740776412189006805419921875
0.50467313967269034069573763190419413149356842041015625
0.5447436475595279770089973681024275720119476318359375
0.489176162458164309754238274763338267803192138671875
0.51701535302279799655167380478815175592899322509765625
0.55059690724443821618905303694191388785839080810546875
0.44961992983730569850564506850787438452243804931640625
0.47161631624640210080912083867588080465793609619140625
0.530831671961795148462215365725569427013397216796875
0.488663136909855910783306853772955946624279022216796875
0.497877515468249376429099584129289723932743072509765625
0.514674245947016828495179652236402034759521484375
0.44036799205932120049311606635455973446369171142578125
0.520237630767677927678960259072482585906982421875
0.46529755660666760608279446387314237654209136962890625
0.44426243971306178526248231719364412128925323486328125
0.39695351079194141075134893981157802045345306396484375
0.5763319679250009652804465076769702136516571044921875
0.44383316439618158977253870034473948180675506591796875
0.378826255611176720972110842922120355069637298583984375
0.45601000118028778285150792726199142634868621826171875
0.44866393593815578899608453866676427423954010009765625
0.454721033360926174538008126546628773212432861328125
0.443150773493446614725854715288733132183551788330078125
0.4579856974582983131227820194908417761325836181640625
0.50977718311462982825332801439799368381500244140625
0.5376873537320816520690414108685217797756195068359375
0.44224001481850760963965285554877482354640960693359375
0.39939401317453560036341286831884644925594329833984375
0.4220560150482814965045008648303337395191192626953125
0.5109614940121895987346078982227481901645660400390625
0.4589405282934126972804733668453991413116455078125
0.48936202954008767296301130045321770012378692626953125
0.29708759566461961920680323601118288934230804443359375
0.4629840573116907886941362448851577937602996826171875
0.476700431419240511221602218938642181456089019775390625
0.50503896980747953193713328801095485687255859375
0.529980589430918858084851308376528322696685791015625
0.405081248377742009214586005327873863279819488525390625
0.471179657309209576343533854014822281897068023681640625
0.45303569692090739362555495972628705203533172607421875
0.439047754384972177543744464855990372598171234130859375
0.456429240805099001310196626945980824530124664306640625
0.476974646199586016503957353052101098001003265380859375
0.471964233890449502695219052839092910289764404296875
0.3761184660720215955365119953057728707790374755859375
0.477858860697147280749419451240100897848606109619140625
0.42433067089597209520235310264979489147663116455078125
0.50265780546291016772642024079686962068080902099609375
0.51886965165461529370105608904850669205188751220703125
0.471318324843040425964346695764106698334217071533203125
0.44515724114570909275556687134667299687862396240234375
0.51551294323737628655379694464500062167644500732421875
0.404316474548408411049393862413126043975353240966796875
0.386516785334694079612205541707226075232028961181640625
0.486129471543885915973959299662965349853038787841796875
0.458508775397259704664776336358045227825641632080078125
0.4643082866362890914757599603035487234592437744140625
0.5169914484991433578642272550496272742748260498046875
0.44285887222621678205314310616813600063323974609375
0.463046467523256399800857252557761967182159423828125
0.43221497188079160967077996247098781168460845947265625
0.51125937201788307362448904314078390598297119140625
0.475146601950016178594893290210166014730930328369140625
0.53185422685968852807292250872706063091754913330078125
0.496362908039536920856704682591953314840793609619140625
0.40460028558187410840929487676476128399372100830078125
0.4874031474784032980096526443958282470703125
0.52362498957599490356784599498496390879154205322265625
0.40531915858719969047996301014791242778301239013671875
0.46991002504395107397527908688061870634555816650390625
0.5250925487324120677357086606207303702831268310546875
0.401851174454786519429916324952500872313976287841796875
0.53085824252646995891069536810391582548618316650390625
0.477625387791778377444273928631446324288845062255859375
0.39838084165315967855036660694167949259281158447265625
0.5072283624952083069814534610486589372158050537109375
0.448616020316763786102143285461352206766605377197265625
0.53296609466105426822224444549647159874439239501953125
0.5192370275159474690696015386492945253849029541015625
0.51124085932108176422161704977042973041534423828125
0.470093704936967504703915210484410636126995086669921875
0.519131353372667359025172117981128394603729248046875
0.48392503183722868076444001417257823050022125244140625
0.48270435687252322143336868975893594324588775634765625
0.52109683592054978351626459698309190571308135986328125
