179711101678669165182
145245245994369687340
148182446694357176764
171303708490261500974
127135617188441638323
144471594747926228400
162816215917011594498
189331203635091448807
158178262080559208106
141567995204675376674
166456988265781776153
151280156775135064277
155339224319073367506
172484052259288190029
156152920987692348446
187751313064233526708
173248460034276439665
154645593414146084064
165149719508139705338
175882887658793491475
142508765523720541744
183387661310561860252
172520822100233485916
166108242885976016892
165802721602414036599
168449328659987769929
171558911085796942886
165337442036417763067
172485697229789597617
174813409896180108999
172264818084565505846
174340929469140330318
163248270735318980776
132305097358331729126
164337195576842984878
155525622981618778143
174935669921847558664
158450664632768606794
177620374104493866705
166583916237572864280
175700115226020400469
130496177749060285206
160222177345581352906
142532978947200737990
152327611069958492740
168221106920110030641
167331995895771631104
133481361095177080512
142034292478181646549
182335298859082050637
171390593839761195819
158534445908816045466
153603274727416008636
164365426443017933963
175443856682435745798
161050666451153049211
160375174774534791593
171786310686418539836
163838639928029889572
177287242939694921100
164343223296197675818
176254114960953939648
156117798833992032112
132776486960392528815
155405179388883907589
168687214599883552437
161394823192518698336
163659723521079271488
162398503951314076774
166831437899155745502
146480549541827437089
171244055424389249873
187722778592494070516
172304536140294152789
174201546855010999455
152422526226553429461
172615398147877550378
157423795429498262388
158893843900365160193
145266758388626078466
179580778778932116912
162328211280671790388
136017423504101303969
176526737500622876975
181853275385449297481
152830439188275162810
133541301297251908487
163943749001200319017
154089909778815799292
148764995681412150926
174652481936623998264
150925239864413078920
171470131868215148391
144039113588460894764
179060777179229853418
165533316341372160717
175121910249227706471
177655913392899383757
37090955828416380250
156172442277313694467
177381252057253338563
163521740207167786476
143381486585290791067
150930942055167894945
159016969797900869840
178646634071105281478
156858217955882914807
174774186732273962879
176209949248840803522
120701497018930855739
161311088818429810296
163103308034593681207
164837983685892492427
160176635342905489843
171269648824863894369
155829454554176683579
157211320971059005588
153521404753767262105
181225735477078447868
154018124852683832714
157354591927042863162
179401505285887403995
182427774587338142734
155529940441735320544
180989781421173477690
168375743047388582322
174037305543326216116
151494506454679142087
136452368288396251477
145227829803468274971
163363265353557387375
150408257011830642972
158507717401865231667
163439643097358648741
160947536121554222658
159964037417193998913
173446281792439774364
166444794171478269282
168099870538628390928
168655871557543449968
160308370792634493469
179087636293856067023
136338585204854124416
152940071268962021427
163840276278396427095
170054334543254212733
169645267860796107870
174755107642329979253
137233382955196906409
154613033015328154382
179902307176133249067
