657.8817236423492431640625
657.88165378570556640625
657.881853580474853515625
657.8816711902618408203125
657.881640911102294921875
657.8818490505218505859375
657.88172054290771484375
657.8817961215972900390625
657.881844997406005859375
657.881653308868408203125
657.8818747997283935546875
657.88156795501708984375
657.8817043304443359375
657.881580829620361328125
657.881602764129638671875
657.8818423748016357421875
657.8818004131317138671875
657.881834506988525390625
657.8817653656005859375
657.8820760250091552734375
657.88179779052734375
657.8816967010498046875
657.88177776336669921875
657.8815572261810302734375
657.8816707134246826171875
657.8815915584564208984375
657.881886005401611328125
657.8815252780914306640625
657.881706714630126953125
657.883096218109130859375
657.8822391033172607421875
657.8817465305328369140625
657.881640911102294921875
657.8816773891448974609375
657.8815860748291015625
657.881782054901123046875
657.8819797039031982421875
657.881624698638916015625
657.88178920745849609375
657.8817484378814697265625
657.8816177845001220703125
657.881701946258544921875
657.8830687999725341796875
657.8816165924072265625
657.8818986415863037109375
657.8816993236541748046875
657.881984233856201171875
657.881876468658447265625
657.881853580474853515625
657.8817212581634521484375
657.881535053253173828125
657.8816993236541748046875
657.8816585540771484375
657.881566524505615234375
657.881710052490234375
657.88202667236328125
657.8817348480224609375
657.88164615631103515625
657.88178920745849609375
657.8815314769744873046875
657.8816578388214111328125
657.88165950775146484375
657.8819272518157958984375
657.881913661956787109375
657.8816139698028564453125
657.883106231689453125
657.88183689117431640625
657.8817083835601806640625
657.8817226886749267578125
657.8816158771514892578125
657.8816356658935546875
657.881331920623779296875
657.8832378387451171875
657.8818454742431640625
657.881735324859619140625
657.881848812103271484375
657.88172054290771484375
657.881721019744873046875
657.8818161487579345703125
657.8815937042236328125
657.8816306591033935546875
657.8819711208343505859375
657.8815662860870361328125
657.881726741790771484375
657.881740570068359375
657.8816783428192138671875
657.881842136383056640625
657.8817646503448486328125
657.881694793701171875
657.88172054290771484375
657.8831350803375244140625
657.8817031383514404296875
657.8818194866180419921875
657.8824036121368408203125
657.883103847503662109375
657.881548404693603515625
657.8819367885589599609375
657.8819572925567626953125
657.8817098140716552734375
657.8817846775054931640625
657.8815705776214599609375
657.881631374359130859375
657.881687641143798828125
657.8817794322967529296875
657.8818109035491943359375
657.8816530704498291015625
657.8816130161285400390625
657.881874561309814453125
657.8817303180694580078125
657.88169765472412109375
657.881655216217041015625
657.8833129405975341796875
657.881844043731689453125
657.8817350864410400390625
657.8816864490509033203125
657.881743907928466796875
657.88172149658203125
657.8817527294158935546875
657.8817393779754638671875
657.8819026947021484375
657.8816292285919189453125
657.881748676300048828125
657.881737232208251953125
657.881728649139404296875
657.8816072940826416015625
657.8818547725677490234375
657.881609439849853515625
657.8831312656402587890625
657.88155269622802734375
657.8816230297088623046875
657.8819243907928466796875
657.8833949565887451171875
657.8817451000213623046875
657.8816902637481689453125
657.88165378570556640625
657.8818056583404541015625
657.881596088409423828125
657.881608486175537109375
657.8812716007232666015625
657.8817851543426513671875
657.88172149658203125
657.8834073543548583984375
657.8819534778594970703125
657.882033824920654296875
657.8817138671875
657.881959438323974609375
657.881559848785400390625
657.8817632198333740234375
657.883718967437744140625
657.881739139556884765625
657.8816070556640625
