18.301884174346923828125
18.0867969989776611328125
18.1665499210357666015625
18.03983211517333984375
18.177116870880126953125
18.1898772716522216796875
17.9464142322540283203125
18.2600066661834716796875
17.827566623687744140625
17.8249576091766357421875
17.831485748291015625
17.9261608123779296875
18.0802328586578369140625
20.1298191547393798828125
16.9971768856048583984375
18.079111576080318712911321199499070644378662109375
18.119152069091796875
18.0909578800201416015625
17.6968543529510498046875
18.15238094329833984375
18.0895977020263671875
17.9659678936004638671875
18.0962049961090087890625
18.0662212371826171875
18.2386615276336669921875
18.2717659473419189453125
18.1229064464569091796875
18.2061364650726318359375
18.1399173736572265625
18.072738170623779296875
18.149882793426513671875
18.3738267421722412109375
17.782438755035400390625
17.832394123077392578125
17.7251522541046142578125
17.807528972625732421875
17.8724896907806396484375
17.7648065090179443359375
17.837153911590576171875
17.894431591033935546875
18.2158439159393310546875
17.9891717433929443359375
18.031087398529052734375
18.2345111370086669921875
18.2419950962066650390625
18.001793384552001953125
18.147899627685546875
18.172077178955081677713678800500929355621337890625
18.2445814609527587890625
18.0820429325103759765625
18.2143771648406982421875
18.1044213771820068359375
17.95888614654541015625
17.857320308685302734375
18.2022063732147216796875
18.0087606906890869140625
18.519443988800048828125
18.5429303646087646484375
18.125032424926761365213678800500929355621337890625
18.0573756694793701171875
18.1433124542236328125
18.342113494873046875
18.52642822265625
17.9849948883056640625
17.8822498321533203125
18.357276439666748046875
18.270049810409542345723821199499070644378662109375
18.4853763580322265625
18.446033954620361328125
18.21623134613037109375
17.6473801136016845703125
17.5463244915008544921875
18.169435024261474609375
18.2330219745635986328125
17.9953792095184326171875
18.046417713165283203125
17.8592154979705810546875
17.9683640003204345703125
18.3096773624420166015625
18.454434394836422228536321199499070644378662109375
18.110342502593990587911321199499070644378662109375
18.0619561672210693359375
18.0427558422088623046875
18.0314123630523681640625
18.233191967010494494161321199499070644378662109375
17.763318538665771484375
17.7644493579864501953125
18.236309051513671875
17.9038326740264892578125
17.8727748394012451171875
17.85298633575439453125
17.8538515567779541015625
17.7614538669586181640625
17.9400527477264404296875
18.086033344268798828125
18.0707676410675048828125
17.9364483356475830078125
17.890656948089599609375
17.7752249240875244140625
17.976959705352783203125
18.1614959239959716796875
17.9953172206878662109375
17.9964678287506103515625
17.915136814117431640625
18.0007956027984619140625
17.96963787078857421875
17.9625530242919921875
17.986483097076416015625
17.749682903289794921875
17.9917385578155517578125
17.981808185577392578125
17.9229323863983154296875
18.010633945465087890625
18.0472965240478515625
18.342061758041385388651178800500929355621337890625
18.099336147308349609375
18.2679126262664794921875
18.2386333942413330078125
18.2618453502655029296875
18.293555736541748046875
17.9712064266204833984375
18.2802770137786865234375
18.302439212799072265625
18.2175104618072509765625
18.105174541473388671875
18.024549961090087890625
17.8657855987548828125
17.9324748516082763671875
18.0687923431396484375
18.0503737926483154296875
18.1641976833343505859375
18.21274089813232421875
17.8616998195648193359375
18.28569793701171875
18.2446601390838623046875
18.1399328708648681640625
18.2420933246612548828125
17.9521377086639404296875
17.9561579227447509765625
18.2171823978424072265625
18.306236743926998400411321199499070644378662109375
18.7882480621337890625
17.7952334880828857421875
17.9011967182159423828125
18.4384975433349609375
18.3685882091522216796875
18.2626140117645263671875
17.8146107196807861328125
17.9834125041961669921875
17.814138889312744140625
17.92936992645263671875
