0.004486867552329818452372389714355449541471898555755615234375
0.003970181436077906134141102256762678734958171844482421875
0.004181779025800473788276878650549406302161514759063720703125
0.005265508276742165115480442949547068565152585506439208984375
0.005478210010200413281056253111955811618827283382415771484375
0.006016233583583504608560676985007376060821115970611572265625
0.00485932688562519012054341516204658546485006809234619140625
0.005886205193187640620500200583364858175627887248992919921875
0.00561366876468614994788453032015240751206874847412109375
0.002765210978488957978271844950768354465253651142120361328125
0.004836654985338394337202050365931427222676575183868408203125
0.00445971993066282372530917399444660986773669719696044921875
0.004569845222930504248515237719630022183991968631744384765625
0.00717670992915556311964042635054283891804516315460205078125
0.00514516368707905978607808350488994619809091091156005859375
0.005235369597841241055824479389002590323798358440399169921875
0.0046776492092872080930110456620241166092455387115478515625
0.00436925043407637887782346552967283059842884540557861328125
0.00582345235141498891728861764249813859350979328155517578125
0.004783115208706420311279838841755918110720813274383544921875
0.003322722347660038953731653776912935427390038967132568359375
0.005828476318217208629324233015722711570560932159423828125
0.005324796199052786969951878148776813759468495845794677734375
0.007365734480378950677081917319810600019991397857666015625
0.00512178946995735066838317806059421855024993419647216796875
0.0029033248963456020040607707954904981306754052639007568359375
0.0066684915869530021759192806030114297755062580108642578125
0.005088480680762445806930571734483237378299236297607421875
0.006646147744622770379974152632485129288397729396820068359375
0.006184099502564118118475011698365051415748894214630126953125
0.003908020145495619789011154665558933629654347896575927734375
0.003791367463723127086139275121468017459847033023834228515625
0.00961372130380718122044658713321041432209312915802001953125
0.004334303862522846835514389596255568903870880603790283203125
0.007327240506024608988899782247017355985008180141448974609375
0.0051053634158808869347723202736233361065387725830078125
0.004889255264562935264505139087987117818556725978851318359375
0.00440642968406233966061069651232173782773315906524658203125
0.00305481254780621928890393945721370982937514781951904296875
0.00494446735540333449920868957860875525511801242828369140625
0.00278717874482358081433819307903831941075623035430908203125
0.005746362587896743957804890357010663137771189212799072265625
0.00149859644667551888085055278310164794675074517726898193359375
0.004437300332380779942231807666530585265718400478363037109375
0.006088381131791866830715864722378682927228510379791259765625
0.0082162979816100545349399908445775508880615234375
0.0062778575978417287817290315388163435272872447967529296875
0.00828472935136849268633607579204181092791259288787841796875
0.005239475446889568267805348256160868913866579532623291015625
0.007367941159890396309040117017730153747834265232086181640625
0.0035624713777132909799105764392379569471813738346099853515625
0.0031769561427302073046419206292512171785347163677215576171875
0.0061331701999248651457907755002452176995575428009033203125
0.009118585432646715560611738737861742265522480010986328125
0.0099870259126552986261859956584885367192327976226806640625
0.004037787053641709276996518696023485972546041011810302734375
0.006284960497542507219803642470878912718035280704498291015625
0.007063659851127597998077245478043550974689424037933349609375
0.006805400024928652535916029364670976065099239349365234375
0.003053043633286804149629123372733374708332121372222900390625
0.0038808503563155763611824955461315767024643719196319580078125
0.008690575511013813592153809395313146524131298065185546875
0.00407089573636324093819371938707263325341045856475830078125
0.005318952240922657746791113453355137608014047145843505859375
0.0055970637016723341627955079502498847432434558868408203125
0.0037376225855060957702080681741563239484094083309173583984375
0.0026885842377343863694727499336067921831272542476654052734375
0.004907604108640960249854146013603894971311092376708984375
0.00457605860965447364119285111883073113858699798583984375
0.0037111308241421785310276693081732446444220840930938720703125
0.0036901191330565527061458030999574475572444498538970947265625
0.00718130795235642771512374338271911256015300750732421875
0.004501044477604325931563433726978473714552819728851318359375
0.007670910531344394232833305835583814769051969051361083984375
0.00563657485377144946980809692149705369956791400909423828125
0.007590975345799001218483059716390926041640341281890869140625
0.00459458040419657987030177537235431373119354248046875
0.006741688033928474634015604038950186804868280887603759765625
0.0042341053730783791142489036474216845817863941192626953125
0.006800701438772740504978830955451485351659357547760009765625
0.005303048873570074227268289490666575147770345211029052734375
0.005274032843987495021431666231137569411657750606536865234375
0.0066705076741258861883210329324356280267238616943359375
0.0034096926194551193355086748937310403562150895595550537109375
0.005428564610371478492412133931566131650470197200775146484375
0.0028151255089142713204652945790940066217444837093353271484375
0.003966239224765562808305841002720626420341432094573974609375
0.00416411377678697729176615638380098971538245677947998046875
0.003816689863369352418709379293204619898460805416107177734375
0.004417014036940264572195236070228929747827351093292236328125
0.0034820199786146587526969309323021661839447915554046630859375
0.0020441756014165451092734482330115497461520135402679443359375
0.0039823481812575507732265833737983484752476215362548828125
0.0067619301212425188263299702384756528772413730621337890625
0.004815657704552966413003023404826308251358568668365478515625
0.0034742347531642975115573346300834600697271525859832763671875
0.00365684531138925350557400406614760868251323699951171875
0.00307243230852581421241875858640923979692161083221435546875
0.002442098651223975104562757820758633897639811038970947265625
0.005208322935748643973952187735676488955505192279815673828125
0.0033868022343215074647371221061575852218084037303924560546875
0.0057000030042444298217230169711911003105342388153076171875
0.003657168259838712749687505976226020720787346363067626953125
0.00588635231937466134322090027808371814899146556854248046875
0.004766484003440878310098316461562717449851334095001220703125
0.01017309379506168599827109488842324935831129550933837890625
0.00600438859101186904465574656342141679488122463226318359375
0.004534901158388366694540483337050318368710577487945556640625
0.00783052086259147274438507935201414511539041996002197265625
0.010062174198715044537433271898407838307321071624755859375
0.0039826856275866316658973431685808463953435420989990234375
0.00536884840175928801375704324527760036289691925048828125
0.00480666964248873014586838081640962627716362476348876953125
0.006288952562457865436140735937442514114081859588623046875
0.0068997224911034604755144528098753653466701507568359375
0.00521772500696758394223007115897416952066123485565185546875
0.0029006996109415014543919664191662377561442553997039794921875
0.00507373486060763885518998250745426048524677753448486328125
0.004920281915084555313111280838711536489427089691162109375
0.003839598318407821432585169674212011159397661685943603515625
0.0049891844049507853842140292499607312493026256561279296875
0.00520491147162525057134896400157231255434453487396240234375
0.005038740597773416589333361770286501268856227397918701171875
0.00550234796467640070727345147361120325513184070587158203125
0.007161397148217393988922641057115470175631344318389892578125
0.00491838457134649402469062096088237012736499309539794921875
0.00315225026269490803121353650340097374282777309417724609375
0.00490124984765293036925726255503832362592220306396484375
0.003445936123247843492489739247730540228076279163360595703125
0.004861889536684018721379718641628642217256128787994384765625
0.00411892885414290831069816789522519684396684169769287109375
0.005505461408469770716311852964963691192679107189178466796875
0.0042478031385918268991730428751907311379909515380859375
0.00523812125849352182294094149028751417063176631927490234375
0.0044125028197599079626822771160732372663915157318115234375
0.007247459751512699659137251018137249047867953777313232421875
0.0032374100742765771036857369580275189946405589580535888671875
0.004916539257691300741914819383282519993372261524200439453125
0.0038802598690293971066267442182606828282587230205535888671875
0.006915456051778282563213817724090404226444661617279052734375
0.00298744743048784920647076290833865641616284847259521484375
0.002668202931341291141154048460748526849783957004547119140625
0.0046415256501456669813165945015498436987400054931640625
0.0029185765574780806082266781942280431394465267658233642578125
0.003694487513869379978481699566827956004999577999114990234375
0.00680419328555427992133441961186690605245530605316162109375
0.007345453130755695385356585092040404560975730419158935546875
0.004547864530920086960363857286893107811920344829559326171875
0.0046058769721572349886695718623741413466632366180419921875
0.006031945704668021344951878148776813759468495845794677734375
0.00544476288940252094172844721242654486559331417083740234375
