18.0712692737579345703125
18.183098554611209607401178800500929355621337890625
18.0799000263214111328125
18.0133340358734130859375
18.2053778171539306640625
18.304899692535400390625
17.8868520259857177734375
18.0519316196441650390625
17.9314863681793212890625
17.7618963718414306640625
17.8283679485321044921875
17.927061557769775390625
18.043669223785400390625
16.8132536411285400390625
16.918273448944091796875
18.26125335693359375
17.9807164669036865234375
17.977350711822509765625
17.73889636993408203125
18.0902626514434814453125
18.0612461566925048828125
17.9058706760406494140625
17.9920775890350341796875
18.0820152759552001953125
18.12461185455322265625
18.2647006511688232421875
18.283626556396484375
18.2495167255401611328125
18.3178904056549072265625
18.2084596157073974609375
18.062417507171630859375
18.2630913257598876953125
17.8021380901336669921875
17.706507205963134765625
17.835124492645263671875
17.78546237945556640625
17.7336356639862060546875
17.9333522319793701171875
18.035621166229248046875
17.7687475681304931640625
17.9599869251251220703125
18.160140514373779296875
17.855899810791015625
18.130214691162109375
18.342986583709716796875
17.989067554473876953125
18.168304920196533203125
18.158878803253177380838678800500929355621337890625
18.1350796222686767578125
18.0735805034637451171875
18.0704195499420166015625
18.169365406036376953125
17.79193115234375
18.2184827327728271484375
18.170716762542724609375
17.826386928558349609375
18.518178462982177734375
18.556520938873291015625
18.2348639965057373046875
18.1073391437530517578125
18.1655390262603759765625
18.43599605560302734375
18.333674907684329724588678800500929355621337890625
17.8856945037841796875
17.7511501312255859375
18.278728961944580078125
18.31659603118896484375
18.322757244110107421875
18.410202503204345703125
18.20911407470703125
17.6106822490692138671875
17.7036454677581787109375
18.419897556304931640625
18.0785348415374755859375
18.132999897003177380838678800500929355621337890625
18.0108935832977294921875
17.936908721923828125
17.95154571533203125
18.2424581050872802734375
18.3453614711761474609375
18.1364505290985107421875
18.088508129119873046875
18.079943180084228515625
18.0013980865478515625
18.153735876083377576151178800500929355621337890625
17.6229076385498046875
17.8580875396728515625
18.054818630218502306661321199499070644378662109375
17.981095790863037109375
17.8333733081817626953125
17.7714612483978271484375
17.7409126758575439453125
17.7649166584014892578125
17.92503452301025390625
18.2224690914154052734375
17.95804595947265625
17.9119412899017333984375
17.757627010345458984375
17.7923285961151123046875
17.95992279052734375
18.1106302738189697265625
18.0165646076202392578125
17.9292781352996826171875
18.025715351104736328125
18.0374848842620849609375
18.0137436389923095703125
17.8952198028564453125
18.059756755828857421875
17.6309196949005126953125
18.0616824626922607421875
17.889944553375244140625
18.0124111175537109375
17.9395401477813720703125
17.9267132282257080078125
18.1900618076324462890625
18.0079143047332763671875
18.277253627777099609375
18.22115612030029296875
18.203794002532958984375
18.3025481700897216796875
18.0156238079071044921875
18.51723766326904296875
18.598283052444454455098821199499070644378662109375
18.0793821811676025390625
18.1934163570404052734375
17.959900379180908203125
18.043904542922977185526178800500929355621337890625
17.9646074771881103515625
18.0849058628082275390625
17.8325555324554443359375
18.04298496246337890625
18.28009128570556640625
17.649561405181884765625
18.1900422573089599609375
18.13778591156005859375
18.100655078887939453125
18.23310375213623046875
17.89531612396240234375
17.9614727497100830078125
18.1241858005523681640625
18.2848961353302001953125
18.7349898815155029296875
17.7922637462615966796875
17.9116306304931640625
18.331100940704345703125
18.3429996967315673828125
17.9019181728363037109375
17.8143122196197509765625
18.0039980411529541015625
18.0397994518280029296875
17.6949846744537353515625
