0.00401312814711758843178035505161460605449974536895751953125
0.0037371467894650408671231023305381313548423349857330322265625
0.003870659803601420902163798842821051948703825473785400390625
0.00503309688709875462098164433655256289057433605194091796875
0.00543335010869154533263980511037516407668590545654296875
0.005406716066970038668537679171777199371717870235443115234375
0.00460232201322111587893370909796431078575551509857177734375
0.005674578496862183775439891775249634520150721073150634765625
0.0053889454123887021996797130896084127016365528106689453125
0.002647654594965313280818808294725386076606810092926025390625
0.004269546962970019628180740056677677785046398639678955078125
0.0035966078712690277736918620377082334016449749469757080078125
0.004077516980274365800129832138054553070105612277984619140625
0.00687870588791642499637557506275697960518300533294677734375
0.0049118453919885229908004475873894989490509033203125
0.00447672438567748263993362201063064276240766048431396484375
0.004510916614520617783090639107967945165000855922698974609375
0.004004627898102022624804430250833320314995944499969482421875
0.00522117882928900545191908122433233074843883514404296875
0.004487683172103095786964477298397468985058367252349853515625
0.003141617555380599342840231003037843038327991962432861328125
0.00558269344886997039012488386333643575198948383331298828125
0.0050025423228405620224013006236418732441961765289306640625
0.00716088819543518086130351463225451880134642124176025390625
0.00423904263656359192591338569400249980390071868896484375
0.002541486728320313699669430462790842284448444843292236328125
0.006471488576417622033687404581314694951288402080535888671875
0.004870408455567556450793720301817302242852747440338134765625
0.006477842307547797273681311480686417780816555023193359375
0.0060788334307432349834510176833646255545318126678466796875
0.0036576382172508214475625809569692137301899492740631103515625
0.0035763483760804406878797134794467638130299746990203857421875
0.0090048726368969107813899910297550377435982227325439453125
0.004253589965183385800118198716290862648747861385345458984375
0.00718322981797628844213843279931097640655934810638427734375
0.00493496067903533182363862152897127089090645313262939453125
0.004737439309679088335347518778917219606228172779083251953125
0.004207768831597173686542845416624913923442363739013671875
0.0029785509899146367547573266421068183262832462787628173828125
0.004626822303365213211179263197436739574186503887176513671875
0.0024563286830979595178059415871985038393177092075347900390625
0.0054084057911706999444145793631832930259406566619873046875
0.00138112028119651637954323764034825217095203697681427001953125
0.004132093294675990950703958759504530462436378002166748046875
0.005567711049763729956596503001264863996766507625579833984375
0.00774570663701565527425874080336143379099667072296142578125
0.0058612280068915563469023055631623719818890094757080078125
0.007541622080220924083382438851685947156511247158050537109375
0.005127961680356988953544128406747404369525611400604248046875
0.006889367167378518570786116725912506808526813983917236328125
0.0033399874056476018709116448945906086009927093982696533203125
0.003034544412820487126192237070654300623573362827301025390625
0.005940399564923338864008695026086570578627288341522216796875
0.0089951042383627777265786562566063366830348968505859375
0.00882587847127118928225453231561914435587823390960693359375
0.003952815920102555925785825508000925765372812747955322265625
0.00576308769320883935993737878789033857174217700958251953125
0.006364600997698205940567017790954196243546903133392333984375
0.00499041566074105193140386660388685413636267185211181640625
0.00243632280357312762386623461452472838573157787322998046875
0.003839057925420692220230822755411281832493841648101806640625
0.00792641339426069201079538828480508527718484401702880859375
0.00372554090982650347452231898159880074672400951385498046875
0.004977967266124893631895620416116798878647387027740478515625
0.00531069906574701579293762421229985193349421024322509765625
0.0034985486875255232541714889293871237896382808685302734375
0.0024593832577401724022447826456527764094062149524688720703125
0.0044835304406315966418983265384667902253568172454833984375
0.004457463283485230999547699326512883999384939670562744140625
0.003534506754568783083725325155910468311049044132232666015625
0.003418700677563587912721754236144988681189715862274169921875
0.007037165423732962520053657584639950073324143886566162109375
0.00416231561889933952824716101304147741757333278656005859375
0.007438989429886526567881066540621759486384689807891845703125
0.005274952317612016834680321863970675622113049030303955078125
0.007210643858636606347289887963825094630010426044464111328125
0.00422779126402971806852892910910668433643877506256103515625
0.00631109286767845591159531437597252079285681247711181640625
0.0037200792699699984471262137475378040107898414134979248046875
0.0065611585692907960221109675558182061649858951568603515625
0.004856772856214557239351581330311091733165085315704345703125
0.004444969070634400241937012054904698743484914302825927734375
0.00596631643274618539418696627762983553111553192138671875
0.0032945622690910216119608566742726907250471413135528564453125
0.0049740815737229042425848746233896235935389995574951171875
0.0026313814981446422003319440818813745863735675811767578125
0.003733767619928969085096870372808552929200232028961181640625
0.0038617736290871037922733943759112662519328296184539794921875
0.003667801763657908657723094592029156046919524669647216796875
0.0042710704173137548078642566906637512147426605224609375
0.003423821798071192100409998460008864640258252620697021484375
0.00182193452740502144504564085991660249419510364532470703125
0.00388665784116704222939109314438610454089939594268798828125
0.006263225198104628056727793961044881143607199192047119140625
0.0045673816012031069611065703384156222455203533172607421875
0.00297947092696041436477027986029497697018086910247802734375
0.0031614449454722593109423645074684827704913914203643798828125
0.0029787168037909137786878321918493384146131575107574462890625
0.0023273957932242804284850290486019730451516807079315185546875
0.00481399018317477632444845170311964466236531734466552734375
0.0032227342960726066377341592072980347438715398311614990234375
0.004839971132193862830839226063517344300635159015655517578125
0.0033485833510269427844285861084472344373352825641632080078125
0.005464280625322123254028472416621298179961740970611572265625
0.00462687550073624664914717641295283101499080657958984375
0.0099160069379988398374781155553137068636715412139892578125
0.00537424489446409157922257548989364295266568660736083984375
0.004396184980444142569033783018994654412381350994110107421875
0.006975296945563873481088723593757094931788742542266845703125
0.0092524903033783766070907716994042857550084590911865234375
0.0038222226228295046700222936664204098633490502834320068359375
0.004970340633483457705443786522891969070769846439361572265625
0.00441832335703114080505127247988639282993972301483154296875
0.005663388690687463054851402688427697285078465938568115234375
0.00642213613790935944347637587270583026111125946044921875
0.0046564003997628979070189103595112101174890995025634765625
0.00283441786839506819350997801620906102471053600311279296875
0.00482062274655736811013184706098400056362152099609375
0.00466124048668339029111162830076864338479936122894287109375
0.003701686561834433182582859700460176100023090839385986328125
0.00477007399308727354780845786308418610133230686187744140625
0.004769366387398450701784469174526748247444629669189453125
0.00455521558321517715250958957540206029079854488372802734375
0.00479704388284448064727616412028510239906609058380126953125
0.00675665294232295592091741553986139479093253612518310546875
0.00435943558510243529824368380332089145667850971221923828125
0.0028865665046735066757987997476675445795990526676177978515625
0.004586350611392554961487366682604260859079658985137939453125
0.0031102650457700497209356793604229096672497689723968505859375
0.004578275977291708202787656745158528792671859264373779296875
0.0038012047025104364096625975122378804371692240238189697265625
0.005363198029910662932573384154011364444158971309661865234375
0.003891930549886853107910411608827416785061359405517578125
0.004844054034233698756428676546192946261726319789886474609375
0.003969206349710762381233219997511696419678628444671630859375
0.006609393169459208683402806627782410942018032073974609375
0.0027594322096344096884035224093167926184833049774169921875
0.004251052222333076384408467873754489119164645671844482421875
0.0036661536290136056449873169782449622289277613162994384765625
0.00639655324269346181598194789330591447651386260986328125
0.00281429992214236347758404832575251930393278598785400390625
0.002434412592563105735832262865869779489003121852874755859375
0.004360902487707173091902035366729251109063625335693359375
0.0026234745613337782758900385005063071730546653270721435546875
0.0034475275688408955378216891318743364536203444004058837890625
0.00648463751424477492790732213734372635371983051300048828125
0.007098266270745663512886647339428236591629683971405029296875
0.004216601128746048920969968776262248866260051727294921875
0.004536677165919271621785657799819091451354324817657470703125
0.005750138877397872362584596572787631885148584842681884765625
0.005157491270733276234050634911909583024680614471435546875
