0.99962186813354481085269753748434595763683319091796875
1
1
0.99952697753906238897769753748434595763683319091796875
1
1
1
0.999782502651214599609375
0.99952882528305042608707253748434595763683319091796875
1
0.999689400196075439453125
1
0.99994564056396484375
1
0.999673902988433837890625
1
1
0.99973583221435557977230246251565404236316680908203125
0.99997705221176158563167746251565404236316680908203125
0.99932658672332763671875
0.99997311830520640985042746251565404236316680908203125
1
1
0.999952137470245361328125
1
0.99995219707489002569644753748434595763683319091796875
0.99998760223388682977230246251565404236316680908203125
0.99999833106994640008480246251565404236316680908203125
0.99997556209564197882144753748434595763683319091796875
0.99995315074920643194644753748434595763683319091796875
0.999640643596649169921875
0.9988243579864501953125
0.99973922967910755499332253748434595763683319091796875
0.999925434589385986328125
0.99970591068267822265625
0.999793231487274169921875
0.999142229557037353515625
0.99996155500411998406917746251565404236316680908203125
0.999961674213409423828125
0.99918603897094715460269753748434595763683319091796875
1
1
0.999972283840179443359375
1
0.99996483325958240850894753748434595763683319091796875
0.999979674816131591796875
1
0.99995428323745716436832253748434595763683319091796875
1
1
0.999211847782135009765625
1
1
0.999944388866424560546875
1
0.999654710292816162109375
0.999942362308502197265625
0.99959886074066162109375
0.99964767694473277703792746251565404236316680908203125
0.999740421772003173828125
0.999952137470245361328125
0.999950706958770751953125
0.99997055530548095703125
1
1
0.999548971652984619140625
0.99961262941360484735042746251565404236316680908203125
0.999981582164764404296875
0.99981170892715442999332253748434595763683319091796875
0.998832523822784423828125
0.999712288379669189453125
0.999868214130401611328125
1
0.99999886751174915655582253748434595763683319091796875
0.9999582767486572265625
0.99958193302154541015625
0.99986302852630615234375
0.999962270259857177734375
0.99992120265960682257144753748434595763683319091796875
1
0.99993103742599476202457253748434595763683319091796875
1
1
0.99996966123580921514957253748434595763683319091796875
0.9999408721923828125
0.999720394611358642578125
1
0.99969065189361561163394753748434595763683319091796875
0.999910295009613037109375
1
0.999955356121063232421875
1
0.999950468540191650390625
0.9999787807464599609375
0.99966013431549083367855246251565404236316680908203125
0.99997657537460316046207253748434595763683319091796875
1
1
0.999147951602935791015625
1
0.999901711940765380859375
1
0.9999797344207763671875
0.99996042251586925164730246251565404236316680908203125
1
0.99999916553497314453125
0.999448359012603759765625
0.99996173381805419921875
0.99999874830245960577457253748434595763683319091796875
0.99968153238296519891292746251565404236316680908203125
0.999687671661376953125
0.99997311830520640985042746251565404236316680908203125
0.99978840351104736328125
1
1
1
0.9998857975006103515625
0.999455034732818603515625
0.99994355440139759405582253748434595763683319091796875
0.99971592426300037725894753748434595763683319091796875
1
1
0.99961102008819580078125
1
1
0.999971866607666015625
0.99999940395355224609375
1
0.99963772296905517578125
0.99976718425750721319644753748434595763683319091796875
0.99901866912841796875
1
0.99997657537460316046207253748434595763683319091796875
0.999712288379669189453125
1
1
0.99941742420196522100894753748434595763683319091796875
1
0.999961376190185546875
1
0.999598324298858642578125
0.999743759632110595703125
0.99971586465835560186832253748434595763683319091796875
0.99995803833007801397769753748434595763683319091796875
0.99996930360794078485042746251565404236316680908203125
0.99995839595794677734375
0.999818742275238037109375
0.99991071224212635382144753748434595763683319091796875
0.99870628118515003546207253748434595763683319091796875
0.99999988079071044921875
0.99962532520294200555355246251565404236316680908203125
