16.3368072509765625
16.8645038604736328125
17.3075580596923828125
18.302555084228515625
17.9455509185791015625
16.907196044921875
20.1128444671630859375
17.1192417144775390625
18.88724517822265625
20.2292022705078125
18.4017467498779296875
15.928691864013671875
17.868480682373046875
19.3707427978515625
20.1253452301025390625
18.4167079925537109375
16.89281463623046875
14.82599925994873046875
19.9652652740478515625
18.8461933135986328125
17.521976470947265625
20.736907958984375
20.436382293701171875
16.6645298004150390625
19.924137115478515625
19.59220123291015625
16.7256107330322265625
17.9356060028076171875
19.211212158203125
19.462127685546875
17.7068233489990234375
18.98918914794921875
18.140865325927734375
17.5515155792236328125
17.7993144989013671875
17.7690753936767578125
17.49977874755859375
16.5216693878173828125
15.97346591949462890625
17.095500946044921875
18.37134552001953125
18.8541316986083984375
18.137485504150390625
17.2844409942626953125
17.7916393280029296875
17.7510967254638671875
18.8302745819091796875
16.4687290191650390625
17.442653656005859375
17.2567291259765625
19.1433696746826171875
18.1639575958251953125
18.1720561981201171875
19.8117523193359375
17.6388702392578125
16.588726043701171875
20.22884368896484375
17.9662036895751953125
17.4029903411865234375
17.0761432647705078125
18.8643627166748046875
18.7479343414306640625
18.82717132568359375
17.3546657562255859375
17.76569366455078125
19.0895938873291015625
18.769817352294921875
18.127277374267578125
16.8177433013916015625
18.872348785400390625
20.75685882568359375
16.791881561279296875
17.127353668212890625
17.8517303466796875
21.18338775634765625
16.6390705108642578125
18.026004791259765625
18.9142055511474609375
16.1951923370361328125
18.0660228729248046875
17.7766571044921875
19.083812713623046875
18.4153995513916015625
18.448757171630859375
17.063701629638671875
16.389190673828125
16.5538883209228515625
18.961040496826171875
17.9460430145263671875
19.934375762939453125
17.7940654754638671875
17.782505035400390625
21.6195964813232421875
19.002460479736328125
16.1220073699951171875
19.3408355712890625
19.7453632354736328125
19.5665569305419921875
33.140186309814453125
18.139728546142578125
19.8426151275634765625
20.442901611328125
18.169864654541015625
19.92800140380859375
19.48317718505859375
18.2664127349853515625
20.155872344970703125
17.8745880126953125
19.5028476715087890625
16.8393535614013671875
19.887836456298828125
18.6693878173828125
17.306671142578125
17.650928497314453125
19.34284210205078125
19.664981842041015625
17.7537078857421875
16.749919891357421875
20.2447719573974609375
15.69228649139404296875
20.6877498626708984375
18.4639072418212890625
17.6737194061279296875
17.9456329345703125
19.3568859100341796875
18.89508056640625
20.1378383636474609375
15.63197422027587890625
17.44089508056640625
17.42607879638671875
18.6835498809814453125
17.814479827880859375
17.6745128631591796875
17.3873119354248046875
18.0147418975830078125
17.8385829925537109375
18.0912342071533203125
19.015674591064453125
17.7687816619873046875
17.3766632080078125
19.9088420867919921875
17.8513660430908203125
17.7513561248779296875
19.3489322662353515625
19.082126617431640625
18.1948375701904296875
21.3484649658203125
19.2585391998291015625
17.3233394622802734375
19.3098430633544921875
19.023097991943359375
