0.4983140528202056884765625
0.00198123100888262897167901854800220462493598461151123046875
0.646341741085052490234375
0.53348886966705322265625
0.433768129873699337384351792934467084705829620361328125
0.133870448118014018223931316242669709026813507080078125
-0.2878758543129340541355531968292780220508575439453125
0.076309502124786376953125
0.25274998880217103280898527373210527002811431884765625
0.56746214465176569863302802332327701151371002197265625
0.58541584014892578125
0.21521531045436859130859375
0.4154429733753204345703125
0.80441580736161799602967903410899452865123748779296875
-0.047251805644235866932234557680203579366207122802734375
1.35351526737213134765625
0.7314400060242027823420585264102555811405181884765625
-0.079359255731105804443359375
0.07809841632843017578125
0.273810207843780517578125
-0.01938851363956928253173828125
0.47058104349217211304079455658211372792720794677734375
0.313048101912583420780578080666600726544857025146484375
0.148181021213531494140625
-0.07978592067224059281027592760437983088195323944091796875
0.474022934235448001327739575572195462882518768310546875
0.71243655308187481267623297753743827342987060546875
0.35596983932492920477130837753065861761569976806640625
0.0917006433010101318359375
0.483100075514708515722617221399559639394283294677734375
0.576428833082278213595373017597012221813201904296875
-0.061463607507396302020996614601244800724089145660400390625
0.318493796117641725373914596275426447391510009765625
0.87016526991705156479639526878600008785724639892578125
0.7202606201171875
0.886854556328605436732459565973840653896331787109375
0.3897945323521394556109953555278480052947998046875
0.1846048308169295493197381574645987711846828460693359375
0.007497004233300685882568359375
3.4693872036465780439584705163724720478057861328125
0.35674393177032470703125
-49.0932769775390625
0.2586883604526519775390625
1.92197215557098388671875
0.51894050581061523796932988261687569320201873779296875
0.6428891469588944307389510868233628571033477783203125
0.21630088984966278076171875
0.1834877555507337387741273460051161237061023712158203125
-49.9106292724609375
0.8477637767791748046875
0.0923068523406982421875
-0.0897752801150316359635183971477090381085872650146484375
0.734460294246673583984375
0.25925198779783664715381519272341392934322357177734375
1.02663862705230712890625
-0.02035726606845855712890625
0.216927073630822475625024026157916523516178131103515625
0.9670717716217041015625
0.45697653293609619140625
0.13570272922515869140625
0.06946388505703345039865581611593370325863361358642578125
0.045010745649622117825483513797735213302075862884521484375
-0.0159741430010477587775330476915769395418465137481689453125
5.126360416412353515625
-34.2478293418812285153762786649167537689208984375
0.787010610103607177734375
-0.530144631862640380859375
-0.07045190248870132621039630294035305269062519073486328125
0.560154497623443603515625
0.99323793039170082952438178836018778383731842041015625
0.488608193229502052457036143096047453582286834716796875
0.14798234403133392333984375
1.45209797274393448418550178757868707180023193359375
1.07250936479570224690860413829796016216278076171875
1.8704818181122104814306794651201926171779632568359375
0.03333392063397395965740344081496004946529865264892578125
0.496041357517242431640625
0.911283671855926513671875
0.4474869368904121902374981800676323473453521728515625
0.21602349443330493006243386844289489090442657470703125
0.424073398113250732421875
1.0176069736480712890625
0.912243371469349195734821478254161775112152099609375
0.74443149566650390625
0.82636415958404541015625
0.11494835310200700317917466009021154604852199554443359375
0.101767055690288543701171875
0.12032260000705718994140625
1.55519866943359375
0.440457095022365463510283234427333809435367584228515625
1.190786892148703923766106527182273566722869873046875
0.40684020519256591796875
0.34938257525717231199990919776610098779201507568359375
0.1932809257862133922589720214091357775032520294189453125
0.1738106920827258428108308407900040037930011749267578125
-0.0248646177351474761962890625
0.5171774028790199206895294992136768996715545654296875
0.5411046879057206382412914535962045192718505859375
1.343982087244234957523758566821925342082977294921875
1.06176696728730579621924334787763655185699462890625
0.09386368095874786376953125
4.0735142159693769059458645642735064029693603515625
0.585201263427734375
0.68090623790484106070408643063274212181568145751953125
0.8291637523854460400940524777979589998722076416015625
1.7322574469450147116589278084575198590755462646484375
0.51492580077007554795187616036855615675449371337890625
-0.047815216516735641050228622361828456632792949676513671875
0.69508250100204571619855187236680649220943450927734375
-4.7359699165029827128137185354717075824737548828125
0.330028593015046001202250636197277344763278961181640625
0.5142988428869530448395153143792413175106048583984375
0.596694648265838623046875
0.4126003086566925048828125
0.45320363501803251349286938420846126973628997802734375
0.658173978328704833984375
0.1958298311483651910069880841547274030745029449462890625
-0.011452254839241504669189453125
0.133449961034423358885447896682308055460453033447265625
1.2628484394940786561534196152933873236179351806640625
0.874593667350703096730057950480841100215911865234375
0.2321678698062896728515625
0.695910155773162841796875
0.748431886162407078444402941386215388774871826171875
0.3030231297016143798828125
0.87909830757509122012294255910092033445835113525390625
-1.28014618315223582811768210376612842082977294921875
0.40817541748366625853350342367775738239288330078125
0.63139307498931884765625
0.60903237793681508360776888366672210395336151123046875
0.505508124828338623046875
0.2978389263153076171875
5.51127810262571671273690299130976200103759765625
0.21911565959453582763671875
0.580045282840728759765625
0.034042768180370330810546875
0.289396554061819799574806211239774711430072784423828125
0.00587097369134426116943359375
0.001412360676594288932950149728640099056065082550048828125
0.734792768955230712890625
0.402315914630889892578125
-0.13224940001964569091796875
1.4257659820943455741826255689375102519989013671875
-39.19303102062740862265854957513511180877685546875
0.12677989900112152099609375
0.85507309436798095703125
0.65748727321624755859375
0.383905858517326115109113970902399159967899322509765625
2.0277578143330803328581168898381292819976806640625
0.205034881579341854429543445803574286401271820068359375
0.3486307201649108122865072800777852535247802734375
