0.71526744274960607494762143687694333493709564208984375
0.8041040640130796557372150346054695546627044677734375
0.7231571723463268153153649109299294650554656982421875
0.80836756445623325628702104950207285583019256591796875
0.74950698556543227102366699909907765686511993408203125
0.7756661677001053245561479343450628221035003662109375
0.83175791339763927023653877768083475530147552490234375
0.82602694385185582159891737319412641227245330810546875
0.7775581369267741127515591870178468525409698486328125
0.79449672501987766981557115286705084145069122314453125
0.8095892969874058930912497089593671262264251708984375
0.71955516684166342944450889262952841818332672119140625
0.77756549337142610855977409300976432859897613525390625
0.82588004485966470813451678623096086084842681884765625
0.80929850633664013326296071682008914649486541748046875
0.80422634632753486894074512747465632855892181396484375
0.79457737603333755682655237251310609281063079833984375
0.7167960956554593199285818627686239778995513916015625
0.83388997788975960379076468598213978111743927001953125
0.7874222900349565623656644675065763294696807861328125
0.813561973837728213965192480827681720256805419921875
0.81854613590152258684184971571085043251514434814453125
0.79738143301971697862740029449923895299434661865234375
0.70923599178283025512570247883559204638004302978515625
0.799089221639375235639590755454264581203460693359375
0.8350828096032609781929068049066700041294097900390625
0.721169543192702544587291413336060941219329833984375
0.76838858561806422375894953802344389259815216064453125
0.7701459455809971377249212309834547340869903564453125
0.80887018569298130277189784465008415281772613525390625
0.7887563749430512860527642260421998798847198486328125
0.86556929763967727087248249517870135605335235595703125
0.7518427951533570574582654444384388625621795654296875
0.76390150241388898866290446676430292427539825439453125
0.836134433612846006411700727767311036586761474609375
0.76813937596126768969639897477463819086551666259765625
0.7615088462778520916884872349328361451625823974609375
0.764912176958528977621654121321626007556915283203125
0.77260373062355591766703355460776947438716888427734375
0.75555162626973626505133552200277335941791534423828125
0.76888230183413208695952789639704860746860504150390625
0.77119366097875430288155484959133900701999664306640625
0.727276196703515953601026922115124762058258056640625
0.79879777944565610869886995715205557644367218017578125
0.803770568705252319574583452777005732059478759765625
0.78518035867673952044043517162208445370197296142578125
0.86963946131159020058731812241603620350360870361328125
0.699870817421626600918216354330070316791534423828125
0.76830470035900322312016896830755285918712615966796875
0.783434414852201665979691824759356677532196044921875
0.78898573003758587507405763972201384603977203369140625
0.7884410786343669652609378317720256745815277099609375
0.76730774337794060979689447776763699948787689208984375
0.83196730997189261014312933184555731713771820068359375
0.72658915811603141943209038799977861344814300537109375
0.7372014190763949148532674371381290256977081298828125
0.76874063316006324697582385852001607418060302734375
0.76587908457948195017905845816130749881267547607421875
0.7873242276955585428055428565130569040775299072265625
0.7817216952176060384971378880436532199382781982421875
0.7773419543703050660354847423150204122066497802734375
0.77708737581813702721689196550869382917881011962890625
0.78261557943689730176828334151650778949260711669921875
0.7339227454008414586184017025516368448734283447265625
0.764957655456012464156856367480941116809844970703125
0.8032094365584210304831458415719680488109588623046875
0.7895982522580051732319361690315417945384979248046875
0.730533645975950829409839570871554315090179443359375
0.72144757583591279104240356900845654308795928955078125
0.78604635709553061229115655805799178779125213623046875
0.77099434265173349967170679519767872989177703857421875
0.73614271381875795441374066285789012908935546875
0.75800464764802633066409498496796004474163055419921875
0.787818088505267244414653760031796991825103759765625
0.84052137830147299890626300111762247979640960693359375
0.732160158975692088034747939673252403736114501953125
0.8229189512277990115052261899108998477458953857421875
0.78089987371916913527769565916969440877437591552734375
0.76838956963338966854593081734492443501949310302734375
0.804064207709342060326207501930184662342071533203125
0.77336580270671706482943363880622200667858123779296875
0.80164825128108707641416685873991809785366058349609375
0.82416347268327039277124868021928705275058746337890625
0.80386440766322364570584113607765175402164459228515625
0.76277303996586909295984924028743989765644073486328125
0.7629060003984822202482973807491362094879150390625
0.76946206696130570179548158193938434123992919921875
0.84013184424451459175742229490424506366252899169921875
0.74539812377107950158716676014591939747333526611328125
0.7831210842813074446411292228731326758861541748046875
0.73867322307333493913716893075616098940372467041015625
0.7495214380089454397904091820237226784229278564453125
0.88934743599496546284655096314963884651660919189453125
0.8228438027439357593806334989494644105434417724609375
0.7774960245636741706931616135989315807819366455078125
0.840423010251611923848713558982126414775848388671875
0.82878569914945343644063768806518055498600006103515625
0.81162858394247283655431601800955832004547119140625
0.7994756257231865337331555565469898283481597900390625
0.75961085120819682448001231023226864635944366455078125
0.82667573240971770065499413249199278652667999267578125
0.76885684227878103857989344760426320135593414306640625
0.77619836927375784885185794337303377687931060791015625
0.8366079710527702939515393154579214751720428466796875
0.85036365022210869124563714649411849677562713623046875
0.79028913385053145557179732350050471723079681396484375
0.83961156974862294344319479932892136275768280029296875
0.71609200551502405485138069707318209111690521240234375
0.790124047582052124738538623205386102199554443359375
0.75011328510375019362754756002686917781829833984375
0.80922459307959260232934184386976994574069976806640625
0.7730704395391236882773000615998171269893646240234375
0.777525035818011023280860172235406935214996337890625
0.7195694705851296557597152059315703809261322021484375
0.803259313093442006703526203637011349201202392578125
0.7909925430257354062035801689489744603633880615234375
0.7621862173200535384154363782727159559726715087890625
0.7415480848115532097608593176119029521942138671875
0.8430783285394201076456965893157757818698883056640625
0.720188933668584496672337991185486316680908203125
0.7695887078458298891092681515146978199481964111328125
0.79663552927025393923798901596455834805965423583984375
0.76816163938831227842030102692660875618457794189453125
0.79209255692378632840444652174483053386211395263671875
0.788769823324764640659623182727955281734466552734375
0.81455153701296600932124647442833520472049713134765625
0.835262409674630834643949128803797066211700439453125
0.70928788323676517091342930143582634627819061279296875
0.73494803821659682174782801666879095137119293212890625
0.78871547949379616770926304525346495211124420166015625
0.7990011403742212081624529673717916011810302734375
0.7353390431016333383951177893322892487049102783203125
0.745566374090340655556019555660896003246307373046875
0.7568780922661719756661113933660089969635009765625
0.77897682098297071906500832483288832008838653564453125
0.80061122966305575676670969187398441135883331298828125
0.76301364307887464821789080815506167709827423095703125
0.79137377272618947277038614629418589174747467041015625
0.7902185488688833192583160780486650764942169189453125
0.7570771196991292750766433528042398393154144287109375
0.82773421115430634298348877564421854913234710693359375
0.82272918510176695772173616205691359937191009521484375
0.8313138102338355484022258679033257067203521728515625
0.81163486599639733665156882125302217900753021240234375
0.81966322183440798454512332682497799396514892578125
0.77639519434505721573458458806271664798259735107421875
0.83602124562616098035761069695581682026386260986328125
0.7942222704295367474713884803350083529949188232421875
0.76143062995463584030630954657681286334991455078125
0.8208451470979583053377837131847627460956573486328125
0.78819556210647856442363945461693219840526580810546875
