0.014615733968093992667380831562695675529539585113525390625
0.027967965621501215955913011157463188283145427703857421875
0.00208304457715712508514283030081060132943093776702880859375
0.01083991060033440666232618099229512154124677181243896484375
0.37190811797976497388162897550500929355621337890625
0.042468947321176529763331330968867405317723751068115234375
0.05855768591165542991117121118804789148271083831787109375
0.0115068523120135067505653836406054324470460414886474609375
0.09968257538974285847377387881351751275360584259033203125
0.0034392203390598299027336448574487803853116929531097412109375
0.00978127514943480554088228728915055398829281330108642578125
0.006948747024871409529167554097739412100054323673248291015625
0.005590078076347708598003993785141574335284531116485595703125
0.0168968576285988096585821693906837026588618755340576171875
0.0306078080367296924413356151717380271293222904205322265625
0.004620106858201325668311643113383979653008282184600830078125
0.332214355319738363636616895746556110680103302001953125
0.004773128265514969999216976503930709441192448139190673828125
0.01250320725142955828601554202350598643533885478973388671875
0.01122223373036831776949906469553752685897052288055419921875
0.043563482053577899655305571968710864894092082977294921875
0.00978117582853883608950962269545925664715468883514404296875
0.6340886324644088301027977649937383830547332763671875
0.016883101481944322308503814156210864894092082977294921875
0.0023471287242136898605615602519947060500271618366241455078125
0.0186123537179082622350367870467380271293222904205322265625
0.002207975005730986907404034269575276994146406650543212890625
0.07451464071869849659091045168679556809365749359130859375
0.005222499007359147384088604582075276994146406650543212890625
0.033947544228285553291613041437813080847263336181640625
0.1128518648073077168536570979995303787291049957275390625
0.0026407699473202229760449011308764966088347136974334716796875
0.04173083363100886511443121662523481063544750213623046875
0.00416961191687732941890676130469728377647697925567626953125
0.018344350848346950566547519656523945741355419158935546875
0.01166444974020123571956109032043968909420073032379150390625
0.03333249293267727397793720456320443190634250640869140625
0.06082491211593150925995843181226518936455249786376953125
0.0029858095943927766106884558183764966088347136974334716796875
0.1150534540414810125152911268742172978818416595458984375
0.449616604298353206292659933751565404236316680908203125
0.1397123499959707360051908153764088638126850128173828125
0.127782042063772693918366485377191565930843353271484375
0.143849362432956706658870871251565404236316680908203125
0.141980505958199498817151606999686919152736663818359375
0.0577857596427202302447057036260957829654216766357421875
0.0413615473359823238030941183751565404236316680908203125
0.1820980739593505981499532708767219446599483489990234375
0.07036454292014242273278767925148713402450084686279296875
0.0200163192953914416405414300470511079765856266021728515625
0.00338577381335198983325351917983425664715468883514404296875
0.00677156642079353339458425153907228377647697925567626953125
0.006920213382691144977931774207036141888238489627838134765625
0.03361301774159074218228937525054789148271083831787109375
0.052813932355493309334093510187813080847263336181640625
0.004129993735114113016793080390698378323577344417572021484375
0.003946380137931555266705974105434506782330572605133056640625
0.0290796716697514050220529924217771622352302074432373046875
0.004024540714453906688208295605591047205962240695953369140625
0.005992389335297047814332671578085864894092082977294921875
0.003647972294129431074238834042944290558807551860809326171875
0.01437415262684226154032973710172882420010864734649658203125
0.00265076403040438897396047224219728377647697925567626953125
0.01151648285333067324442968271114295930601656436920166015625
0.0323919088393449794427425558751565404236316680908203125
0.1225687451288104135027623442510957829654216766357421875
0.0137617943063378343759861621720119728706777095794677734375
0.217313330993056330608936832504696212708950042724609375
0.004361570500768721138362682410161141888238489627838134765625
0.0024192158388905231868049039434254154912196099758148193359375
0.026565066864714027838889620625195675529539585113525390625
0.007627711808308959388902348308647560770623385906219482421875
0.0232218558341264723343666531718554324470460414886474609375
0.00133785330690443520114396580567017736029811203479766845703125
0.0016540352557785809213541927675805709441192448139190673828125
0.072159373722970487907701908625313080847263336181640625
0.0208829648047685612066715066248434595763683319091796875
0.00735183825250715176913285375803752685897052288055419921875
0.003734623896889388561248779296875
0.111439781077206145898372824376565404236316680908203125
0.0285883728694170773099170190789664047770202159881591796875
0.09977741569280625111293403506351751275360584259033203125
0.00978961042128503357295787878911141888238489627838134765625
0.009674344887025655703727267109570675529539585113525390625
0.08713742468506098515224067568851751275360584259033203125
0.00861097768414765575573088796090814867056906223297119140625
0.0034568144753575323104011207675512196146883070468902587890625
0.01102648326661437826190503841417012154124677181243896484375
0.033722872193902735105108803281837026588618755340576171875
0.00289279283024370705013073035161141888238489627838134765625
0.04271981645375490244109784043757827021181583404541015625
0.0040252256765961648421470187031445675529539585113525390625
0.0064724602084606890073370522031837026588618755340576171875
0.079646370671689503684120836624060757458209991455078125
0.1760322604328393991668377793757827021181583404541015625
0.00893164843786507789413775526554672978818416595458984375
0.0030647616181522611966681068906837026588618755340576171875
0.002381097488105297053928577355463858111761510372161865234375
0.0301058610528707505660239718281445675529539585113525390625
0.0220661314949393318196602109537707292474806308746337890625
0.0011116879852488639225660538301099222735501825809478759765625
0.006509735251311213159730595378960060770623385906219482421875
0.003247102051973343138369099136752993217669427394866943359375
0.0126741947419941429486822670469337026588618755340576171875
0.0037433316791430117087546847187695675529539585113525390625
0.031894783694297081100277324594571837224066257476806640625
0.273903177082538584752313681747182272374629974365234375
0.54967427939176560780509817050187848508358001708984375
0.1119914471358060825689761941248434595763683319091796875
0.1023961917683482159002750222498434595763683319091796875
0.12156744003295898159944243843710864894092082977294921875
0.2288967110961675766045431146267219446599483489990234375
0.08040540378540754484770758381273481063544750213623046875
0.1671608214080333720819027121251565404236316680908203125
0.007720401887781918291719929214877993217669427394866943359375
0.0023737213807180526474460702246460641617886722087860107421875
0.364973470866680138602333727249060757458209991455078125
0.2445341481268406003124482595012523233890533447265625
0.004074763176031411145150418207094844547100365161895751953125
0.000974008599296212322117549664568514344864524900913238525390625
0.01083205622620880652362540530475598643533885478973388671875
0.0274948715232312679290771484375
0.0259238523617386813768792563905662973411381244659423828125
0.0054348008963279424710091092265429324470460414886474609375
0.374969735294580441831158168497495353221893310546875
0.05588784335181117002289141737492172978818416595458984375
0.0607823416031897101330372379379696212708950042724609375
0.261805068403482443795127210250939242541790008544921875
0.06776858132332563844357764537562616169452667236328125
0.057071198411285876950227446968710864894092082977294921875
0.052672545872628685759142541655819513835012912750244140625
0.10051881849765779974870127944086561910808086395263671875
0.031268816962838175133043705500313080847263336181640625
0.006920106178149581545311352925864412100054323673248291015625
0.330855622589588171944541272750939242541790008544921875
0.0177109881490469002474075210784576484002172946929931640625
0.1583350989222526428168436041232780553400516510009765625
0.0046793139586225156179022377500587026588618755340576171875
0.00449074911884963547115123816411141888238489627838134765625
0.25710483536124228987063133899937383830547332763671875
0.005761412316933274373187412464858425664715468883514404296875
0.1637179022282362061968541411260957829654216766357421875
0.024723020605742933308857089969023945741355419158935546875
0.0037272122874855997086418479824487803853116929531097412109375
0.0029613470286130906539145968281445675529539585113525390625
0.00946811321191489731197155066411141888238489627838134765625
0.0107329548150300983777594154844337026588618755340576171875
0.0099346959125250593192202330783402430824935436248779296875
0.362220847308635740535720515254070051014423370361328125
0.04897049134597182551420502250039135105907917022705078125
0.01149140524677932408137426278926795930601656436920166015625
