0.1392519490242294100124098576998221687972545623779296875
0.141540058401646351438074589168536476790904998779296875
0.1217812662260893963317442967309034429490566253662109375
0.1358979840157853724580405696542584337294101715087890625
0.110070860108880619332438755009206943213939666748046875
0.12444020307166216154914906155681819655001163482666015625
0.13382057409133751857410743468790315091609954833984375
0.1419990193391054145166663147392682731151580810546875
0.138465934031983650687180897875805385410785675048828125
0.1400144233794299031270469413357204757630825042724609375
0.1293097714043612567191843254477134905755519866943359375
0.1301383041126992490266189861358725465834140777587890625
0.13270844020532646112542352057062089443206787109375
0.1311581828401642557668793642733362503349781036376953125
0.1346926050341876457405732026018085889518260955810546875
0.1473413433071223133108418323899968527257442474365234375
0.149624411215009356368454973562620580196380615234375
0.13271510400544495045238591046654619276523590087890625
0.13947305852058178299301971492241136729717254638671875
0.14099980961480473862224016556865535676479339599609375
0.137492832656876673436130431582569144666194915771484375
0.1420946663577855872961919203589786775410175323486328125
0.1392207483483348939845569702811189927160739898681640625
0.135857696260644533747807827239739708602428436279296875
0.130252127319170296626538174677989445626735687255859375
0.1329233769312425927910936707121436484158039093017578125
0.1270249567600105766729257084080018103122711181640625
0.14957204336962448554260163291473872959613800048828125
0.135398183851267284172337213021819479763507843017578125
0.143129552903854040390996260612155310809612274169921875
0.135242397089450128166987497024820186197757720947265625
0.1302794681742096838394928681736928410828113555908203125
0.1479314547009749347683538189812679775059223175048828125
0.1386310458978635973270598924500518478453159332275390625
0.134609179573272064178723894656286574900150299072265625
0.1282759049396609285498271901815314777195453643798828125
0.134967307391515134451509538848767988383769989013671875
0.1353482660123794811823927375371567904949188232421875
0.1373184886157494677405566108063794672489166259765625
0.130969186752956101571498948032967746257781982421875
0.1494852747725596009420456766747520305216312408447265625
0.12018900944561472510230260013486258685588836669921875
0.129128869762851927749380820387159474194049835205078125
0.1372032048029064588146042069638497196137905120849609375
0.1300532717795022386031433825337444432079792022705078125
0.1368282150902715155194044882591697387397289276123046875
0.146765619875455277654197061565355397760868072509765625
0.1351279654577732802778200493776239454746246337890625
0.11164748349581753161796626727664261125028133392333984375
0.15240926436373303243243526594596914947032928466796875
0.13851210173008199344479862702428363263607025146484375
0.1289134906697576854472941931817331351339817047119140625
0.1413414952448097949844196818958153016865253448486328125
0.1659595757805823745822948467321111820638179779052734375
0.1362539714217214648073195348843000829219818115234375
0.1359480917633816565714965918232337571680545806884765625
0.1318470054126356927337582192194531671702861785888671875
0.12934432928969596954260623533627949655055999755859375
0.13478336231522958232886821861029602587223052978515625
0.1307290873997179747600938526375102810561656951904296875
0.1322159436553707878569952072211890481412410736083984375
0.14511721286932377505962676877970807254314422607421875
0.1405676915451915254262615917468792758882045745849609375
0.1243097458659243870204846871274639852344989776611328125
0.129868715752209096248037667464814148843288421630859375
0.13252631480561749555135975242592394351959228515625
0.14415004112136931002652318056789226830005645751953125
0.1329998855609018371115581658159499056637287139892578125
0.136391068908525314729018873549648560583591461181640625
0.1354178097058162111299139951370307244360446929931640625
0.11908276123806786628289700047389487735927104949951171875
0.13703501648129401413456207592389546334743499755859375
0.16768455112397884221309141139499843120574951171875
0.138337870617867342293294541377690620720386505126953125
0.1449644886036491053804553530426346696913242340087890625
0.127929830141790434883120042286464013159275054931640625
0.13358196999099314350445411037071608006954193115234375
0.163036141207397122787625676210154779255390167236328125
0.13514412000609488107016886715427972376346588134765625
0.134001606007904838779865031028748489916324615478515625
0.1371138547252234995976749587498488835990428924560546875
0.1422749601074610736883840900190989486873149871826171875
0.1307105916993517025215254534487030468881130218505859375
0.141194621274856879633574635590775869786739349365234375
0.1683388983813533246181037839050986804068088531494140625
0.11775665631610142403129515287218964658677577972412109375
0.1367449068241440024440436218355898745357990264892578125
0.130927979013447493006339072962873615324497222900390625
0.1404983793769312427901496675985981710255146026611328125
0.1424164743185991899299125407196697778999805450439453125
0.12981074854782337357761434759595431387424468994140625
0.136949616222169445745038274253602139651775360107421875
0.1458568188070596960415059584192931652069091796875
0.1344406317011573037678573427911032922565937042236328125
0.139266416516854840690342598463757894933223724365234375
0.13560500376094763996803749250830151140689849853515625
0.14891599220741957854130532723502255976200103759765625
0.166114937362061676484614736182265914976596832275390625
0.08724117137852570313949485125704086385667324066162109375
0.1349093547402666626311429354245774447917938232421875
0.133663325508908970018495665499358437955379486083984375
0.1372895073664632537013829960415023379027843475341796875
0.124985340781762099826579515138291753828525543212890625
0.1210629236878701664448243491278844885528087615966796875
0.1297380557723530059011096682297647930681705474853515625
0.163914358723709019383107943212962709367275238037109375
0.1617331990152511556058101405142224393784999847412109375
0.168492064916193340362582375746569596230983734130859375
0.1440492499555836858338153660952229984104633331298828125
0.1488492608147191365031147824993240647017955780029296875
0.1284241761401241632700731543081928975880146026611328125
0.1405716763072707709003594800378778018057346343994140625
0.13470645480842302621482531321817077696323394775390625
0.1314579640999189169559002721143770031630992889404296875
0.1276444183479514549173217119459877721965312957763671875
0.1336375373576141056819466257366002537310123443603515625
0.128255928691679399467062694384367205202579498291015625
0.1271539425798899058950297558112652041018009185791015625
0.1557502487535164237275608911659219302237033843994140625
0.140802943164582139434770624575321562588214874267578125
0.143776638024573133467498564641573466360569000244140625
0.1647371918703905147030042144251638092100620269775390625
0.1423022389597188575027786328064394183456897735595703125
0.133877926230656363326687596781994216144084930419921875
0.1693206277507260104631114927542512305080890655517578125
0.1381139379541427014697063668791088275611400604248046875
0.145804756889898190497234509166446514427661895751953125
0.126670259382983207974149308938649483025074005126953125
0.151574337416133519962357922850060276687145233154296875
0.1244030880071367584083219526291941292583942413330078125
0.126090418513964130919902117966557852923870086669921875
0.13466463494767511033245455109863542020320892333984375
0.133284927219192883551812656151014380156993865966796875
0.1442486932465711080286752121537574566900730133056640625
0.133302629695784491392629433903493918478488922119140625
0.1274739340552225874692027218770817853510379791259765625
0.1307188547427120539623501827009022235870361328125
0.1435397212159043311974215839654789306223392486572265625
0.13229725269345571359025370838935486972332000732421875
0.150881447703495374934590245175058953464031219482421875
0.135378044796876040312127997822244651615619659423828125
0.133673481099441493480384224312729202210903167724609375
0.1552695510987258387114451352317701093852519989013671875
0.1296149352813506794301900981736253015697002410888671875
0.1514922613641341009316221288827364332973957061767578125
0.1372204378125606860638896478121750988066196441650390625
0.1454888447663729433845247740464401431381702423095703125
0.1359588411921373862778494867598055861890316009521484375
0.163259806326373657636708003337844274938106536865234375
0.13804622714423253615478870415245182812213897705078125
0.1410957441758380337404332749429158866405487060546875
