0.9712178
0.84062284
0.8726597
0.67932284
0.6543445
0.97828466
1.310972
1.0207102
0.9124083
1.1317011
0.81219125
0.7169131
0.8426484
0.7377084
0.8205868
1.2838862
0.770118
0.53093123
0.8904235
0.7806954
0.7402251
1.0109987
1.0251393
0.6072183
0.8802909
0.9991449
0.8464427
0.8537305
1.1377993
1.1778011
1.0203396
1.0873041
0.75026673
0.91491574
0.7780751
1.0081092
1.0342028
0.8706136
0.8151375
0.80613786
0.80163145
1.0174326
0.93270975
0.89674187
0.78553295
1.2157264
0.7716178
0.773489
0.81417125
0.6973304
0.95952725
0.9093546
1.0955418
0.97522765
1.0215567
0.8854019
1.1546713
0.849222
0.8088957
0.806386
0.8911651
1.0264359
0.9359715
0.6500265
0.80455637
0.979553
0.9172144
0.8421897
0.59671175
0.6955444
1.2996448
0.78412944
0.8647042
0.91949683
0.941708
0.8053215
1.1484666
0.75761795
0.71922755
1.2088851
0.7696928
0.8657222
1.0648075
0.83888996
1.0102165
0.7667023
0.7772406
0.93289113
0.86595947
0.9363375
0.801355
0.7182605
0.96199524
0.89554286
1.0443895
0.8403328
1.0689892
0.8020435
2.1047304
0.9570277
1.2826766
1.0190294
1.1691244
1.029549
0.92852545
0.84837264
0.93070924
0.81276196
0.88698477
0.7695844
0.9167319
1.0474036
0.77154577
0.8588964
0.98136824
0.7272186
0.7684716
0.932015
0.8798112
0.80635387
0.92605746
0.9847148
0.6235144
0.8868845
0.788326
0.73286617
1.1091394
0.74026966
0.99675715
0.7951524
1.1549902
0.85030633
0.7822263
0.7868776
1.2304046
1.0043228
0.913931
0.9614664
0.7980864
1.2562529
1.1255431
1.1802391
0.9816839
1.0370077
0.8146819
0.87456185
0.96673226
0.8199732
1.1173457
1.0104508
0.93140393
