18.1370050907135009765625
18.0102841854095458984375
18.2315235137939453125
18.1226480007171630859375
18.3223493099212646484375
18.311127185821533203125
17.939094066619873046875
18.16316509246826171875
17.871497631072998046875
17.7771794795989990234375
17.9193899631500244140625
17.93945026397705078125
18.1012725830078125
17.0136129856109619140625
17.0904705524444580078125
18.2251479625701904296875
18.13086986541748046875
18.1893789768218994140625
17.7689902782440185546875
18.22299861907958984375
18.1297776699066162109375
18.00523471832275390625
18.2244918346405029296875
18.2097911834716796875
18.2369701862335205078125
18.403372287750244140625
18.2508904933929443359375
18.2665536403656005859375
18.1512279510498046875
18.1741478443145751953125
18.25472545623779296875
18.585695743560791015625
17.7822668552398681640625
17.794834136962890625
17.8859446048736572265625
17.8999674320220947265625
17.9693400859832763671875
17.9038746356964111328125
17.9215090274810791015625
17.7873203754425048828125
18.1746463775634765625
18.209903717041015625
18.0252263545989990234375
18.566549062728878283223821199499070644378662109375
18.2798221111297607421875
18.0888559818267822265625
18.1040451526641845703125
18.278415679931640625
18.183548450469970703125
18.2426605224609375
18.284687042236328125
18.2497899532318115234375
17.9647018909454345703125
17.95025920867919921875
18.25840473175048828125
17.8850586414337158203125
18.670310974121097302713678800500929355621337890625
18.499825000762939453125
18.3776118755340576171875
18.1251163482666015625
18.260559558868408203125
18.5131618976593017578125
18.69989681243896484375
17.925160884857177734375
17.9947917461395263671875
18.0449459552764892578125
18.276769161224365234375
18.4780004024505615234375
18.533450603485107421875
18.3110249042510986328125
17.791202545166015625
17.8246586322784423828125
18.2730066776275634765625
18.548933506011962890625
18.1510639190673828125
18.10978603363037109375
17.97363185882568359375
17.9248054027557373046875
18.4089210033416748046875
18.3211040496826171875
18.1296188831329345703125
18.1475465297698974609375
18.14291477203369140625
18.078227519989017224588678800500929355621337890625
17.9878466129302978515625
17.784698486328125
17.7685720920562744140625
18.10504913330078125
17.8952238559722900390625
17.9984562397003173828125
17.7839438915252685546875
17.8606164455413818359375
17.8581562042236328125
18.1394813060760498046875
18.24616336822509765625
18.081838607788089490213678800500929355621337890625
18.0413811206817626953125
17.8605692386627197265625
17.8776237964630126953125
18.064599514007568359375
18.1000273227691650390625
18.19866085052490234375
18.0451595783233642578125
18.1062486171722412109375
18.172253131866455078125
18.1284334659576416015625
18.02000331878662109375
18.069915294647216796875
17.7142283916473388671875
18.0032291412353515625
18.063381671905521130838678800500929355621337890625
17.8579437732696533203125
18.0855681896209716796875
18.0670688152313232421875
18.494989871978759765625
18.135738849639892578125
18.4196374416351318359375
18.3244190216064453125
18.3632500171661376953125
18.424728870391849255838678800500929355621337890625
18.1265411376953125
18.3665955066680908203125
18.50107860565185546875
18.2283103466033935546875
18.159175395965576171875
18.0061795711517333984375
18.07016849517822265625
18.3986861705780029296875
18.230429172515869140625
18.297045230865478515625
18.2170741558074951171875
18.1857101917266845703125
17.9954783916473388671875
18.3360068798065185546875
18.2611162662506103515625
18.167851448059078478536321199499070644378662109375
18.323678970336910509786321199499070644378662109375
17.9315421581268310546875
17.9581735134124755859375
18.26100635528564453125
18.603360176086422228536321199499070644378662109375
18.4237802028656005859375
17.8464145660400390625
18.0421946048736572265625
18.475254058837890625
18.3872482776641845703125
17.7705147266387939453125
17.9345703125
18.1193091869354248046875
17.939594745635986328125
17.8953883647918701171875
