-0.1012027632445096914093340956242172978818416595458984375
-0.10525875961408019676479597137586097232997417449951171875
-0.10301994053646922056000079237492172978818416595458984375
-0.10639296740293502363527977649937383830547332763671875
-0.11143371976912021248384832006195210851728916168212890625
-0.1088718626648187692840252793757827021181583404541015625
-0.107272746972739696502685546875
-0.1022014081478118951995526231257827021181583404541015625
-0.1062590626254677761419742409998434595763683319091796875
-0.10855036139488220825466413543836097232997417449951171875
-0.1011413248255848829071368299992172978818416595458984375
-0.099332069214433438286704358688439242541790008544921875
-0.09980879813432692870822648956163902767002582550048828125
-0.10711226450279355548733661862570443190634250640869140625
-0.1102006688341498341632274104995303787291049957275390625
-0.101522501390427344336586656936560757458209991455078125
-0.10297402029857039007509911243687383830547332763671875
-0.10788302553817630258237159068812616169452667236328125
-0.10440758887678384947417242756273481063544750213623046875
-0.1027777494490146603656199886245303787291049957275390625
-0.1032541616261005434918018863754696212708950042724609375
-0.1106585495546460184979054020004696212708950042724609375
-0.10688389608636499061855573700086097232997417449951171875
-0.10291707977652549133029680206163902767002582550048828125
-0.1054929474182426940576107199376565404236316680908203125
-0.1047691843472421113769854628117172978818416595458984375
-0.09801267545670271086333258381273481063544750213623046875
-0.0944649808481335673260304020004696212708950042724609375
-0.10454959776252507885896392281210864894092082977294921875
-0.09551009688526392038543377793757827021181583404541015625
-0.1050071078352630138397216796875
-0.1067737571708858024255306418126565404236316680908203125
-0.11237945722416042837465965931187383830547332763671875
-0.10274528434500097839876531224945210851728916168212890625
-0.10985216222703457489284772918836097232997417449951171875
-0.1085767156630754459722965066248434595763683319091796875
-0.1046346000768244299816700504379696212708950042724609375
-0.110410639382898800864296617874060757458209991455078125
-0.1067817159928381443023681640625
-0.098591731339693067237561763249686919152736663818359375
-0.098935459684580562278455317937186919152736663818359375
-0.1290349073521792899743587668126565404236316680908203125
-0.09998563379049300869905181343710864894092082977294921875
-0.10800977125763892849885650093710864894092082977294921875
-0.10468144925311208270901630612570443190634250640869140625
-0.09813729846850037519256915174992172978818416595458984375
-0.10595251932740211431305255018742172978818416595458984375
-0.104572649057954547568982661687186919152736663818359375
-0.121198499631136658027941166437813080847263336181640625
-0.10812018714845179900851945831163902767002582550048828125
-0.10494606195017695815518976587554789148271083831787109375
-0.1076826791092753421441585715001565404236316680908203125
-0.10390551328659057561676348768742172978818416595458984375
-0.10163880623877048769987396781289135105907917022705078125
-0.1063500664010643970147640402501565404236316680908203125
-0.10574609557166696205410261200086097232997417449951171875
-0.10262510146945715006072674668757827021181583404541015625
-0.1008468049392104159966976340001565404236316680908203125
-0.1025179515965282950329395816879696212708950042724609375
-0.10201899664476514473232526825086097232997417449951171875
-0.10148360205814242751554132837554789148271083831787109375
-0.10165891213342546917086650637429556809365749359130859375
-0.095564791169017559990805921188439242541790008544921875
-0.10405519327148794739290593724945210851728916168212890625
-0.1100508384406566619873046875
-0.1044081479497253883703677956873434595763683319091796875
-0.10632997367531060728396141712437383830547332763671875
-0.1031034233979880865295086778132827021181583404541015625
-0.10619816578924655414706279543679556809365749359130859375
-0.10865723811089993133816022918836097232997417449951171875
-0.109156520273536450371665296188439242541790008544921875
-0.10411751478910445667391826418679556809365749359130859375
-0.10617975331842899322509765625
-0.10852515529841184893644623343789135105907917022705078125
-0.1039008998498320568426578347498434595763683319091796875
-0.102619738616049283042030992874060757458209991455078125
-0.10526944467797876014980573700086097232997417449951171875
-0.101353794857859613731676518000313080847263336181640625
-0.1085137571208178997039794921875
-0.10351586008444428610442145100023481063544750213623046875
-0.0972217874601483400542889512507827021181583404541015625
-0.10725755779072641826754619387429556809365749359130859375
-0.11238242518156767169035248343789135105907917022705078125
-0.106389927733689548805529057062813080847263336181640625
-0.10478927331045269355502824737413902767002582550048828125
-0.1120513737201690729339276231257827021181583404541015625
-0.1060280596464872326922801448745303787291049957275390625
-0.09775654084980488212064386743804789148271083831787109375
-0.100007197521626955971640882125939242541790008544921875
-0.1062046737968921628070262386245303787291049957275390625
-0.11015812529250978979433739368687383830547332763671875
-0.1086012558080255985260009765625
-0.10546389115974307004730547987492172978818416595458984375
-0.10633606212213635167085357124960864894092082977294921875
-0.08774910351261495933261613799913902767002582550048828125
-0.1053059821948409136016522325007827021181583404541015625
-0.10472868246957660331997175262586097232997417449951171875
-0.09385761061683296768709539037445210851728916168212890625
-0.13984763655811549565299856112687848508358001708984375
-0.10400109788402915611538190887586097232997417449951171875
-0.093571344334632156058972896062186919152736663818359375
-0.10569638201966881363436101537445210851728916168212890625
-0.0994572252035141046722088731257827021181583404541015625
-0.1065280797518789734912303401870303787291049957275390625
-0.10676768200471997705136573131312616169452667236328125
-0.101329704113304608359413805374060757458209991455078125
-0.10517625957727431973420806343710864894092082977294921875
-0.1043585978075861897540477229995303787291049957275390625
-0.10655863849446177427093829237492172978818416595458984375
-0.101990876309573652580553471125313080847263336181640625
-0.10907773718237877280667902368804789148271083831787109375
-0.09631598209962248524629302437460864894092082977294921875
-0.10511386835947632290011455324929556809365749359130859375
-0.10331484930589794613009502199929556809365749359130859375
-0.106345410458743572235107421875
-0.10263051003217697754177351043836097232997417449951171875
-0.10391136702150106929654072018820443190634250640869140625
-0.09598471771925687345827782337437383830547332763671875
-0.10713607503101230111752784068812616169452667236328125
-0.1059543811716139316558837890625
-0.104917983356863253607826891311560757458209991455078125
-0.107800738718360655798989000686560757458209991455078125
-0.10623768698424100598298736031210864894092082977294921875
-0.105451444573700425788587153874686919152736663818359375
-0.106181535571813590035361585250939242541790008544921875
-0.104990225583314888968544664749060757458209991455078125
-0.10767078194767236432038970406210864894092082977294921875
-0.10645268585532903504731194743726518936455249786376953125
-0.09918409489095210418430070831163902767002582550048828125
-0.10823844097554684295925397918836097232997417449951171875
-0.102681108806282284096056400812813080847263336181640625
-0.109705137498676774665540278874686919152736663818359375
-0.1070584730803966488910106136245303787291049957275390625
-0.1038674390874803066253662109375
-0.10347408114001155343686377818812616169452667236328125
-0.10646861819550394734346099312460864894092082977294921875
-0.1015970004722475950043047987492172978818416595458984375
-0.0996282824501395214422672097498434595763683319091796875
-0.1026828229986131157946971370620303787291049957275390625
-0.1005223177187144767419368918126565404236316680908203125
-0.1001597778871655408661212049992172978818416595458984375
-0.11046723697334527580782292943695210851728916168212890625
-0.104876987114548680946057856999686919152736663818359375
-0.11256341462954878862579022325007827021181583404541015625
-0.10140196602791547164645891143663902767002582550048828125
-0.09555931990966200217929582549913902767002582550048828125
-0.10134130874648690501249603812539135105907917022705078125
-0.1016412245482206377911182926254696212708950042724609375
-0.10575405694544315338134765625
-0.10494038334116340127621924693812616169452667236328125
-0.101034380663186318383139905563439242541790008544921875
