18.07591152191162109375
18.0989425182342529296875
18.185701847076416015625
18.0675075054168701171875
18.2360088825225830078125
18.2362902164459228515625
17.99903583526611328125
18.0522029399871826171875
17.80206203460693359375
17.8340590000152587890625
17.981315135955810546875
17.87445068359375
18.1413440704345703125
16.858488559722900390625
17.635937213897705078125
18.3700215816497802734375
18.096065044403076171875
18.113631725311279296875
17.8376266956329345703125
18.155858516693115234375
18.126686573028564453125
18.0312602519989013671875
18.1242082118988037109375
18.237053394317626953125
18.151425838470458984375
18.2125165462493896484375
18.319183826446533203125
18.2760307788848876953125
18.275926113128665662088678800500929355621337890625
18.199939727783203125
18.105982065200809216776178800500929355621337890625
18.2559030055999755859375
17.78026580810546875
17.8391964435577392578125
17.87660503387451171875
17.8893859386444091796875
17.925929546356201171875
18.030065059661865234375
17.82392978668212890625
17.9469554424285888671875
18.06145954132080078125
18.0577266216278076171875
18.101923942565921521463678800500929355621337890625
18.302276134490966796875
18.3363094329833984375
18.078023672103878283223821199499070644378662109375
18.119396209716796875
18.21587657928466796875
18.054060459136962890625
18.203343152999881482401178800500929355621337890625
18.20835018157958984375
18.2748088836669921875
17.846302032470703125
17.952825069427490234375
18.2350547313690185546875
17.91102886199951171875
18.6462738513946533203125
18.67411708831787109375
18.119629383087161755838678800500929355621337890625
18.153279781341552734375
18.124316930770870470723821199499070644378662109375
18.4530315399169921875
18.382791757583614611348821199499070644378662109375
17.990714550018310546875
17.748827457427978515625
18.518519163131710314473821199499070644378662109375
18.278725147247310900411321199499070644378662109375
18.5317440032958984375
18.4305937290191650390625
18.28926372528076171875
17.753876209259033203125
17.8388996124267578125
18.4121935367584228515625
18.1811749935150146484375
17.9608123302459716796875
18.096274614334102892598821199499070644378662109375
18.183464765548702501973821199499070644378662109375
18.0112731456756591796875
18.364142656326297498026178800500929355621337890625
18.4540770053863525390625
18.225817203521728515625
18.16081142425537109375
18.1529467105865478515625
18.111724376678466796875
17.9430897235870361328125
17.7448294162750244140625
17.7958278656005859375
17.9191725254058837890625
17.89885234832763671875
17.9956772327423095703125
17.8272755146026611328125
17.7753913402557373046875
17.821592807769775390625
18.1002771854400634765625
18.09109592437744140625
17.951686382293701171875
17.9676849842071533203125
17.93712711334228515625
17.8688037395477294921875
18.005671024322509765625
18.176516056060791015625
18.039870738983150744161321199499070644378662109375
17.9440877437591552734375
17.9900863170623779296875
17.9965267181396484375
18.0881993770599365234375
18.0395557880401611328125
18.1694300174713134765625
17.679027080535888671875
18.0596530437469482421875
18.142515659332275390625
17.9571707248687744140625
18.0852429866790771484375
17.97675991058349609375
18.298425197601318359375
17.9902083873748779296875
18.2964522838592529296875
18.19334697723388671875
18.1785809993743896484375
18.409051418304443359375
18.050756931304931640625
18.4669797420501708984375
18.50820446014404296875
18.059428691864017224588678800500929355621337890625
18.2432892322540283203125
18.05783557891845703125
18.1443059444427490234375
18.338569164276123046875
18.198282957077022814473821199499070644378662109375
17.886492252349853515625
18.048720359802249646463678800500929355621337890625
18.3068301677703857421875
17.817545413970947265625
18.3560483455657958984375
18.3599517345428466796875
18.2320835590362548828125
18.316228389739990234375
18.12218379974365234375
17.9985182285308837890625
18.09557247161865234375
18.4553148746490478515625
18.7758071422576904296875
17.74300861358642578125
17.810940265655517578125
18.4946625232696533203125
18.5069010257720947265625
17.8377110958099365234375
17.81771373748779296875
17.9778957366943359375
17.9737603664398193359375
17.8673293590545654296875
