657.508751392364501953125
668.158814907073974609375
638.14027500152587890625
637.63197803497314453125
663.161601543426513671875
677.42803287506103515625
778.978255748748779296875
674.1135509014129638671875
659.315073490142822265625
646.858790874481201171875
651.429157257080078125
674.773597240447998046875
647.239035129547119140625
651.05929660797119140625
663.43897724151611328125
655.9611213207244873046875
654.0753810405731201171875
660.843481540679931640625
657.0576231479644775390625
647.65731525421142578125
660.2563436031341552734375
670.2660267353057861328125
671.1217403411865234375
668.73017024993896484375
656.8340167999267578125
679.252980709075927734375
662.56156826019287109375
666.461504459381103515625
670.5842115879058837890625
683.89424800872802734375
678.746883869171142578125
660.762078762054443359375
658.72974395751953125
667.0309283733367919921875
678.8066036701202392578125
675.450557231903076171875
644.063266277313232421875
658.250944614410400390625
657.547947406768798828125
656.2188031673431396484375
652.3584506511688232421875
689.6092293262481689453125
672.7198078632354736328125
643.943678379058837890625
670.9596459865570068359375
670.7321681976318359375
646.4145298004150390625
647.4074943065643310546875
652.8318226337432861328125
649.91645908355712890625
667.3709528446197509765625
675.2955543994903564453125
677.4314043521881103515625
662.7142314910888671875
688.8885767459869384765625
670.2191274166107177734375
663.250643253326416015625
669.8700923919677734375
644.9907596111297607421875
653.46236705780029296875
642.946732997894287109375
656.5123550891876220703125
667.4829690456390380859375
661.9108850955963134765625
656.6692659854888916015625
664.90322399139404296875
647.5342051982879638671875
648.658103466033935546875
654.3571326732635498046875
638.4371185302734375
651.7347686290740966796875
672.4321281909942626953125
680.60653781890869140625
668.787540912628173828125
650.6685822010040283203125
667.92833709716796875
653.007652759552001953125
648.4840471744537353515625
641.408026218414306640625
662.896176815032958984375
648.7471332550048828125
666.5608642101287841796875
668.78377532958984375
665.8918507099151611328125
660.7866842746734619140625
667.2640781402587890625
670.4861829280853271484375
672.45085430145263671875
639.035708904266357421875
671.3818590641021728515625
671.9263155460357666015625
644.14395904541015625
681.4325568675994873046875
646.559599399566650390625
649.495616912841796875
641.220942020416259765625
671.060702800750732421875
660.235220432281494140625
666.9035236835479736328125
662.3659775257110595703125
656.959799289703369140625
657.7451221942901611328125
653.3660793304443359375
641.8435382843017578125
657.4037368297576904296875
649.8756465911865234375
669.2594916820526123046875
677.099560260772705078125
646.064023494720458984375
640.9588449001312255859375
664.9156525135040283203125
642.0253002643585205078125
659.6456096172332763671875
639.4645478725433349609375
667.3810293674468994140625
664.71298694610595703125
671.2459814548492431640625
647.549521923065185546875
658.06737804412841796875
678.0165593624114990234375
652.35038852691650390625
667.8529531955718994140625
674.0129973888397216796875
661.572392940521240234375
653.4291057586669921875
661.3226850032806396484375
674.539422512054443359375
650.4132573604583740234375
651.78178501129150390625
661.0307223796844482421875
658.1294896602630615234375
650.5224311351776123046875
659.03306102752685546875
659.983490467071533203125
811.9465885162353515625
669.903894901275634765625
653.404660701751708984375
671.3340320587158203125
665.2077648639678955078125
662.9980814456939697265625
646.2945997714996337890625
642.3452670574188232421875
642.41217899322509765625
658.2558014392852783203125
647.2210381031036376953125
668.8425652980804443359375
660.992666721343994140625
678.666619777679443359375
677.283601284027099609375
661.1179392337799072265625
672.3153369426727294921875
