0.30583314047155585324588855655747465789318084716796875
0.304469057632290873716129908643779344856739044189453125
0.2134839138823931559141300340343150310218334197998046875
0.3721798239259668239498068942339159548282623291015625
0.240141222268299536768410007425700314342975616455078125
0.2016863335518503663745804033169406466186046600341796875
0.3258078474476755470590205732150934636592864990234375
0.258396722828897307255857640484464354813098907470703125
0.3957589434367536629366668421425856649875640869140625
0.279405025274083451680695588947855867445468902587890625
0.3506894228648997913211360355489887297153472900390625
0.187972721631913419759740691006300039589405059814453125
0.389495663440667716503895690038916654884815216064453125
0.38004347790679171570360495024942792952060699462890625
0.42580957248727491215589679995900951325893402099609375
0.299768548405300483405966360805905424058437347412109375
0.35565452611214543043871572081116028130054473876953125
0.26103709595596746861900783187593333423137664794921875
0.2117011571758812549237660505241365171968936920166015625
0.36676224954386149601504030215437524020671844482421875
0.172356653432008399828845313095371238887310028076171875
0.331770194143349350657246077389572747051715850830078125
0.2982058044284681130875469534657895565032958984375
0.388740003195067906904824894809280522167682647705078125
0.4073100744299813502635743134305812418460845947265625
0.3240838020849121647870560991577804088592529296875
0.271517545955562489279344617898459546267986297607421875
0.2289285906709030149475125881508574821054935455322265625
0.31327104208993772349600703819305635988712310791015625
0.1544448082307719738448525959029211662709712982177734375
0.328386673200364687108532280035433359444141387939453125
0.459098231894398745023266883436008356511592864990234375
0.332265309339459580240117020366596989333629608154296875
0.23022019057983500456288084023981355130672454833984375
0.182776630805009332458865856096963398158550262451171875
0.344694264342306821991002152572036720812320709228515625
0.267482275843122951908270579224335961043834686279296875
0.366486215888847277621920284218504093587398529052734375
0.29631782626184566264981867789174430072307586669921875
0.371167296011405245526049156978842802345752716064453125
0.3398062935485801627777391331619583070278167724609375
0.303668832784890374565378579063690267503261566162109375
0.319744964795540431712339568548486568033695220947265625
0.1556861714701789634052175870237988419830799102783203125
0.264856482941474513648216770889121107757091522216796875
0.312003606011627410143915994922281242907047271728515625
0.36324232630987174363923486453131772577762603759765625
0.278315086134711175969158603038522414863109588623046875
0.33872002621031704894249969584052450954914093017578125
0.321569360526222924878680942128994502127170562744140625
0.383165849753764831131519486007164232432842254638671875
0.41066513925799708051300740407896228134632110595703125
0.325553000916764700978234259309829212725162506103515625
0.281829823668132750658088525597122497856616973876953125
0.3992597915015745346778430757694877684116363525390625
0.38200285895854679818484100906061939895153045654296875
0.379357693786739946784081212172168307006359100341796875
0.3954014445858560211632948266924358904361724853515625
0.3780143936935338455640476240660063922405242919921875
0.1986552312559537736280645958686363883316516876220703125
0.356285682068642362008148438690113835036754608154296875
0.261670911486594215400458551812334917485713958740234375
0.257653302396310179833704978591413237154483795166015625
0.3717366825355263859620436051045544445514678955078125
0.388424170519840739057570999648305587470531463623046875
0.318211518891199862668628384199109859764575958251953125
0.33643012475061795374386974799563176929950714111328125
0.413930088562380726902034666636609472334384918212890625
0.290468281203262901346562330218148417770862579345703125
0.369910123220986541969779182181810028851032257080078125
0.387176027887593365850449345089145936071872711181640625
0.268097438724276881938379801795235835015773773193359375
0.3735136857892207284947971857036463916301727294921875
0.399155934109980903290448850384564138948917388916015625
0.324872703745593016666504126988002099096775054931640625
0.3107187709701839661846634044195525348186492919921875
0.370555991259582551133888728145393542945384979248046875
0.29749885983562729396822987837367691099643707275390625
0.284320663187425548557030197116546332836151123046875
0.2211454727453518176449875909383990801870822906494140625
0.301826927589675719776352025291998870670795440673828125
0.2443623195920386625967779536949819885194301605224609375
0.3748393884460445857342847375548444688320159912109375
0.33154641913301496902732878879760392010211944580078125
0.2279000551069765012623946631720173172652721405029296875
0.30344875749286615018718293868005275726318359375
0.255959791507225364881605855771340429782867431640625
0.30771283751561695485321479281992651522159576416015625
0.2897810451171611845211373292841017246246337890625
0.319097660228375323843152955305413343012332916259765625
0.308733678628948682298727135275839827954769134521484375
0.411867910655510149897651217543170787394046783447265625
0.257218744798025811260089312781929038465023040771484375
0.267874860747095822066654591253609396517276763916015625
0.2660953554615204108557691142777912318706512451171875
0.311787941863028661426682219826034270226955413818359375
0.28631472584121187008321385292219929397106170654296875
0.29455338091387506249674288483220152556896209716796875
0.03185232551087924246502325331675820052623748779296875
0.322312968359853346811405572225339710712432861328125
0.326547062293808199040512363353627733886241912841796875
0.32243079814752240164210661532706581056118011474609375
0.412703319850780625532848944203578867018222808837890625
0.2028594176299296780729974898349610157310962677001953125
0.2738510467845858276092485539265908300876617431640625
0.1989410635428854323691894023795612156391143798828125
0.214755895785545491971646470119594596326351165771484375
0.289464562643808431818825965819996781647205352783203125
0.3427950954413814255161696564755402505397796630859375
0.3111385181540742284056477728881873190402984619140625
0.182847661005188066862814366686507128179073333740234375
0.27845991961569438455370573137770406901836395263671875
0.301566417552544485669585583309526555240154266357421875
0.335218057153049697749480628772289492189884185791015625
0.336868074423403440764701599619002081453800201416015625
0.365661254152210013490531537172500975430011749267578125
0.2435936534237699568894441881639068014919757843017578125
0.317253472373622502633594422150054015219211578369140625
0.209452327152964468126583597040735185146331787109375
0.17563813767761116135801557902595959603786468505859375
0.196901429863090171590300769821624271571636199951171875
0.255992917651535145662222703322186134755611419677734375
0.3131304266528418533965805181651376187801361083984375
0.4076145701817541766587282836553640663623809814453125
0.26478697709976695140454694410436786711215972900390625
0.29087164673083976129674965704907663166522979736328125
0.252016852120339251985825512747396714985370635986328125
0.358371060708665589711330312638892792165279388427734375
0.2502395822987388829261590217356570065021514892578125
0.349094087957965815149918853421695530414581298828125
0.350903520272119850975656163427629508078098297119140625
0.236885769523469458253117636559181846678256988525390625
0.351364777950205653400672645148006267845630645751953125
0.323114986939413595390391265027574263513088226318359375
0.161633046562036530868766703861183486878871917724609375
0.2466490517402940285673906828378676436841487884521484375
0.36033930167816075051945290397270582616329193115234375
0.2422794671746737737993981909312424249947071075439453125
0.3678444066906647602621660553268156945705413818359375
0.315535465801940528951519127076608128845691680908203125
0.2464826410568530246081309087458066642284393310546875
0.373047421545164736844668595949769951403141021728515625
0.232591083936322551295461380505003035068511962890625
0.335302132368946848028912199879414401948451995849609375
0.3933871643349264868305681375204585492610931396484375
0.380006219626189800653293104915064759552478790283203125
0.266961147549050814564708389298175461590290069580078125
0.403271046681915767972981257116771303117275238037109375
0.251445603534374895193792553982348181307315826416015625
0.29635158701120278834650889621116220951080322265625
0.325401415173692865057120116034639067947864532470703125
