649.4971940517425537109375
642.0984477996826171875
628.3525178432464599609375
629.03947353363037109375
656.0159938335418701171875
669.2232429981231689453125
687.9943206310272216796875
662.95138263702392578125
645.461366176605224609375
643.4619061946868896484375
644.600441455841064453125
667.4303352832794189453125
640.34850215911865234375
646.3741309642791748046875
659.0933437347412109375
647.8663356304168701171875
646.7486584186553955078125
656.0609266757965087890625
650.118655681610107421875
640.2976481914520263671875
652.920106410980224609375
665.829086780548095703125
665.757807254791259765625
662.8668782711029052734375
668.9220039844512939453125
673.8346507549285888671875
657.3532583713531494140625
662.901957988739013671875
663.3525955677032470703125
678.22642040252685546875
674.653949737548828125
653.5512902736663818359375
664.3207035064697265625
660.7241916656494140625
664.031154632568359375
667.4392201900482177734375
638.5774319171905517578125
651.197535991668701171875
652.9304065704345703125
650.7124168872833251953125
661.11578464508056640625
675.1473233699798583984375
665.377968311309814453125
635.167708873748779296875
662.2461888790130615234375
664.7658598423004150390625
636.00068759918212890625
635.638690948486328125
645.3232624530792236328125
645.901399135589599609375
658.824077129364013671875
670.3554589748382568359375
672.233405590057373046875
656.4175970554351806640625
680.6020915508270263671875
656.93648242950439453125
643.4310319423675537109375
661.2343804836273193359375
638.2923290729522705078125
643.915699481964111328125
638.58009243011474609375
649.28264904022216796875
662.375411510467529296875
653.825411319732666015625
651.14085292816162109375
658.303254604339599609375
640.3465502262115478515625
640.528688907623291015625
643.562374114990234375
633.5531938076019287109375
646.108450412750244140625
659.6130235195159912109375
660.1530497074127197265625
659.2745869159698486328125
645.5345809459686279296875
661.372314929962158203125
649.264755725860595703125
639.5744113922119140625
637.2177698612213134765625
650.00157928466796875
658.6376817226409912109375
643.8471443653106689453125
658.4855639934539794921875
660.8060467243194580078125
652.50422191619873046875
658.2712633609771728515625
662.1792442798614501953125
663.68204498291015625
643.0122692584991455078125
662.7774345874786376953125
665.2187764644622802734375
641.211555957794189453125
674.588531017303466796875
641.5577404499053955078125
645.6376173496246337890625
629.7158892154693603515625
666.975595951080322265625
655.2032711505889892578125
659.1053447723388671875
654.5474503040313720703125
648.839052677154541015625
649.980268955230712890625
644.6826040744781494140625
635.3875625133514404296875
653.477668285369873046875
642.07142925262451171875
663.0354049205780029296875
669.6800711154937744140625
644.7292845249176025390625
633.626655101776123046875
657.0227415561676025390625
640.9698569774627685546875
657.3697683811187744140625
633.5713236331939697265625
662.9051730632781982421875
659.3875825405120849609375
663.9927031993865966796875
639.2220747470855712890625
648.985067844390869140625
667.8604834079742431640625
645.1350200176239013671875
657.238679409027099609375
670.197815418243408203125
634.4208538532257080078125
647.0944697856903076171875
653.9722144603729248046875
664.924190521240234375
642.75234699249267578125
644.4947414398193359375
654.7464668750762939453125
645.8082654476165771484375
644.1667191982269287109375
653.4696643352508544921875
657.0812587738037109375
660.5852077007293701171875
662.605923175811767578125
653.5733540058135986328125
662.7452678680419921875
660.1885492801666259765625
654.0281016826629638671875
639.3023755550384521484375
636.1718370914459228515625
635.7810461521148681640625
648.8864955902099609375
655.779514312744140625
678.2423839569091796875
651.36491107940673828125
673.1458632946014404296875
673.48487377166748046875
652.81682491302490234375
665.501001834869384765625
