660.5260813236236572265625
643.6361987590789794921875
663.1185534000396728515625
634.551982402801513671875
645.974571704864501953125
674.5875480175018310546875
659.567952632904052734375
657.2468378543853759765625
662.187953472137451171875
668.9366943836212158203125
635.18274974822998046875
650.063807964324951171875
648.8915889263153076171875
648.0895507335662841796875
647.2759196758270263671875
662.0756275653839111328125
654.572969913482666015625
655.6451408863067626953125
667.986161708831787109375
659.0739650726318359375
659.5316336154937744140625
670.0794193744659423828125
654.5994064807891845703125
670.04282379150390625
658.77617645263671875
667.421512603759765625
666.3708498477935791015625
664.9773731231689453125
655.45299243927001953125
658.91648101806640625
666.4312016963958740234375
664.9420664310455322265625
657.0389502048492431640625
655.705454349517822265625
644.6122162342071533203125
645.30999755859375
672.5379784107208251953125
641.5459702014923095703125
648.347279071807861328125
667.8951842784881591796875
653.7716648578643798828125
665.0479710102081298828125
652.3987200260162353515625
668.7814428806304931640625
669.076152801513671875
655.4124562740325927734375
682.845421314239501953125
643.4971311092376708984375
651.683224201202392578125
658.351124286651611328125
651.962680816650390625
660.2361271381378173828125
662.9125669002532958984375
668.7608585357666015625
639.53134918212890625
643.1489174365997314453125
665.349918365478515625
653.8750422000885009765625
647.6116845607757568359375
639.0733883380889892578125
664.544991016387939453125
648.6898896694183349609375
645.028608798980712890625
676.5891177654266357421875
659.04358005523681640625
646.6940367221832275390625
663.89259052276611328125
671.940636157989501953125
651.7258784770965576171875
668.739632129669189453125
649.9812450408935546875
638.5316369533538818359375
680.6509191989898681640625
670.127393245697021484375
656.140306949615478515625
662.13213062286376953125
667.203205585479736328125
643.32542133331298828125
660.9284737110137939453125
649.260271549224853515625
649.4953486919403076171875
668.6321656703948974609375
656.529052257537841796875
669.76733493804931640625
657.7956483364105224609375
674.1192800998687744140625
649.0430638790130615234375
663.6206610202789306640625
642.18868160247802734375
656.35996913909912109375
665.378283023834228515625
668.6575415134429931640625
650.08395862579345703125
659.90110015869140625
651.296906948089599609375
650.3376648426055908203125
664.485963344573974609375
664.989421367645263671875
667.5170700550079345703125
646.11925411224365234375
646.5532510280609130859375
651.28216266632080078125
653.1613571643829345703125
660.0230205059051513671875
662.3520355224609375
662.268702983856201171875
654.3951053619384765625
643.14414310455322265625
663.684265613555908203125
666.5567953586578369140625
665.9429848194122314453125
638.924452304840087890625
641.9396762847900390625
651.1731221675872802734375
646.78088283538818359375
666.0388538837432861328125
681.8326508998870849609375
655.8176310062408447265625
663.1105320453643798828125
651.1514530181884765625
674.4165880680084228515625
640.730200290679931640625
662.5479118824005126953125
662.1618463993072509765625
656.78553485870361328125
664.2906513214111328125
656.0586874485015869140625
651.0835802555084228515625
670.019922733306884765625
653.5628335475921630859375
658.5138595104217529296875
660.386089324951171875
642.538043975830078125
649.25960254669189453125
664.0397875308990478515625
646.4046542644500732421875
640.1342961788177490234375
634.6422388553619384765625
667.53083038330078125
655.981405735015869140625
671.6037209033966064453125
667.266749858856201171875
648.462645053863525390625
651.702239513397216796875
646.9996597766876220703125
671.2769467830657958984375
656.672605991363525390625
657.5753328800201416015625
673.1965377330780029296875
644.1129915714263916015625
651.4474670886993408203125
