0.44966928332583544491996008218848146498203277587890625
0.419332400923048631558032184329931624233722686767578125
0.4772077746100980011334513619658537209033966064453125
0.40841294437835518049695338049787096679210662841796875
0.508713269980628268740474595688283443450927734375
0.4743820878911251259779646716197021305561065673828125
0.423233018948962869121288576934603042900562286376953125
0.4271589768931887132197289247415028512477874755859375
0.413199545635983545022185126072145067155361175537109375
0.43577330226760324638490828874637372791767120361328125
0.4657572134232557115041117867804132401943206787109375
0.46073857609154533765405403755721636116504669189453125
0.441960622814291881343962131722946651279926300048828125
0.424239180209061317317065231691231019794940948486328125
0.4360355523804997357473212105105631053447723388671875
0.409416406732294235748526034512906335294246673583984375
0.4280660215081286690264050776022486388683319091796875
0.475567351168092733448844455779180862009525299072265625
0.43119307005427842671707594490726478397846221923828125
0.433572901913386765659907950976048596203327178955078125
0.453276007988102913603967181188636459410190582275390625
0.404825592140848733446745200126315467059612274169921875
0.439190961927585277191354862225125543773174285888671875
0.449265342890787067187119419031660072505474090576171875
0.447310783389002875054529795306734740734100341796875
0.433700085087165232433648043297580443322658538818359375
0.43839551459793535403974829023354686796665191650390625
0.39147543472308210521504179268958978354930877685546875
0.44417346568354976188430782713112421333789825439453125
0.41566614198709095351347286850796081125736236572265625
0.4379354241083606158468910507508553564548492431640625
0.447500338109628137406303949319408275187015533447265625
0.428715115805616220345797273694188334047794342041015625
0.451045734321053048976324362229206599295139312744140625
0.414524787091799684635162748236325569450855255126953125
0.44870519033060229929787965374998748302459716796875
0.439755817173900276362275008068536408245563507080078125
0.446887115027791492760655955862603150308132171630859375
0.42569430371474226149075548164546489715576171875
0.468917774139609278005735859551350586116313934326171875
0.431100651012044699950109816199983470141887664794921875
0.450662939639500714772424316834076307713985443115234375
0.456111298887342975216796503445948474109172821044921875
0.419763097758800329817319152425625361502170562744140625
0.447697765293264271502238216271507553756237030029296875
0.4312937423038334383562641960452310740947723388671875
0.410919447739834631239119744350318796932697296142578125
0.4650072232648427839052374110906384885311126708984375
0.490273113056019005373542540837661363184452056884765625
0.411026150992125582916969506186433136463165283203125
0.440095978493884876225905600222176872193813323974609375
0.446301897469874309098969433762249536812305450439453125
0.42274047227101718693376142255146987736225128173828125
0.363260567502258713279417179364827461540699005126953125
0.436197068071058569049824882313259877264499664306640625
0.4381010876709494628045149511308409273624420166015625
0.442856090562117443720779874638537876307964324951171875
0.423229104625645502490982607923797331750392913818359375
0.4538701052108102818039014891837723553180694580078125
0.423086486930292771102557480844552628695964813232421875
0.42935920073184152823131398690748028457164764404296875
0.415841370585492919875747475089156068861484527587890625
0.421658316762324736348688247744576074182987213134765625
0.476683688185218390476194372240570373833179473876953125
0.472274227168494153961120218809810467064380645751953125
0.42512098888322202849820996561902575194835662841796875
0.434062154936331268118010484613478183746337890625
0.44400326842303405872058874592767097055912017822265625
0.4575880694674088200457617858774028718471527099609375
0.44195971720893556522469225456006824970245361328125
0.4787081142322213711537415292696096003055572509765625
0.438888415760825101319397845145431347191333770751953125
0.4074962673054585149401418675552122294902801513671875
0.434739844737182246081630410117213614284992218017578125
0.419456369290594099918934034576523117721080780029296875
0.47783282854753961199634204604080878198146820068359375
0.42436785073949423452432938574929721653461456298828125
0.367029612795963855464975722497911192476749420166015625
0.458268850154255724671514826695783995091915130615234375
0.44322549929959376147081684393924660980701446533203125
0.416444169861055701886698443558998405933380126953125
0.425647598576811947435061256328481249511241912841796875
0.454048453875638358123723037351737730205059051513671875
0.42635543619547411342551868074224330484867095947265625
0.389173078384902726423177909964579157531261444091796875
0.467370319167192127540744195357547141611576080322265625
0.45167214763196616988949472215608693659305572509765625
0.418838719798226566393140046784537844359874725341796875
0.437590878717870668257461375105776824057102203369140625
0.44123072502373539283127001908724196255207061767578125
0.449551250235298738289202447049319744110107421875
0.467635847048384400981291264542960561811923980712890625
0.378721121282991679546370278330869041383266448974609375
0.43476130399744994381450169385061599314212799072265625
0.4364206105575385574724123216583393514156341552734375
0.41570793810554296232595561377820558845996856689453125
0.412465626840153365417762643119203858077526092529296875
0.424438508143871351396825275514856912195682525634765625
0.168670447999269279559797496403916738927364349365234375
0.44767974045661251825123372327652759850025177001953125
0.403209941289054907276323547193896956741809844970703125
0.43511807447507766521965777428704313933849334716796875
0.4743140331061883596674988439190201461315155029296875
0.4304859512012908506761732496670447289943695068359375
0.440643703842038103601908005657605826854705810546875
0.4212419540321221678169649749179370701313018798828125
0.39350897893745473421489577958709560334682464599609375
0.413895914331171843603129900657222606241703033447265625
0.401834930519216815270056031295098364353179931640625
0.442623514476096879821653828912531025707721710205078125
0.438643055831809347555605427260161377489566802978515625
0.414533953897217088968574216778506524860858917236328125
0.419462988748746379297216435588779859244823455810546875
0.456260954125958295701792621912318281829357147216796875
0.440111295212618880423605105534079484641551971435546875
0.41438440533226905682084861837211064994335174560546875
0.44572007279582803729311990537098608911037445068359375
0.454939646054577429001852806322858668863773345947265625
0.371613962330677172207771263856557197868824005126953125
0.4599065542856617394562590561690740287303924560546875
0.434006079068559424971596172326826490461826324462890625
0.4003934454338404780315840980620123445987701416015625
0.42198781791691164499980004620738327503204345703125
0.433359622495978147327377882902510464191436767578125
0.38338963647453183636315543481032364070415496826171875
0.42121640228590229160232638605521060526371002197265625
0.4160726123568123657747719335020519793033599853515625
0.498253988168611383624551081084064207971096038818359375
0.44421271388463756668585347142652608454227447509765625
0.468762618451893653404027872966253198683261871337890625
0.449035404943929739030039627323276363313198089599609375
0.453764523372701289449793193853111006319522857666015625
0.431245269529803521013633371694595552980899810791015625
0.4451626044736693987857734100543893873691558837890625
0.42934124091528058642097676056437194347381591796875
0.4495286073645512470164931073668412864208221435546875
0.4357616039426590592853472116985358297824859619140625
0.43717359357761231830608039672370068728923797607421875
0.43358308638251819022713107187882997095584869384765625
0.456200224872145121413069546179031021893024444580078125
0.415343550748346446166436862768023274838924407958984375
0.4248070777061858649403802701272070407867431640625
0.4158744260870974596144833412836305797100067138671875
0.439745581483368397357480716891586780548095703125
0.418753631130550918459931608595070429146289825439453125
0.4473252702610588382725609335466288030147552490234375
0.393937329415092685191979171577258966863155364990234375
0.43126070823423978684019175489083863794803619384765625
0.4121150470646763874782436687382869422435760498046875
0.408095080907354634813799520998145453631877899169921875
0.41556272983592734693303327730973251163959503173828125
