651.0061206817626953125
651.006049633026123046875
651.0062503814697265625
651.006069183349609375
651.006038188934326171875
651.006245136260986328125
651.0061180591583251953125
651.0061938762664794921875
651.0062420368194580078125
651.0060489177703857421875
651.006272792816162109375
651.0059702396392822265625
651.00610065460205078125
651.005979061126708984375
651.005999088287353515625
651.0062389373779296875
651.0061972141265869140625
651.00623035430908203125
651.006163120269775390625
651.006473064422607421875
651.0061948299407958984375
651.0060937404632568359375
651.006175518035888671875
651.0059535503387451171875
651.006067752838134765625
651.0059883594512939453125
651.006283283233642578125
651.0059223175048828125
651.0061037540435791015625
651.0074932575225830078125
651.0066363811492919921875
651.0061428546905517578125
651.006039142608642578125
651.006072521209716796875
651.00597286224365234375
651.006178379058837890625
651.006375789642333984375
651.0060226917266845703125
651.0061852931976318359375
651.00614833831787109375
651.00601482391357421875
651.0060999393463134765625
651.007464885711669921875
651.0060136318206787109375
651.006295680999755859375
651.006097316741943359375
651.00638103485107421875
651.0062744617462158203125
651.0062510967254638671875
651.0061194896697998046875
651.005933284759521484375
651.0060956478118896484375
651.0060565471649169921875
651.005963802337646484375
651.0061061382293701171875
651.00642299652099609375
651.006132602691650390625
651.0060422420501708984375
651.006186962127685546875
651.0059297084808349609375
651.00605487823486328125
651.006056308746337890625
651.0063235759735107421875
651.0063097476959228515625
651.0060098171234130859375
651.007503032684326171875
651.0062325000762939453125
651.0061054229736328125
651.0061185359954833984375
651.00601291656494140625
651.006033420562744140625
651.005729198455810546875
651.0076351165771484375
651.0062453746795654296875
651.006134510040283203125
651.0062458515167236328125
651.006117343902587890625
651.00611782073974609375
651.0062119960784912109375
651.0059909820556640625
651.0060279369354248046875
651.006369113922119140625
651.005962371826171875
651.0061275959014892578125
651.0061376094818115234375
651.006075382232666015625
651.006238460540771484375
651.00616168975830078125
651.0060918331146240234375
651.0061166286468505859375
651.0075321197509765625
651.0060851573944091796875
651.006214618682861328125
651.0068008899688720703125
651.0075018405914306640625
651.00594425201416015625
651.0063331127166748046875
651.00635433197021484375
651.006107807159423828125
651.006183624267578125
651.005967617034912109375
651.0060279369354248046875
651.0060832500457763671875
651.0061779022216796875
651.0062067508697509765625
651.006050586700439453125
651.0060088634490966796875
651.006269931793212890625
651.0061299800872802734375
651.00610065460205078125
651.006054401397705078125
651.0077130794525146484375
651.0062339305877685546875
651.0061321258544921875
651.0060875415802001953125
651.0061404705047607421875
651.00611972808837890625
651.006149768829345703125
651.0061366558074951171875
651.006298542022705078125
651.0060260295867919921875
651.0061466693878173828125
651.006132602691650390625
651.0061275959014892578125
651.006005764007568359375
651.0062510967254638671875
651.006014347076416015625
651.0075256824493408203125
651.0059516429901123046875
651.006021022796630859375
651.0063216686248779296875
651.0077950954437255859375
651.006144046783447265625
651.0060894489288330078125
651.0060517787933349609375
651.0062053203582763671875
651.00599193572998046875
651.006004810333251953125
651.0056679248809814453125
651.006184101104736328125
651.0061175823211669921875
651.0078065395355224609375
651.0063521862030029296875
651.00643444061279296875
651.00611209869384765625
651.0063607692718505859375
651.0059597492218017578125
651.00615787506103515625
651.008120059967041015625
651.0061347484588623046875
651.006002902984619140625
