0.99632024765014637335269753748434595763683319091796875
0.9953453540802001953125
0.989546000957489013671875
0.992412745952606201171875
0.98746758699417125360042746251565404236316680908203125
0.990662992000579833984375
0.989059746265411376953125
0.995927631855010986328125
0.98836249113082874639957253748434595763683319091796875
0.99239605665206920281917746251565404236316680908203125
0.98432838916778564453125
0.99274724721908558233707253748434595763683319091796875
0.98929941654205322265625
0.99351841211318958624332253748434595763683319091796875
0.99119269847869884149105246251565404236316680908203125
0.98663103580474842413394753748434595763683319091796875
0.998131215572357177734375
0.995161235332489013671875
0.98424088954925537109375
0.995052278041839599609375
0.989473819732666015625
0.992038905620574951171875
0.995845794677734375
0.99701488018035877569644753748434595763683319091796875
0.986996233463287353515625
0.989779531955718994140625
0.98844027519226085320980246251565404236316680908203125
0.99090647697448719366519753748434595763683319091796875
0.98076486587524402960269753748434595763683319091796875
0.99653518199920643194644753748434595763683319091796875
0.99492412805557239874332253748434595763683319091796875
0.99156236648559559210269753748434595763683319091796875
0.99260282516479481085269753748434595763683319091796875
0.98966276645660400390625
0.99172073602676402703792746251565404236316680908203125
0.98786413669586181640625
0.99762058258056640625
0.987932980060577392578125
0.99554651975631724969417746251565404236316680908203125
0.99152272939681995733707253748434595763683319091796875
0.99302661418914794921875
0.993320167064666748046875
0.989823997020721435546875
0.99386894702911376953125
0.99112665653228759765625
0.99123203754425037725894753748434595763683319091796875
0.995903432369232177734375
0.988914430141448974609375
0.97232663631439197882144753748434595763683319091796875
0.98932528495788563116519753748434595763683319091796875
0.997349798679351806640625
0.98374837636947642938167746251565404236316680908203125
0.987258732318878173828125
0.999123632907867431640625
0.98510158061981201171875
0.994817912578582763671875
0.99069130420684803350894753748434595763683319091796875
0.9709255695343017578125
0.987388074398040771484375
0.994619190692901611328125
0.977482497692108154296875
0.99182391166687000616519753748434595763683319091796875
0.99107134342193603515625
0.988176643848419189453125
0.98679727315902721063167746251565404236316680908203125
0.996690094470977783203125
0.99740487337112437860042746251565404236316680908203125
0.99305963516235362664730246251565404236316680908203125
0.99403518438339244500667746251565404236316680908203125
0.99880921840667724609375
0.9781010150909423828125
0.992427647113800048828125
0.99238777160644520147769753748434595763683319091796875
0.98842006921768199578792746251565404236316680908203125
0.984787642955780029296875
0.99836528301239002569644753748434595763683319091796875
0.98923575878143321649105246251565404236316680908203125
0.99618750810623157843082253748434595763683319091796875
0.99638128280639637335269753748434595763683319091796875
0.99536895751953125
0.99685257673263560906917746251565404236316680908203125
0.993174254894256591796875
0.985975086688995361328125
0.997315943241119384765625
0.99725323915481556280582253748434595763683319091796875
0.998064219951629638671875
0.988719046115875244140625
0.98596215248107921258480246251565404236316680908203125
0.99464458227157603875667746251565404236316680908203125
0.99655044078826904296875
0.9805772304534912109375
0.987976551055908203125
0.99311286211013805047542746251565404236316680908203125
0.9919841289520263671875
0.99799180030822765008480246251565404236316680908203125
0.98732680082321155889957253748434595763683319091796875
0.9877605438232421875
0.99272733926773082391292746251565404236316680908203125
1
0.996624767780303955078125
0.99670708179473876953125
0.992093145847320556640625
0.98476350307464599609375
0.9981863498687744140625
0.9827401638031005859375
0.997864246368408203125
0.99573850631713878289730246251565404236316680908203125
0.99698269367218017578125
0.992717325687408447265625
0.995356500148773193359375
0.99249470233917236328125
0.99529224634170521124332253748434595763683319091796875
0.992183148860931396484375
0.99087309837341319695980246251565404236316680908203125
0.98557853698730479852230246251565404236316680908203125
0.995449542999267578125
0.99148333072662364617855246251565404236316680908203125
0.99831402301788318975894753748434595763683319091796875
0.98966532945632923468082253748434595763683319091796875
0.98944735527038563116519753748434595763683319091796875
0.989280641078948974609375
0.99832379817962635382144753748434595763683319091796875
0.98841428756713878289730246251565404236316680908203125
0.99203038215637195929019753748434595763683319091796875
0.99847489595413196905582253748434595763683319091796875
0.9857928752899169921875
0.988171756267547607421875
0.99205797910690318719417746251565404236316680908203125
0.99507296085357677117855246251565404236316680908203125
0.98785817623138438836605246251565404236316680908203125
0.99003642797470081671207253748434595763683319091796875
0.99337935447692882195980246251565404236316680908203125
0.99130231142044078485042746251565404236316680908203125
0.992011249065399169921875
0.99348843097686756475894753748434595763683319091796875
0.98790115118026722296207253748434595763683319091796875
0.9970281124114990234375
0.99455553293228160516292746251565404236316680908203125
0.99097806215286243780582253748434595763683319091796875
0.996730387210845947265625
0.99191749095916759149105246251565404236316680908203125
0.98394310474395763055355246251565404236316680908203125
0.99593961238861083984375
0.970259964466094970703125
0.99675095081329356805355246251565404236316680908203125
0.97750544548034679070980246251565404236316680908203125
0.99816834926605224609375
0.989204108715057373046875
0.994899272918701171875
0.9902260303497314453125
0.99722003936767578125
