656.31335353851318359375
656.3132836818695068359375
656.31348514556884765625
656.3133018016815185546875
656.313272953033447265625
656.3134796619415283203125
656.3133518695831298828125
656.313426971435546875
656.3134758472442626953125
656.3132836818695068359375
656.3135068416595458984375
656.313198566436767578125
656.31333446502685546875
656.3132114410400390625
656.3132326602935791015625
656.313473224639892578125
656.31342983245849609375
656.3134644031524658203125
656.31339740753173828125
656.313706874847412109375
656.3134276866912841796875
656.31332874298095703125
656.313409328460693359375
656.313188076019287109375
656.313300609588623046875
656.313223361968994140625
656.3135178089141845703125
656.3131568431854248046875
656.3133385181427001953125
656.3147270679473876953125
656.313869953155517578125
656.31337642669677734375
656.3132727146148681640625
656.3133065700531005859375
656.3132050037384033203125
656.313414096832275390625
656.313610553741455078125
656.313255786895751953125
656.3134191036224365234375
656.31338024139404296875
656.3132476806640625
656.3133335113525390625
656.314698696136474609375
656.3132483959197998046875
656.3135292530059814453125
656.313331127166748046875
656.3136157989501953125
656.313508510589599609375
656.3134858608245849609375
656.313353061676025390625
656.313166141510009765625
656.3133294582366943359375
656.3132894039154052734375
656.3131973743438720703125
656.3133399486541748046875
656.3136577606201171875
656.3133656978607177734375
656.3132762908935546875
656.313419818878173828125
656.313162326812744140625
656.31328868865966796875
656.3132903575897216796875
656.313557147979736328125
656.3135435581207275390625
656.313243389129638671875
656.314736843109130859375
656.313466548919677734375
656.3133392333984375
656.313352108001708984375
656.3132464885711669921875
656.3132660388946533203125
656.3129627704620361328125
656.314868927001953125
656.3134744167327880859375
656.3133661746978759765625
656.3134796619415283203125
656.31335735321044921875
656.3133518695831298828125
656.3134479522705078125
656.31322383880615234375
656.313260555267333984375
656.313601970672607421875
656.3131983280181884765625
656.3133571147918701171875
656.3133754730224609375
656.313309192657470703125
656.3134710788726806640625
656.313396453857421875
656.3133265972137451171875
656.3133513927459716796875
656.3147661685943603515625
656.3133203983306884765625
656.3134515285491943359375
656.314035892486572265625
656.314734935760498046875
656.31317806243896484375
656.313567638397216796875
656.3135879039764404296875
656.3133404254913330078125
656.313411235809326171875
656.313202381134033203125
656.3132617473602294921875
656.3133194446563720703125
656.3134114742279052734375
656.3134415149688720703125
656.3132841587066650390625
656.313243865966796875
656.3135025501251220703125
656.3133637905120849609375
656.3133323192596435546875
656.313287258148193359375
656.3149445056915283203125
656.31346893310546875
656.3133656978607177734375
656.313311100006103515625
656.3133766651153564453125
656.3133528232574462890625
656.313384532928466796875
656.3133714199066162109375
656.313532352447509765625
656.31326007843017578125
656.31337833404541015625
656.313366413116455078125
656.3133604526519775390625
656.313241481781005859375
656.313485622406005859375
656.3132402896881103515625
656.3147599697113037109375
656.313182830810546875
656.31325531005859375
656.313556194305419921875
656.315028667449951171875
656.313377857208251953125
656.313322544097900390625
656.3132865428924560546875
656.313436031341552734375
656.3132226467132568359375
656.313242435455322265625
656.3129026889801025390625
656.313419818878173828125
656.313353061676025390625
656.3150413036346435546875
656.31358432769775390625
656.3136637210845947265625
656.3133456707000732421875
656.313590526580810546875
656.3131926059722900390625
656.3133928775787353515625
656.315352916717529296875
656.3133685588836669921875
656.3132379055023193359375
