0.00152501118710535589310939297291724869864992797374725341796875
0.00105370012859855072435977252354177835513837635517120361328125
0.0001796370244218493234487910026331292101531289517879486083984375
0.000915060453960531042065518203543206254835240542888641357421875
0.000926681460282692440015572810096955436165444552898406982421875
0.0026631703878177222406808954957568857935257256031036376953125
0.0008372218535011781252730411750917483004741370677947998046875
0.00024227967912296337967166526272677629094687290489673614501953125
0.000820924449396235613417294185722994370735250413417816162109375
0.000425100625659948091160378336184066938585601747035980224609375
0.0004695596858205767424980503488285421553882770240306854248046875
0.0004673709908764252826500473769755217290366999804973602294921875
0.000672373909797333913808403682565995040931738913059234619140625
0.0005728007991973554750841923777215924928896129131317138671875
0.000485713147707872981186094651917528608464635908603668212890625
0.000518356677495332061021693359492701347335241734981536865234375
0.0003952401226027444616946404654100888365064747631549835205078125
0.00049014692706054953548477914893055640277452766895294189453125
0.00102830144981433282795613148863367314334027469158172607421875
0.000718288870012005233045560004256913089193403720855712890625
0.00023935036088643761305154444851694961471366696059703826904296875
0.0000974641434073988716275949162337610687245614826679229736328125
0.000486068888190141642179076253427183473831973969936370849609375
0.00162843952343545554130310737406261978321708738803863525390625
0.00132623786987512491501728373322066545370034873485565185546875
0.00046548227817657804490647510675671583157964050769805908203125
0.0013630193507351089608758964999424279085360467433929443359375
0.0010186489122066427238932906362833819002844393253326416015625
0.000111004647849185603147338652352260623956681229174137115478515625
0.000963608634530695694342394830300690955482423305511474609375
0.0005048210712963146877541031898317669401876628398895263671875
0.0003813782552664798084808561728920039968215860426425933837890625
0.00135875837556550453470716188775213595363311469554901123046875
0.0002169355717826705501165285294717932629282586276531219482421875
0.0010765998201930672417692136377809219993650913238525390625
0.00130961931966313139923119290841668771463446319103240966796875
0.00014226499939155583143550465319293607535655610263347625732421875
0.000795707686925484366201322128375750253326259553432464599609375
0.0003424003831226846475931091529076866208924911916255950927734375
0.00115530989940075350629056227802493594936095178127288818359375
0.00025134810644398923595854711265928926877677440643310546875
0.0022638873185782094031581745952053097425960004329681396484375
0.000473008636884937280243923485301138498471118509769439697265625
0.0002251879397519855499458507619436886670882813632488250732421875
0.000451408696673145427326334644391181427636183798313140869140625
0.00062874622097084634404773328952842348371632397174835205078125
0.00114896139912428851652392847171313405851833522319793701171875
0.0021074846837768677725033494851913928869180381298065185546875
0.0009094547582599635769662338447005822672508656978607177734375
0.0016801801369253385569357828188685743953101336956024169921875
0.00091965363411440517564521268667476761038415133953094482421875
0.0001832169302730362182678180982264848353224806487560272216796875
0.001082978957650643746235541442501926212571561336517333984375
0.003922490327769564792681489251435777987353503704071044921875
0.00207500954688424714411620897180910105817019939422607421875
0.00085140010668075427786860576162553115864284336566925048828125
0.001517994012488519707526624102911227964796125888824462890625
0.000348303790400717534943286768367443073657341301441192626953125
0.000504218621177598470307901212805745672085322439670562744140625
0.00046171260878906925963216512087683440768159925937652587890625
0.0010829805843767157345902685250393915339373052120208740234375
0.0013987497541582999578679835650518725742585957050323486328125
0.0003876882025902181664288315143807039930834434926509857177734375
0.0002655084706137458556811370424810547774541191756725311279296875
0.00125942962518787635560479909457853864296339452266693115234375
0.000218244075870838616544589161350131689687259495258331298828125
0.0001033675703231962095772489274025929262279532849788665771484375
0.00113946818017316852007791982970275057596154510974884033203125
0.000569759544129494152099602022332192063913680613040924072265625
0.000278752232918451944669591124892349398578517138957977294921875
0.000546613070762593205968726817189917710493318736553192138671875
0.0013631993393764837811665824318652084912173449993133544921875
0.00068562269988835960500550559260091176838614046573638916015625
0.0003177363057925963719073381152924184789299033582210540771484375
0.00087471137806881369032574458088902247254736721515655517578125
0.00092302660626935261432846058227141838870011270046234130859375
0.00145562349817748696613473047278830563300289213657379150390625
0.001957983593770153650515108978424905217252671718597412109375
0.000487663600323694885162184586846478850929997861385345458984375
0.0013522010304731894338170494762607631855644285678863525390625
0.0004238335305309039635797418998919283694704063236713409423828125
0.001025698819241027681670175297767855226993560791015625
0.0014500594388627235757638356261622902820818126201629638671875
0.000794451034616327871062946286428996245376765727996826171875
0.000813587128010134666249164592244369487161748111248016357421875
0.000491190012561858635638245562660131326992996037006378173828125
0.000816144056548677508493294663338701866450719535350799560546875
0.00071322288247072595200604094856089432141743600368499755859375
0.00098538742694855604824233363814300901140086352825164794921875
0.0013213645483939784504301417911165117402561008930206298828125
0.000875603706388953704174704650853300336166284978389739990234375
0.00021797507487371052948936511750588351787882857024669647216796875
0.001053550732573700805805305691364992526359856128692626953125
0.0004523035920763191614600573497995128491311334073543548583984375
0.0004755037275632373089569171487056564728845842182636260986328125
0.0006225692752001312467446947351845665252767503261566162109375
0.000583289575033620727971539476897078202455304563045501708984375
0.000925632721179988899977419958275959288584999740123748779296875
0.0013330699083395985103661640636119045666418969631195068359375
0.00065540078978218864295957057919395083445124328136444091796875
0.0003703046815165102830132159983378414835897274315357208251953125
0.000681344132186269269002565351911471225321292877197265625
0.0001883188024035102083042492182585192495025694370269775390625
0.00057270257701788639982665163330466384650208055973052978515625
0.0004503095173032864982111400653508326286100782454013824462890625
0.00147431520105369812632944981345417545526288449764251708984375
0.00187392077687856630809071223353612367645837366580963134765625
0.00067451719137914009465084586025795942987315356731414794921875
0.00189583082163190404755004347947533460683189332485198974609375
0.0011008113521642245817566685417432381655089557170867919921875
0.00055314341232111266348503431089511650498025119304656982421875
0.000775995180089762682205944965829758075415156781673431396484375
0.00024310806965735908143598498210025127264088951051235198974609375
0.000824274392204729362647330770386133735883049666881561279296875
0.000383265516168762826292037981801286150584928691387176513671875
0.00051325021939906318758917169731148533173836767673492431640625
0.00056649138339273891022684903617800955544225871562957763671875
0.000903514444962464778783595154010299665969796478748321533203125
0.00113534236165535921091185311837534754886291921138763427734375
0.000779189357948148453823777881410705958842299878597259521484375
0.0009837263801856688423541630328372775693424046039581298828125
0.0006792716392013211680611650677974466816522181034088134765625
0.00088777670525096229019179627783842079224996268749237060546875
0.000143810387675879212433793785663738162838853895664215087890625
0.0004270483300325231420212224175969595307833515107631683349609375
0.00023943632764010104705017234483221955088083632290363311767578125
0.000371209921795303339660254682286222305265255272388458251953125
0.001571125080835111646748725178213135222904384136199951171875
0.00036669354357671789246264637540662079118192195892333984375
0.0022640660842795545977523818947929612477310001850128173828125
0.000928957428496018726947480725897321462980471551418304443359375
0.00145766130815993817486375672132226100075058639049530029296875
0.00024367666820116778048262162759129978439887054264545440673828125
0.0003615950560151492076087220706170910489163361489772796630859375
0.00107812364402247516485811029696151308598928153514862060546875
0.0003698658285102698136011245555465620782342739403247833251953125
0.0007332303202210129801363880375220105634070932865142822265625
0.0004336947338081970255985186923908258904702961444854736328125
0.0006298229959278167124081537764368476928211748600006103515625
0.00173515391605911692939068213803466278477571904659271240234375
0.000715642161485481077820569595360211678780615329742431640625
0.0004141730653187503476998776452688844074145890772342681884765625
0.000711879030411734226024833560586557723581790924072265625
0.000690966656034340998178422399433884493191726505756378173828125
0.0004177581335990565212200331668412900398834608495235443115234375
0.00101102864289976074156640617474067767034284770488739013671875
0.0013598121329477306888644516646991178276948630809783935546875
0.0012533203990583185495621965088730576098896563053131103515625
0.000970178434463391295948520021141803226782940328121185302734375
0.000364161554934815112627433109082630835473537445068359375
0.0001331979396451664636631673221955907138180918991565704345703125
