0.119235758988209650244272097552311606705188751220703125
0.11043071358345957211355425897636450827121734619140625
0.10683248202101781887396469983286806382238864898681640625
0.11547070227638935036029721459271968342363834381103515625
0.0914272751626612201203414542760583572089672088623046875
0.0974457076119134846248215353625710122287273406982421875
0.1225507643406503477390145917524932883679866790771484375
0.150279131989795866619630260174744762480258941650390625
0.10843675308733476125855332838909816928207874298095703125
0.08345074623526906043569084658884094096720218658447265625
0.130763116720725103281353085549199022352695465087890625
0.11997910570778717864737217269066604785621166229248046875
0.10156625189915080564873051116592250764369964599609375
0.12216061379821945009904737844408373348414897918701171875
0.0792803319041853471471625880440114997327327728271484375
0.1380134351683860172155249301795265637338161468505859375
0.10667734245126768433120645340750343166291713714599609375
0.1221588927569943472395408434749697335064411163330078125
0.1118292992485410142222690410562790930271148681640625
0.144558057072195100811740076096612028777599334716796875
0.0990334114892753858416796219898969866335391998291015625
0.1322896681369886418000447747544967569410800933837890625
0.144097668707848181046671243166201747953891754150390625
0.12087807658009015743250103014361229725182056427001953125
0.1147551780056136061514138191341771744191646575927734375
0.12631477315385819526483146546524949371814727783203125
0.1381725475136205416593071504394174553453922271728515625
0.10851007982758141545698293839450343511998653411865234375
0.134587659169419338045514678015024401247501373291015625
0.1317368888038526753003765179528272710740566253662109375
0.13086204565978032388073870606604032218456268310546875
0.1332876504191563282741839202572009526193141937255859375
0.120855890438379687257253181087435223162174224853515625
0.08539784361137232882033032410618034191429615020751953125
0.11612901793149543738792317526531405746936798095703125
0.12094153544146409029469424467606586404144763946533203125
0.1357490070460965203569259074356523342430591583251953125
0.08974802355992368696480099288237397558987140655517578125
0.1259235059004314150055137133676907978951930999755859375
0.1262084970679637763169012032449245452880859375
0.1346223779762217021005454853366245515644550323486328125
0.095036508140190323334905997398891486227512359619140625
0.131189308826797190743462806494790129363536834716796875
0.09787153334643551583216236622320138849318027496337890625
0.10758428589907829964200658423578715883195400238037109375
0.1273861253499792012267022300875396467745304107666015625
0.10060124511683886383561770117012201808393001556396484375
0.090531730016994049758949358874815516173839569091796875
0.1139692104220033364025965738619561307132244110107421875
0.126580708155955179439189350887318141758441925048828125
0.12141879349892518991094192415403085760772228240966796875
0.11557748976184455125260086560956551693379878997802734375
0.1111604901410561396790654953292687423527240753173828125
0.11667915168105190415470673315212479792535305023193359375
0.1149913372404396671999649015560862608253955841064453125
0.1044519981235639549677074455757974646985530853271484375
0.09978161639046558006871379120639176107943058013916015625
0.142981508956118885667052609278471209108829498291015625
0.125672382208635635691962306736968457698822021484375
0.1334081852010233493199820031804847531020641326904296875
0.124415111746197626363397148452349938452243804931640625
0.12105780618778348711739312193458317779004573822021484375
0.1190273149434629418319531168890534900128841400146484375
0.0962643019313771386435973909101448953151702880859375
0.125800744827660626601328885953989811241626739501953125
0.1329124365660455941995365947150276042520999908447265625
0.08856487576439160680497053590443101711571216583251953125
0.1208860192506962250025281946363975293934345245361328125
0.12164448456400629716700478866187040694057941436767578125
0.1139919864316535635939686699202866293489933013916015625
0.11059136970354162265994801828128402121365070343017578125
0.1375009599931158732477598505283822305500507354736328125
0.1365642833181558712940528721446753479540348052978515625
0.12391007364431895487744128558915690518915653228759765625
0.12070109744955985486836169684465858153998851776123046875
0.1237546462702807936739901606415514834225177764892578125
0.132789316745746732717492477604537270963191986083984375
0.10137509427219558444388525231261155568063259124755859375
0.10409709772843668551534079824705258943140506744384765625
0.0926152834462997953668406125871115364134311676025390625
0.146434439274301997357952132006175816059112548828125
0.11434537541287191630967612354652374051511287689208984375
0.10329603672940988745576618157429038546979427337646484375
0.138272223474624811334621199421235360205173492431640625
0.1286005929863437147186999709447263740003108978271484375
0.12260903818277606169839799576948280446231365203857421875
0.09300762046476608591039081375129171647131443023681640625
0.1258404128492773554892636411750572733581066131591796875
0.0942190530075123489073263272075564600527286529541015625
0.10908488812932548572831592537113465368747711181640625
0.132413192866848328232975973151042126119136810302734375
0.10892514377284302773407631548252538777887821197509765625
0.1293072645183938884638763511247816495597362518310546875
0.09911811857062659270045656967340619303286075592041015625
0.1366268329524000790797799709253013134002685546875
0.12404517913826784702990835285163484513759613037109375
0.134907030926851467800275941044674254953861236572265625
0.1371406295184803558750985530423349700868129730224609375
0.032014733114494375865177744344691745936870574951171875
0.09944980243411712106382793763259542174637317657470703125
0.13918597782696029430127282466855831444263458251953125
0.1217531491220839867661851485536317341029644012451171875
0.10546284214872890527825433082398376427590847015380859375
0.10166999171065761731203025419745245017111301422119140625
0.11423155807580502585363291245812433771789073944091796875
0.13290532159649648402677257763571105897426605224609375
0.10233658371010279086732452924479730427265167236328125
0.11902530625686379150973692730985931120812892913818359375
0.127029705343981336174152829698869027197360992431640625
0.0824017403981082419139880812508636154234409332275390625
0.1258057448268492806153773244659532792866230010986328125
0.0928560653950951941926206245625508017838001251220703125
0.131413296895250386597808756050653755664825439453125
0.12442048268401191546406181487327557988464832305908203125
0.1307032085921968900255052403736044652760028839111328125
0.1097907413476431892629392450544401071965694427490234375
0.1116464186050784845871675088346819393336772918701171875
0.11304346457715823415224321024652454070746898651123046875
0.10664972781868098383739607015741057693958282470703125
0.11262892103801773469040625741399708203971385955810546875
0.12349730343950049427093063059146516025066375732421875
0.11637687051549323868915308821669896133244037628173828125
0.1333492820983250004562847834677086211740970611572265625
0.1169945828789385744439499603686272166669368743896484375
0.1120094131520671665303012787262559868395328521728515625
0.12281725795758326180706632158035063184797763824462890625
0.11243859294776802071336163635351113043725490570068359375
0.1221176950447183939818529552212567068636417388916015625
0.09731068071550773301847669927155948244035243988037109375
0.09952077295389231970101917568172211758792400360107421875
0.1257747944311063681421813953420496545732021331787109375
0.099615455016723031267389387721777893602848052978515625
0.114606937712140088958534533958300016820430755615234375
0.103656000488370703127571914592408575117588043212890625
0.1101909197587866706680159722964162938296794891357421875
0.11671313759811507981822842339170165359973907470703125
0.126852720278313235713341100563411600887775421142578125
0.120441375945415096726520687298034317791461944580078125
0.1305575340471691048183089378653676249086856842041015625
0.12059527001751003949525653524688095785677433013916015625
0.1204925479315694103465972375488490797579288482666015625
0.14196600981373885819181168699287809431552886962890625
0.09605943424901199068077772835749783553183078765869140625
0.12386390335941567519828510057777748443186283111572265625
0.11267656124194865008281141172119532711803913116455078125
0.12047062280166354053534405466052703559398651123046875
0.1155701473076606033973945386605919338762760162353515625
0.1359134077158725972811481597091187722980976104736328125
0.0732082222406119920155020963647984899580478668212890625
0.1173103363463667558885816788460942916572093963623046875
0.1389414447327552981636955564681557007133960723876953125
