17.654481410980224609375
18.018211841583251953125
18.12953472137451171875
17.82083797454833984375
17.75022125244140625
17.4939630031585693359375
17.91254711151123046875
18.53261852264404296875
18.106938362121585583963678800500929355621337890625
17.365181446075439453125
17.9292933940887451171875
18.671416759490966796875
17.63479137420654296875
18.151306629180908203125
18.00653743743896484375
18.389591217041015625
17.8613383769989013671875
18.252526760101318359375
18.1145975589752197265625
18.68400859832763671875
17.994915485382080078125
18.195990085601806640625
18.244898080825809216776178800500929355621337890625
17.72173404693603515625
18.35637378692626953125
17.484296321868896484375
17.9502966403961181640625
18.233593225479129529276178800500929355621337890625
17.903398990631103515625
17.7855107784271240234375
18.1866428852081298828125
18.3445789813995361328125
17.597293376922607421875
17.61395263671875
18.144542217254638671875
17.903384685516357421875
18.07727146148681640625
17.635794162750244140625
17.36266326904296875
17.6632201671600341796875
18.3463747501373291015625
17.9719793796539306640625
18.3513457775115966796875
18.669378757476806640625
18.6416828632354736328125
17.9330046176910400390625
18.1418001651763916015625
17.8624570369720458984375
17.8014137744903564453125
17.9591643810272216796875
17.1785509586334228515625
18.351794481277462267598821199499070644378662109375
18.320654392242431640625
17.833370685577392578125
18.014157772064208984375
18.004817962646484375
18.221032619476318359375
18.1254036426544189453125
17.4296028614044189453125
18.19428730010986328125
18.04621410369873046875
18.2997798919677734375
17.6060588359832763671875
18.1828792095184326171875
18.0095613002777099609375
18.066128253936767578125
18.187000274658203125
18.03551959991455078125
17.8459455966949462890625
17.907573223114013671875
18.026486873626708984375
18.2990086078643798828125
17.9804303646087646484375
18.43700313568115234375
18.001706600189208984375
18.164412260055545544901178800500929355621337890625
18.3270130157470703125
18.0287978649139404296875
18.163576602935791015625
17.19335651397705078125
17.82574939727783203125
18.543812036514278673848821199499070644378662109375
17.8903200626373291015625
17.95897388458251953125
18.2207767963409423828125
18.425506591796875
17.8654003143310546875
18.103514194488525390625
17.618297100067138671875
18.143000125885009765625
17.9655969142913818359375
18.4330375194549560546875
18.019036769866943359375
17.8424522876739501953125
18.19160366058349609375
18.27530956268310546875
18.144796133041385388651178800500929355621337890625
18.387448787689208984375
18.258144378662109375
18.0638523101806640625
17.4460887908935546875
17.42659664154052734375
18.4100072383880615234375
18.0839862823486328125
17.492366790771484375
18.2214553356170654296875
17.8989813327789306640625
18.418335437774654650411321199499070644378662109375
18.0540177822113037109375
18.405639171600345349588678800500929355621337890625
17.8484327793121337890625
17.7304198741912841796875
17.9386713504791259765625
17.98064327239990234375
18.3714940547943115234375
18.283058643341064453125
17.72254276275634765625
18.0812587738037109375
18.2005851268768310546875
18.2525241374969482421875
18.474575996398929333963678800500929355621337890625
18.071509838104248046875
18.7166464328765869140625
17.7857344150543212890625
18.1865155696868896484375
18.189695596694942736348821199499070644378662109375
17.84832000732421875
17.9923267364501953125
18.2491042613983154296875
18.068599700927734375
17.6871860027313232421875
18.49373912811279296875
18.11492252349853515625
17.524738311767578125
17.9048919677734375
18.00712680816650390625
18.170892477035518908223821199499070644378662109375
18.203883409500118517598821199499070644378662109375
18.555805206298828125
18.0965502262115478515625
18.0606887340545654296875
17.7627637386322021484375
18.442459583282470703125
18.4063403606414794921875
17.825260162353515625
18.0379192829132080078125
18.2258641719818115234375
17.8390882015228271484375
17.8957045078277587890625
18.214120388031009412088678800500929355621337890625
18.0370781421661376953125
