0.99823486804962158203125
0.990854203701019287109375
0.989665210247039794921875
0.991778194904327392578125
0.992606639862060546875
0.991514265537261962890625
0.993637263774871826171875
0.997825086116790771484375
0.995977938175201416015625
0.99672925472259521484375
0.995920240879058837890625
0.9875705242156982421875
0.99631404876708984375
0.99119699001312255859375
0.99619758129119873046875
0.991293966770172119140625
0.994573771953582763671875
0.993469893932342529296875
0.99532604217529296875
0.99289357662200927734375
0.989960014820098876953125
0.996360838413238525390625
0.99149143695831298828125
0.993479907512664794921875
0.991664588451385498046875
0.994394838809967041015625
0.99731540679931640625
0.99421465396881103515625
0.9929521083831787109375
0.9982497692108154296875
0.9978468418121337890625
0.99674880504608154296875
0.99723517894744873046875
0.993219912052154541015625
0.99532794952392578125
0.994731903076171875
0.997220933437347412109375
0.9910488128662109375
0.99733459949493408203125
0.995760381221771240234375
0.997122585773468017578125
0.99116122722625732421875
0.988808214664459228515625
0.991279125213623046875
0.992454946041107177734375
0.9948370456695556640625
0.99754631519317626953125
0.986688554286956787109375
0.9882717132568359375
0.99649798870086669921875
0.99400603771209716796875
0.99026286602020263671875
0.98582565784454345703125
0.99655401706695556640625
0.994456112384796142578125
0.992313444614410400390625
0.995624482631683349609375
0.98893153667449951171875
0.99677145481109619140625
0.99642384052276611328125
0.9951183795928955078125
0.997308075428009033203125
0.994540274143218994140625
0.992590844631195068359375
0.98468172550201416015625
0.996310055255889892578125
0.9980099201202392578125
0.997066497802734375
0.99391651153564453125
0.99290645122528076171875
0.99275457859039306640625
0.99314463138580322265625
0.998616993427276611328125
0.99581062793731689453125
0.9948523044586181640625
0.986256122589111328125
0.99094676971435546875
0.993090152740478515625
0.996676146984100341796875
0.9937651157379150390625
0.9977223873138427734375
0.993351042270660400390625
0.982880532741546630859375
0.99398136138916015625
0.998217165470123291015625
0.993158280849456787109375
0.9937686920166015625
0.99361789226531982421875
0.997116744518280029296875
0.9952089786529541015625
0.990303099155426025390625
0.996446549892425537109375
0.9943349361419677734375
0.9913713932037353515625
0.99571311473846435546875
0.99680233001708984375
0.995867669582366943359375
0.99416005611419677734375
0.98784101009368896484375
0.9927837848663330078125
0.99649250507354736328125
0.9955732822418212890625
0.99477899074554443359375
0.993787705898284912109375
0.993796765804290771484375
0.9947516918182373046875
0.99399983882904052734375
0.997422873973846435546875
0.9925096035003662109375
0.986487925052642822265625
0.992038249969482421875
0.996791064739227294921875
0.994463384151458740234375
0.995210468769073486328125
0.994409978389739990234375
0.996657848358154296875
0.992153644561767578125
0.993127763271331787109375
0.996644556522369384765625
0.99387609958648681640625
0.98819148540496826171875
0.999166429042816162109375
0.99640715122222900390625
0.99359285831451416015625
0.996987521648406982421875
0.99269211292266845703125
0.996457159519195556640625
0.991831481456756591796875
0.994821846485137939453125
0.9877288341522216796875
0.99589645862579345703125
0.98631060123443603515625
0.99260580539703369140625
0.997145473957061767578125
0.99759662151336669921875
0.995647013187408447265625
0.99540996551513671875
0.997577488422393798828125
0.98982346057891845703125
0.99868309497833251953125
0.99621593952178955078125
0.992601573467254638671875
0.990529537200927734375
0.991203010082244873046875
0.992972791194915771484375
0.99248206615447998046875
0.99450623989105224609375
0.99607455730438232421875
0.993244647979736328125
0.99415051937103271484375
0.997405111789703369140625
