24.184448930349031314790408941917121410369873046875
23.648726086634528797958409995771944522857666015625
26.733571625763087098448522738181054592132568359375
22.40170584137595000129294930957257747650146484375
26.359062975133280559703052858822047710418701171875
28.2508369395765583931279252283275127410888671875
26.175761201712862913382195984013378620147705078125
23.88630411887651661118070478551089763641357421875
24.19131151019742986818528152070939540863037109375
25.875027741884043308573382091708481311798095703125
24.86276201618165515583314117975533008575439453125
25.293119896814406644125483580864965915679931640625
22.360058117293572621520070242695510387420654296875
23.5217508015024776568679953925311565399169921875
24.7866111119222836123299202881753444671630859375
26.04235724831823972635902464389801025390625
23.803249876439490861912418040446937084197998046875
27.07497970801733089274421217851340770721435546875
22.23325038934324737738279509358108043670654296875
23.37857497364581149668083526194095611572265625
26.494223803763564006885644630528986454010009765625
23.69390251451672924076774506829679012298583984375
27.56132917580722363481982029043138027191162109375
25.73894014773636484960661618970334529876708984375
25.318811733096850957736023701727390289306640625
29.140588140570454100952701992355287075042724609375
26.017564851174153517376907984726130962371826171875
23.585834389566048940878317807801067829132080078125
27.81903848614404495265262085013091564178466796875
25.588527027595919349778341711498796939849853515625
28.4797676572183462440079892985522747039794921875
21.549275555758850231313772383145987987518310546875
27.031384546900437015892748604528605937957763671875
23.04515487788579974903768743388354778289794921875
24.606392015272859907781821675598621368408203125
22.3491552548569956115898094139993190765380859375
22.697554649689987371630195411853492259979248046875
26.174555531865205892927406239323318004608154296875
24.907063060122482056613080203533172607421875
24.1432475334260203680969425477087497711181640625
25.68387388681343708185522700659930706024169921875
22.771322174039983821103305672295391559600830078125
26.4886958589346335202208138071000576019287109375
26.02293309609900262557857786305248737335205078125
24.095768294525530706096105859614908695220947265625
22.70945893794128522813480230979621410369873046875
23.582746074521157453318664920516312122344970703125
24.051106814810925271785890799947082996368408203125
24.071729575927516719957566238008439540863037109375
25.67767644678830407656278111971914768218994140625
26.4999604344626646934557356871664524078369140625
22.943870730549832614997285418212413787841796875
29.914829892072550165948996436782181262969970703125
24.45812091658020648310412070713937282562255859375
25.5691941641395743545217555947601795196533203125
21.643651700216185673752988805063068866729736328125
27.3731829443317877803565352223813533782958984375
24.417296535328095075101373367942869663238525390625
24.63658278313338456655401387251913547515869140625
29.503935316145355471917355316691100597381591796875
23.16461827371358594973571598529815673828125
23.2353779606979884420070447959005832672119140625
27.233113370391681229421010357327759265899658203125
25.080934724900334487074360367842018604278564453125
22.8744118408790910734751378186047077178955078125
23.567409819563838624389973119832575321197509765625
26.81366700486173471063011675141751766204833984375
24.623833901850087357843221980147063732147216796875
24.63567516906773136042829719372093677520751953125
26.272938441142770216174540109932422637939453125
26.106121883227334734556279727257788181304931640625
26.2458685540423033444312750361859798431396484375
24.314273138164427479068763204850256443023681640625
26.935050381832102317503085942007601261138916015625
24.61718480401169273363848333247005939483642578125
26.52065201511914693810467724688351154327392578125
27.674646366015554832529232953675091266632080078125
24.20771377458247997083162772469222545623779296875
27.330376053025641880367402336560189723968505859375
27.17616872444011022480481187812983989715576171875
24.087563533824408068539923988282680511474609375
25.6918435619323446417183731682598590850830078125
29.644494669435882627794853760860860347747802734375
28.1086700777319009603161248378455638885498046875
24.391872495365337414341411204077303409576416015625
27.625053071122739112297495012171566486358642578125
25.01498548201396943113650195300579071044921875
22.084870860967559025311857112683355808258056640625
25.924289418014627273123551276512444019317626953125
27.5125146695837230481629376299679279327392578125
26.549730326981194394875274156220257282257080078125
26.276892569714927816448835073970258235931396484375
27.69243140102323508244808181189000606536865234375
26.697344161059266554048008401878178119659423828125
24.594093696402847371018651756457984447479248046875
27.3349970945966873614452197216451168060302734375
22.212466519199640657689087674953043460845947265625
29.325754655000917381357794511131942272186279296875
19.239126576429754322816734202206134796142578125
29.43385671175841622471125447191298007965087890625
22.96289305505435862642116262577474117279052734375
27.104346904207201163217177963815629482269287109375
27.287799997313076261207243078388273715972900390625
22.999842661478769656469012261368334293365478515625
28.60096005888204473421865259297192096710205078125
30.880717891721257473136574844829738140106201171875
23.6607157376171954865640145726501941680908203125
24.092266284236036000265812617726624011993408203125
26.32211219479031427681547938846051692962646484375
24.0467478320874903374715358950197696685791015625
26.405158720564518404216869384981691837310791015625
26.584496959695361084641263005323708057403564453125
26.187011036405237973667681217193603515625
26.04081913190425012771811452694237232208251953125
26.052410384149961686262031435035169124603271484375
24.127582025047768610193088534288108348846435546875
24.52279347609830750798209919594228267669677734375
24.47026523770090733478355105035006999969482421875
24.30930320635760466529973200522363185882568359375
24.4234520857954322536897961981594562530517578125
25.41565067391729115797716076485812664031982421875
27.856023804520106068594031967222690582275390625
28.6311879717283801483063143678009510040283203125
26.057031893157851953901626984588801860809326171875
22.90124355511220954895179602317512035369873046875
27.045513623671649128255012328736484050750732421875
22.344482501714889366439820150844752788543701171875
24.553561686031311950273448019288480281829833984375
22.791479387085512797739283996634185314178466796875
27.7030171160107983041598345153033733367919921875
23.90988267230650166084160446189343929290771484375
27.36238977294227225911527057178318500518798828125
23.51984764978656272660373360849916934967041015625
23.75647928818379028825802379287779331207275390625
26.292034502582307453621979220770299434661865234375
28.48410064542787267782841809093952178955078125
24.331635493413923398975384770892560482025146484375
27.097627915746716809053395991213619709014892578125
26.995244915693145770774208358488976955413818359375
26.497310583258837368703098036348819732666015625
21.3761646405902610013072262518107891082763671875
25.655133467617940112859287182800471782684326171875
25.870795096185844386127428151667118072509765625
25.534353999148915903560919105075299739837646484375
25.39874087461378593388872104696929454803466796875
25.32866727748794488661587820388376712799072265625
25.274070501759087647997148451395332813262939453125
25.84463366427814179360211710445582866668701171875
25.8919101533852114016553969122469425201416015625
22.86804151543520902123418636620044708251953125
24.428327206349688793807217734865844249725341796875
