0.323118039917403676586360461442382074892520904541015625
0.2206067713776993788332703161358949728310108184814453125
0.143965926737179394923060726796393282711505889892578125
0.27952823323681130762707880421658046543598175048828125
0.057042252841225819792736473345939884893596172332763671875
0.1403191627705011879090335469300043769180774688720703125
0.2208634072777840573476026975185959599912166595458984375
0.2085182474424588650041556547876098193228244781494140625
0.256620842836082385662876959031564183533191680908203125
0.1970908088436556793165976841919473372399806976318359375
0.295918538818257081945972686298773624002933502197265625
0.147453246498238932371549481104011647403240203857421875
0.31143930335073555237812570339883677661418914794921875
0.31625057921342014655152752311551012098789215087890625
0.308232879254161151738600210592267103493213653564453125
0.2196857123022071534013122118267347104847431182861328125
0.2463353412655966689914777134617906995117664337158203125
0.18311394565530958455923382643959484994411468505859375
0.1735368586942934443495545338009833358228206634521484375
0.3502960983947296380591751585598103702068328857421875
0.15816136709060535370241495911614038050174713134765625
0.22808954355753197074108129527303390204906463623046875
0.264711919386642957618960281251929700374603271484375
0.27846236979092753305309315692284144461154937744140625
0.36221897077571407752571985838585533201694488525390625
0.1642793309948223090533048207362298853695392608642578125
0.2139067536651320933227538034770986996591091156005859375
0.236324772134668570355842120989109389483928680419921875
0.262455482155008412714636278906255029141902923583984375
0.1444227866497288237379592601428157649934291839599609375
0.2324714160856843070401822615167475305497646331787109375
0.394702058191541638176857986763934604823589324951171875
0.255455458960461789796880793801392428576946258544921875
0.1382891091905189828725752931859460659325122833251953125
0.09632594968074671692992438920555287040770053863525390625
0.267898686970742538893119899512385018169879913330078125
0.202633863415759229997803458900307305157184600830078125
0.1622750455762596299980060621237498708069324493408203125
0.263235620149499138786808316581300459802150726318359375
0.277495804511892762977964821402565576136112213134765625
0.3279549660439970981684609796502627432346343994140625
0.1582711979463233553655499008527840487658977508544921875
0.28168981473699872264404575616936199367046356201171875
0.0899849019176941766762212182584335096180438995361328125
0.177767501511971293126634918735362589359283447265625
0.240944713830828660672267460540751926600933074951171875
0.292225493371213562721067091842996887862682342529296875
0.183680214607252645375723432152881287038326263427734375
0.26564810734281685267177408604766242206096649169921875
0.2461893004046319111122187450746423564851284027099609375
0.319681696201337517404539312337874434888362884521484375
0.32551194334792288298530138490605168044567108154296875
0.2616565110080539824366496759466826915740966796875
0.2326493788327534673054941549708019010722637176513671875
0.29307754327117463422069931766600348055362701416015625
0.34003484426360797154842430245480500161647796630859375
0.341703752764944079789444231209927238523960113525390625
0.409125779409593992586025024138507433235645294189453125
0.315025454285410455579352628774358890950679779052734375
0.11324198090660829441045365229001617990434169769287109375
0.303204426308755603525213473403709940612316131591796875
0.1480540493972065385630543232764466665685176849365234375
0.201359057416504116932998158517875708639621734619140625
0.2241288696350045295258013311467948369681835174560546875
0.295579274046049722546314342253026552498340606689453125
0.25333115314449072830171871828497387468814849853515625
0.1984630024271207549002582481989520601928234100341796875
0.35682384696661972878217738980310969054698944091796875
0.25450721165615564078876786879845894873142242431640625
0.27220259586488626535327739475178532302379608154296875
0.304504478679407331043194062658585608005523681640625
0.195779216212288942333685781704843975603580474853515625
0.2982832698556017181346078359638340771198272705078125
0.31092428507016689476216697585186921060085296630859375
0.248411881183075722301367704858421348035335540771484375
0.1509733506086082532871017747311270795762538909912109375
0.294337948496463497338737624886562116444110870361328125
0.2492249202320993839432361482977285049855709075927734375
0.2436132608359065365721818352540140040218830108642578125
0.1952230386552329388649695829371921718120574951171875
0.2134719694600339667811539356989669613540172576904296875
0.10950298560991267304842722296598367393016815185546875
0.31325997714361708545993678853847086429595947265625
0.281399833559975831587252059762249700725078582763671875
0.1872406704767407836786929919981048442423343658447265625
0.2021383215446824477279363918569288216531276702880859375
0.17925708222066438768393936697975732386112213134765625
0.2443141898186466931530702595409820787608623504638671875
0.240233053155504527875763187694246880710124969482421875
0.250439378130247913833983375297975726425647735595703125
0.1915380288735593905524723368216655217111110687255859375
0.265583149046617617017318480066023766994476318359375
0.205102563352637989879667657078243792057037353515625
0.1376035300139228645388556060424889437854290008544921875
0.1798408037649011081970940040264395065605640411376953125
0.228205680128372223602895019212155602872371673583984375
0.1911255594410639080393821132020093500614166259765625
0.272424085671601534652808140890556387603282928466796875
0.006795092975955753684946802906097218510694801807403564453125
0.228117076114847272538810329933767206966876983642578125
0.2772565977591929797796410639421083033084869384765625
0.247790598426509023344266324784257449209690093994140625
0.341692874715307237654116079283994622528553009033203125
0.177836111289654652534153456144849769771099090576171875
0.1783711127710854993377864730064175091683864593505859375
0.1530132862014060568522921812473214231431484222412109375
0.1814724965936523604081997973480611108243465423583984375
0.1694833570919318799230524064114433713257312774658203125
0.2366212274268052195846934182554832659661769866943359375
0.19700625464149357224385994413751177489757537841796875
0.152639983617132213300493503993493504822254180908203125
0.25364701314844495527722756378352642059326171875
0.183609542069281206355668700780370272696018218994140625
0.3195775043547453009296077652834355831146240234375
0.243122143125946432729023172214510850608348846435546875
0.31190642059094730864643452150630764663219451904296875
0.22191254379910307914514078220236115157604217529296875
0.2858929944245556242776729050092399120330810546875
0.1557056218802300995296405972112552262842655181884765625
0.149958280476787664259319399207015521824359893798828125
0.19209225273160857039300708493101410567760467529296875
0.1793873261930664375629618234597728587687015533447265625
0.18335628517996693798153273746720515191555023193359375
0.322438791578166294993224028075928799808025360107421875
0.2152760747109258299136769210235797800123691558837890625
0.2501442032621354893962006826768629252910614013671875
0.17368642779736298553672213529353030025959014892578125
0.267078503297753122591728924817289225757122039794921875
0.208775969676388617468631991869187913835048675537109375
0.253015929414438456301894575517508201301097869873046875
0.27799413129814565248665303442976437509059906005859375
0.12193149113800051674960656100665801204741001129150390625
0.2999451489019706595939851467846892774105072021484375
0.27684819543989325207888896329677663743495941162109375
0.07980023535017478908404342519133933819830417633056640625
0.2106492931744991803366673366326722316443920135498046875
0.2926423619281168786443458884605206549167633056640625
0.184204481893337435050028716432279907166957855224609375
0.250870973836318567062875217743567191064357757568359375
0.2087333740551640115512554984888993203639984130859375
0.1518399489784540978831728352815844118595123291015625
0.320626414677051829738019250726210884749889373779296875
0.19446795797384186510470271969097666442394256591796875
0.297843399397926422711435634482768364250659942626953125
0.30781839843705960380049191371654160320758819580078125
0.25566275404301153084674069759785197675228118896484375
0.169183971658391441028612689478904940187931060791015625
0.361935021238423415557150519816786982119083404541015625
0.1841243887630550635226001077171531505882740020751953125
0.2212285814974339903660194295298424549400806427001953125
0.28519640672609136711201927028014324605464935302734375
