1.3834879434108733331498797269887290894985198974609375
1.2856257724761963601167735760100185871124267578125
1.2380095863342284179253738329862244427204132080078125
1.2017468971014022560694911589962430298328399658203125
1.312528812885284335010283029987476766109466552734375
0.97907159507274632570528183350688777863979339599609375
0.92050624370574951615964209850062616169452667236328125
1.30009174823760975669983963598497211933135986328125
0.720028836727142351747943394002504646778106689453125
0.64013848543167117810526178800500929355621337890625
1.40786986529827107261780838598497211933135986328125
1.3084657692909240633838408029987476766109466552734375
1.4136705601215362460010283029987476766109466552734375
1.1227774190902710671480235760100185871124267578125
1.160633553266525286318255894002504646778106689453125
1.2458429002761841619673077730112709105014801025390625
0.91301966547966006970682428800500929355621337890625
1.1188454461097716574613514239899814128875732421875
0.8646535247564315351809227649937383830547332763671875
0.93415866971015926178978361349436454474925994873046875
0.9945410966873169389401709850062616169452667236328125
1.2498987734317779096926415149937383830547332763671875
1.6724120879173278719775908029987476766109466552734375
1.20302652835845957923766036401502788066864013671875
1.3707868403196334927685029470012523233890533447265625
0.9183531382679939181201689279987476766109466552734375
0.83428079903125762495363915149937383830547332763671875
1.3704204678535460981692040149937383830547332763671875
1.036728200912475639228205182007513940334320068359375
1.5087207311391830355518095529987476766109466552734375
0.9580856284499168484813935720012523233890533447265625
0.89192711949348446598406781049561686813831329345703125
1.4709751981496810291361043709912337362766265869140625
0.95495324730873110130602299250313080847263336181640625
1.1962705218791962469282452730112709105014801025390625
1.2524180549383163718601963410037569701671600341796875
1.32962249219417572021484375
0.9295167148113250288332665149937383830547332763671875
1.093437200784683316356904470012523233890533447265625
1.2425369185209274025538661589962430298328399658203125
1.006235340237617403857939279987476766109466552734375
1.1031833857297896894777977649937383830547332763671875
1.2033278977870940362748797269887290894985198974609375
0.972500462532043474794818394002504646778106689453125
1.1350529056787490578273036589962430298328399658203125
1.1931844472885131391848290149937383830547332763671875
1.3110129648447037542524640230112709105014801025390625
1.598744730949401837705181605997495353221893310546875
1.323868962526321357842107317992486059665679931640625
1.3406106328964233487255341970012523233890533447265625
1.46198295056819915771484375
0.97814542412757876643780718950438313186168670654296875
1.5663809347152710671480235760100185871124267578125
1.4806609785556792413530047269887290894985198974609375
1.1692732095718383344973290149937383830547332763671875
1.114537918567657381885283029987476766109466552734375
1.791634323596954292412419817992486059665679931640625
1.0444736039638520264105636670137755572795867919921875
1.06788972854614261365213678800500929355621337890625
1.2696200644969939386186297269887290894985198974609375
1.29257742404937747693338678800500929355621337890625
1.435670505762100201962994105997495353221893310546875
1.13290433108806620765562911401502788066864013671875
1.0981772190332412808544404470012523233890533447265625
1.294443767070770245908306605997495353221893310546875
0.9134888350963592529296875
1.1461912208795548284712140230112709105014801025390625
1.2947856670618056451615984769887290894985198974609375
1.141499152779579251415498220012523233890533447265625
0.8361405560374259859912626779987476766109466552734375
1.2019175362586975719381143790087662637233734130859375
1.5779564625024795621044404470012523233890533447265625
1.148405736684799283153779470012523233890533447265625
1.0858363580703735973287393790087662637233734130859375
1.3077348971366882235400908029987476766109466552734375
1.0949728542566299349658720529987476766109466552734375
0.9681808364391326637843349089962430298328399658203125
1.61193209052085872912130071199499070644378662109375
1.11789072573184977699156661401502788066864013671875
1.1990999448299408669527110760100185871124267578125
0.88284152269363402876223290149937383830547332763671875
1.2007448828220368408636886670137755572795867919921875
1.177766290903091483954767682007513940334320068359375
1.181125042438507133368830182007513940334320068359375
0.93721244335174558326428950749686919152736663818359375
0.94995437473058697008809758699499070644378662109375
0.84867536425590517357164799250313080847263336181640625
1.383762766122818010927630894002504646778106689453125
1.3053004771471024003659522350062616169452667236328125
1.341076414585113507627056605997495353221893310546875
1.0967364490032196489011084850062616169452667236328125
0.988210054636001533623357317992486059665679931640625
1.06412848353385935951109786401502788066864013671875
1.21604485154151920056619928800500929355621337890625
1.0092585420608519708451922269887290894985198974609375
1.055262412428855878232525355997495353221893310546875
0.9442619818449020652195713410037569701671600341796875
1.033808937668800442821748220012523233890533447265625
0.45774932801723478004163325749686919152736663818359375
1.1696839785575867676215011670137755572795867919921875
1.2208880895376206243696515230112709105014801025390625
1.1232490682601927733941238329862244427204132080078125
0.9918837162852287558933994660037569701671600341796875
0.97730060279369357356671343950438313186168670654296875
1.3216347473859786365579793709912337362766265869140625
1.4977888494729996171628272350062616169452667236328125
1.4813380295038223177783720529987476766109466552734375
1.06433240056037892173890213598497211933135986328125
1.3556326085329055697314970529987476766109466552734375
0.98565041244029993894315566649311222136020660400390625
0.8641378080844879239208466970012523233890533447265625
1.0495676451921462923877470529987476766109466552734375
1.1526649308204650612452724089962430298328399658203125
1.0112688553333282204249599089962430298328399658203125
1.0973389142751692748589675829862244427204132080078125
1.1700301301479338889066639239899814128875732421875
1.5356487560272216175150106209912337362766265869140625
1.25417079508304585289124588598497211933135986328125
1.07518995285034169029358963598497211933135986328125
1.362833520770073025829560720012523233890533447265625
1.11904271781444553113260553800500929355621337890625
1.5654033774137496859424345529987476766109466552734375
1.090529682636260933037419817992486059665679931640625
1.06294522523880008435526178800500929355621337890625
1.134415234923362714170025355997495353221893310546875
1.27558632671833027671937088598497211933135986328125
1.0520871633291244418018095529987476766109466552734375
1.16337749838829029869202713598497211933135986328125
1.2449723017215728049222889239899814128875732421875
1.27861774444580067466858963598497211933135986328125
0.910160216093063301201482317992486059665679931640625
1.05595969498157504773416803800500929355621337890625
1.0376181882619857077543201739899814128875732421875
1.3742705118656157736722889239899814128875732421875
1.07706837832927693199280838598497211933135986328125
0.66040960013866423228279245449812151491641998291015625
1.1419159716367721646435029470012523233890533447265625
1.21803174912929534912109375
1.00252683550119403577127741300500929355621337890625
1.0407422763109206442777576739899814128875732421875
1.276150720715522712822576067992486059665679931640625
1.00904450297355641197327713598497211933135986328125
1.081766437292098981259869105997495353221893310546875
0.7039914044737816123387119660037569701671600341796875
1.070558158159256034736017682007513940334320068359375
1.2065647023916243885111043709912337362766265869140625
1.4935225528478621725980701739899814128875732421875
1.0154058465361595064990751779987476766109466552734375
1.38695325613021847033223821199499070644378662109375
1.21418262183666225695333196199499070644378662109375
1.0340476006269454511965477649937383830547332763671875
