0.25621
0.2539872
0.30412138
0.27139094
0.24399377
0.23310442
0.27261493
0.24497049
0.19209997
0.22078942
0.23363712
0.2494889
0.26173186
0.2614177
0.2493045
0.2797239
0.31249917
0.19591261
0.23714238
0.22070648
0.23909411
0.23856892
0.2212161
0.26899964
0.26454383
0.20707999
0.26273838
0.30312994
0.27077052
0.29567248
0.21794347
0.22180419
0.23024876
0.25697684
0.20961156
0.24758601
0.21111114
0.2663414
0.22639182
0.24206954
0.26944327
0.21490784
0.23228917
0.23768996
0.27235684
0.2864677
0.24014537
0.39886677
0.22474672
0.23961306
0.26123285
0.24219573
0.29307586
0.3084511
0.25686747
0.25373268
0.28396544
0.27432522
0.22402099
0.21678701
0.28145322
0.3163408
0.19832158
0.23190519
0.23073615
0.20489092
0.2634739
0.2505684
0.21004142
0.21392517
0.2858615
0.26586443
0.30289513
0.25377598
0.249918
0.21394622
0.25896013
0.26260903
0.25850716
0.26457292
0.23924333
0.2128435
0.22418542
0.20043458
0.20585194
0.18855579
0.19161434
0.286043
0.27694914
0.2422176
0.25927728
0.26111042
0.26583466
0.23668724
0.271226
0.21974917
0.22382149
0.22628528
0.14823513
0.22767243
0.26256
0.28546163
0.22090259
0.24194
0.24948038
0.2740331
0.32414532
0.25265443
0.2403031
0.25909868
0.19622004
0.30892095
0.20456907
0.23539793
0.19403268
0.22901306
0.26959231
0.27377772
0.2703772
0.23420204
0.25204352
0.2710733
0.23076816
0.25386953
0.26496243
0.21127562
0.23403051
0.20924115
0.2560974
0.2803214
0.24101803
0.22082312
0.28289154
0.24978806
0.27360615
0.21336055
0.23072469
0.25415072
0.24111907
0.29746577
0.32693937
0.22902426
0.22358496
0.22662897
0.23611443
0.26793686
0.31555012
0.294114
0.28164962
0.260609
0.21355948
