0.999621868133544921875
1
1
0.999526917934417724609375
1
1
1
0.999788701534271240234375
0.999570786952972412109375
1
0.99971377849578857421875
1
0.999947369098663330078125
1
0.999673902988433837890625
1
1
0.999771058559417724609375
0.999977052211761474609375
0.99932658672332763671875
0.999973118305206298828125
1
0.999999940395355224609375
0.999952137470245361328125
1
0.999967396259307861328125
0.999986946582794189453125
0.9999983310699462890625
0.99997556209564208984375
1
0.999686300754547119140625
0.99888336658477783203125
0.99973928928375244140625
0.99996125698089599609375
0.99970591068267822265625
0.999811708927154541015625
0.99914264678955078125
1
0.999961674213409423828125
0.99923527240753173828125
1
1
0.999972283840179443359375
1
0.999812602996826171875
0.999979674816131591796875
1
0.9999542236328125
1
1
0.999213695526123046875
1
1
0.999976634979248046875
1
0.999654710292816162109375
0.999943673610687255859375
0.999975502490997314453125
0.999647796154022216796875
0.999740421772003173828125
0.999952137470245361328125
0.999949872493743896484375
0.99997055530548095703125
1
1
0.999516963958740234375
0.999612629413604736328125
0.999980747699737548828125
0.999812602996826171875
0.998877108097076416015625
0.999478399753570556640625
0.99986827373504638671875
1
0.999998867511749267578125
0.999978482723236083984375
0.999935328960418701171875
0.999864518642425537109375
0.999962270259857177734375
0.999967396259307861328125
1
0.999931037425994873046875
1
1
0.999969661235809326171875
0.9999408721923828125
0.999719440937042236328125
1
0.999670445919036865234375
0.999882280826568603515625
1
0.999955356121063232421875
1
0.9999358654022216796875
0.99995839595794677734375
0.99966013431549072265625
0.999976575374603271484375
1
1
0.999151527881622314453125
1
0.999931156635284423828125
1
0.9999797344207763671875
0.999942004680633544921875
1
0.999999225139617919921875
0.999450027942657470703125
0.99996173381805419921875
0.999998748302459716796875
1
0.999648988246917724609375
1
0.999789416790008544921875
1
1
1
0.9998857975006103515625
0.999455034732818603515625
0.999943554401397705078125
0.9997403621673583984375
1
1
1
1
1
0.999973118305206298828125
0.999998986721038818359375
0.99996483325958251953125
0.9996645450592041015625
0.99972546100616455078125
0.9990904331207275390625
1
0.999976575374603271484375
0.99971234798431396484375
1
1
0.999417483806610107421875
0.999999940395355224609375
0.999961376190185546875
1
0.999600470066070556640625
0.999767303466796875
0.999751508235931396484375
0.999958038330078125
0.9999692440032958984375
0.99995839595794677734375
0.999820709228515625
0.99991071224212646484375
0.998706281185150146484375
1
0.9996521472930908203125
