0.40254725598646812212422219090512953698635101318359375
0.38293940535011772308138233711360953748226165771484375
0.422610344082412547894733734210603870451450347900390625
0.375377299431191968626109201068175025284290313720703125
0.450073148134568612466210879574646241962909698486328125
0.41725653024222564280165670425049029290676116943359375
0.394922121714046114870910741956322453916072845458984375
0.38276189799220639020660428286646492779254913330078125
0.386222359094493317144269894924946129322052001953125
0.407167741915785530437688066740520298480987548828125
0.42110236183992977299084259357186965644359588623046875
0.398327338972786382242929903441108763217926025390625
0.40455734330677228793859967481694184243679046630859375
0.38413870052576959412959922701702453196048736572265625
0.4002051443159171384422734263353049755096435546875
0.367601241669295808467410324738011695444583892822265625
0.38450222261495936582065269249142147600650787353515625
0.4158256789165903910543420352041721343994140625
0.37546836003703243367368713734322227537631988525390625
0.393160076007610770343347894595353864133358001708984375
0.4015810371835299985576739345560781657695770263671875
0.37692917951976012691517325947643257677555084228515625
0.402149145164215127135065586116979829967021942138671875
0.4035262557012420092661386661347933113574981689453125
0.4075546267404794864575023893848992884159088134765625
0.39214765685318886401233839933411218225955963134765625
0.39519221799603776457132653376902453601360321044921875
0.350779809894116223478732763396692462265491485595703125
0.404073026568991300333522076471126638352870941162109375
0.358879204127055817519220681788283400237560272216796875
0.406717801477797513687306718566105701029300689697265625
0.401530394524178546600268191468785516917705535888671875
0.393266738771102686289538041819469071924686431884765625
0.39106492132765990898946029119542799890041351318359375
0.367892594671880679424447180281276814639568328857421875
0.403910739838380716815180448975297622382640838623046875
0.397522773681879104668013269474613480269908905029296875
0.40040331075389212767134949899627827107906341552734375
0.372178663162511080830796572627150453627109527587890625
0.422543774591518872529860573195037432014942169189453125
0.39249973066896881590537304873578250408172607421875
0.419550976441484146928218024186207912862300872802734375
0.4174700554570096588946626070537604391574859619140625
0.37991219435632006540259908433654345571994781494140625
0.412029695367432446939659484996809624135494232177734375
0.382360948322509164309934703851467929780483245849609375
0.360358373900849959792225263299769721925258636474609375
0.401806951112406718351621748297475278377532958984375
0.4380960836911571565366330105462111532688140869140625
0.3766386927314033794544911870616488158702850341796875
0.393248927863894426337765253265388309955596923828125
0.409679305239826485607324002558016218245029449462890625
0.381365153974837667316677425333182327449321746826171875
0.308768582239362654462411228450946509838104248046875
0.405067579566982971517319356280495412647724151611328125
0.40372312531385567968555960760568268597126007080078125
0.408034222228980281155230613876483403146266937255859375
0.388369788564398354946405333976144902408123016357421875
0.40975856357345719072071688060532324016094207763671875
0.383505992735545475635916545797954313457012176513671875
0.390556415369028353534730513274553231894969940185546875
0.37977790753563833714423481069388799369335174560546875
0.38462854589911199543195152728003449738025665283203125
0.42409732213043838111588001993368379771709442138671875
0.43382686097737532815443728395621292293071746826171875
0.38603337686184124866173306145356036722660064697265625
0.38509793639929756903228508235770277678966522216796875
0.40782441451638551388469977609929628670215606689453125
0.42116124375659691470019652115297503769397735595703125
0.402696151046081418645172789183561690151691436767578125
0.4326903633994785280947326100431382656097412109375
0.39076981607036753718631416631978936493396759033203125
0.373928804520227975327628655577427707612514495849609375
0.39789791811920860453710702131502330303192138671875
0.378449208188954278053728330633020959794521331787109375
0.43532896959302236350453085833578370511531829833984375
0.38699625217803668153493390491348691284656524658203125
0.322491727499779390342382612288929522037506103515625
0.406063224345684481431106860327417962253093719482421875
0.39325961660300190469996550746145658195018768310546875
0.38329393799513378215948478100472129881381988525390625
0.37677260132342749177070118093979544937610626220703125
0.410211124488840839230618939836858771741390228271484375
0.3864164354519628030715239219716750085353851318359375
0.336391294239032745405637570001999847590923309326171875
0.446271621657946260253169157294905744493007659912109375
0.396980418495111619936466240687877871096134185791015625
0.38497319721375422574283220455981791019439697265625
0.390201583586639977330179362979833967983722686767578125
0.394877416901047328945395520349848084151744842529296875
0.41287093149949682935329065003315918147563934326171875
0.4168719081694238770552374262479133903980255126953125
0.334746116611590205369708428406738676130771636962890625
0.3859523606322678990210306437802501022815704345703125
0.370203400788252923181431697230436839163303375244140625
0.38503852319789888536405442209797911345958709716796875
0.36335537209498236510540891686105169355869293212890625
0.369592616678455498924193989296327345073223114013671875
0.352793640753548964905661478042020462453365325927734375
0.399682420932796100832007368808262981474399566650390625
0.3529160220270248782270527954096905887126922607421875
0.396004409340803109618178723394521512091159820556640625
0.43485895946297625780374573878361843526363372802734375
0.38771610446019011408935739382286556065082550048828125
0.401046517878337616114237107467488385736942291259765625
0.367832143601999173032623957624309696257114410400390625
0.340678513158755469358851541983312927186489105224609375
0.372689476296175048464220935784396715462207794189453125
0.36198054149038372262481288998969830572605133056640625
0.380043998161845364425204252256662584841251373291015625
0.397975209306094479533300045659416355192661285400390625
0.3647528903897410135215295667876489460468292236328125
0.37935671401491177778808605580707080662250518798828125
0.418336487649564048307837538231979124248027801513671875
0.40741803776095897315911997793591581284999847412109375
0.387301947478162100768628306468599475920200347900390625
0.411399586693198593412290620108251459896564483642578125
0.39274899790832484836045068732346408069133758544921875
0.33096816054082733860042253581923432648181915283203125
0.41605227682425105495411798983695916831493377685546875
0.392202419720969308603031322491005994379520416259765625
0.3484774511479951097925322756054811179637908935546875
0.386766367496497009970113367671729065477848052978515625
0.39448513916843219728747271801694296300411224365234375
0.343098210805503622822243414702825248241424560546875
0.3880238809705718328046941678621806204319000244140625
0.38269748129429770333587157438159920275211334228515625
0.449628816956023913409268288887687958776950836181640625
0.38794370883112538894721410542842932045459747314453125
0.43151168647784288179281020347843877971172332763671875
0.40355159072209667581176972817047499120235443115234375
0.427996367578373781981326828827150166034698486328125
0.3868361546461251965212113645975477993488311767578125
0.38931335033634340003771967531065456569194793701171875
0.382278571799547550735809409161447547376155853271484375
0.406625568753834987223427788194385357201099395751953125
0.391392412011482504485826439122320152819156646728515625
0.39278650985499086178975858274498023092746734619140625
0.391263725732368061738242204228299669921398162841796875
0.4077962053103412198851174252922646701335906982421875
0.386101530780706359013976225469377823173999786376953125
0.3864999497814995965683237955090589821338653564453125
0.351681850507630844315798412935691885650157928466796875
0.4028976129042509679578643044806085526943206787109375
0.369775520457117590211737478966824710369110107421875
0.397073042534586695406773060312843881547451019287109375
0.356964536058959336362050862589967437088489532470703125
0.392405952954870962390288013921235688030719757080078125
0.357399865284295736866937431841506622731685638427734375
0.382788350977587510381994206909439526498317718505859375
0.381550346392612371726471565125393681228160858154296875
