666.9734325408935546875
670.9818136692047119140625
664.9547898769378662109375
640.3468658924102783203125
667.5167319774627685546875
654.5398399829864501953125
659.8487873077392578125
671.1933367252349853515625
663.1819934844970703125
669.3139755725860595703125
632.9121077060699462890625
666.8001463413238525390625
667.459501743316650390625
664.9065992832183837890625
663.651764392852783203125
653.049876689910888671875
648.7843914031982421875
663.6266384124755859375
661.03487682342529296875
649.6218662261962890625
657.8128778934478759765625
660.586888790130615234375
654.9878499507904052734375
634.8666064739227294921875
674.560596942901611328125
644.1274774074554443359375
651.6888768672943115234375
653.36016368865966796875
644.4966566562652587890625
665.56092739105224609375
655.1473903656005859375
658.514502048492431640625
667.43769550323486328125
657.5012648105621337890625
672.0266072750091552734375
640.7968509197235107421875
637.2035524845123291015625
668.6381533145904541015625
659.470852375030517578125
640.1381175518035888671875
651.7086112499237060546875
638.9513237476348876953125
646.4436991214752197265625
657.932891845703125
660.70468044281005859375
662.52350711822509765625
662.5377681255340576171875
652.35623455047607421875
662.6015784740447998046875
654.373535633087158203125
647.0402624607086181640625
670.1883356571197509765625
662.041600704193115234375
636.4701983928680419921875
649.295101642608642578125
673.854957103729248046875
671.6030910015106201171875
655.870671749114990234375
641.1748774051666259765625
664.07794666290283203125
664.19538974761962890625
663.0167963504791259765625
680.719401836395263671875
662.585808277130126953125
663.8622782230377197265625
628.831942081451416015625
638.251432895660400390625
667.817350864410400390625
666.669076442718505859375
662.82708835601806640625
668.8081858158111572265625
658.21301555633544921875
660.280079364776611328125
629.7546012401580810546875
661.0050981044769287109375
666.7164707183837890625
676.7859060764312744140625
665.9189994335174560546875
670.450546741485595703125
671.67119884490966796875
651.2057363986968994140625
666.998054027557373046875
657.846924304962158203125
666.860697269439697265625
666.707889080047607421875
655.4960498809814453125
657.828711032867431640625
650.4769294261932373046875
649.933288097381591796875
667.2180187702178955078125
669.944874286651611328125
661.8762176036834716796875
668.8970839977264404296875
673.817089557647705078125
661.410350799560546875
638.8394420146942138671875
668.746454715728759765625
677.6455824375152587890625
637.5460851192474365234375
646.4840128421783447265625
668.6020619869232177734375
659.23363590240478515625
644.4471375942230224609375
658.1576750278472900390625
668.2202436923980712890625
655.8096029758453369140625
672.9000308513641357421875
682.419473171234130859375
665.2688007354736328125
653.1809566020965576171875
676.212060451507568359375
661.0643632411956787109375
663.9378354549407958984375
668.7822492122650146484375
661.4025089740753173828125
661.3268654346466064453125
667.2194602489471435546875
655.316960811614990234375
634.86690807342529296875
666.0364134311676025390625
664.782016277313232421875
630.1950752735137939453125
667.26801300048828125
646.3458805084228515625
645.1243345737457275390625
652.3104941844940185546875
646.00662517547607421875
654.8924491405487060546875
662.9004962444305419921875
651.975179195404052734375
645.9143869876861572265625
662.9372899532318115234375
670.441956043243408203125
670.9966259002685546875
638.4926126003265380859375
655.2105274200439453125
664.107028961181640625
659.678963184356689453125
644.97154903411865234375
655.4145438671112060546875
667.97064304351806640625
657.8826501369476318359375
654.5207250118255615234375
666.1588532924652099609375
644.257889270782470703125
661.1159703731536865234375
665.9793949127197265625
640.0247485637664794921875
663.63643550872802734375
667.5321214199066162109375
652.3347682952880859375
