0.297738036223707036587171614883118309080600738525390625
0.299104920733048285086397299892269074916839599609375
0.20671013000449256491464211649144999682903289794921875
0.369059367589246234420130576836527325212955474853515625
0.2373052846997261433603654268154059536755084991455078125
0.1972887704411972753515414069624966941773891448974609375
0.320749840687187315335648918335209600627422332763671875
0.2553380748277713774285757608595304191112518310546875
0.381503349058822383010891599042224697768688201904296875
0.2746277816376687663790789883933030068874359130859375
0.34471238497750211760006777694798074662685394287109375
0.1990336073463798427507498445265810005366802215576171875
0.3868384315365827053057046214235015213489532470703125
0.376512753312687797890845331494347192347049713134765625
0.423794526451213904305603819011594168841838836669921875
0.284773078781938415726671109950984828174114227294921875
0.354084660005049289832612657846766524016857147216796875
0.25927349567290891574344868786283768713474273681640625
0.2136739442483570616815313769620843231678009033203125
0.36497297706730325028701145129161886870861053466796875
0.171454437427569938989790898631326854228973388671875
0.32579064809226043752943269282695837318897247314453125
0.307995524037098900027586978467297740280628204345703125
0.38962073276908582020183757776976563036441802978515625
0.413391775280378126478098010920803062617778778076171875
0.3166074409127064281932462108670733869075775146484375
0.27106987404169535782472166829393245279788970947265625
0.239858030738094196721021944540552794933319091796875
0.314128270127702446945505698749911971390247344970703125
0.16020838599456699302692186392960138618946075439453125
0.3180866658087804221821670580538921058177947998046875
0.453225900808030213173793754322105087339878082275390625
0.328555898885107833251595366164110600948333740234375
0.2283276631202240947171588913988671265542507171630859375
0.18464170378759769963750159149640239775180816650390625
0.341335485079524436624609506907290779054164886474609375
0.270333115326170825287732668584794737398624420166015625
0.3560718482999176703884813832701183855533599853515625
0.29731785111169128921204674043110571801662445068359375
0.3637588224866561414927446094225160777568817138671875
0.3375966386966566812333212510566227138042449951171875
0.301963688730912116486848617569194175302982330322265625
0.323272474285765054613506208625040017068386077880859375
0.1498928407924141892326730385320843197405338287353515625
0.260654836116990029637463521794416010379791259765625
0.3133071231514732435385894859791733324527740478515625
0.363524319032658471684271717094816267490386962890625
0.27745147620921406517169316430226899683475494384765625
0.330191387416586878966739959651022218167781829833984375
0.314332627415678855786751455525518395006656646728515625
0.37349143494719239111390152174863032996654510498046875
0.404826207193311693455228805760270915925502777099609375
0.3264017986329263987244075906346552073955535888671875
0.27180597200912848254716891460702754557132720947265625
0.39930806159668907895365919102914631366729736328125
0.385564444612740808704387518446310423314571380615234375
0.38195076845677655708044540006085298955440521240234375
0.393636050681417992702648689373745582997798919677734375
0.3811955786276204349860563524998724460601806640625
0.195541352099385445928447779806447215378284454345703125
0.359042144815384822731374470095033757388591766357421875
0.251633039577906780781546558500849641859531402587890625
0.258752427001024021269159902658429928123950958251953125
0.36493125993744357504766639976878650486469268798828125
0.39264814388321667149028826315770857036113739013671875
0.3183098135761175395685995681560598313808441162109375
0.333179281245376601727770093930303119122982025146484375
0.410500642057756881531105364047107286751270294189453125
0.287041895274649794256305312956101261079311370849609375
0.3593266774152559239752235953346826136112213134765625
0.392718643119664145846314795562648214399814605712890625
0.27473947662890474408214913637493737041950225830078125
0.36872944864268342168855951967998407781124114990234375
0.395137564135432384215818046868662349879741668701171875
0.327634930611085006812999154135468415915966033935546875
0.316508513852668038612847567492281086742877960205078125
0.37358503013269273029806072372593916952610015869140625
0.296211249951344346431625353943672962486743927001953125
0.2835124495899392638165181779186241328716278076171875
0.2253037150505285135526634121561073698103427886962890625
0.299139445638863687992881068566930480301380157470703125
0.2465547470803719776188955847828765399754047393798828125
0.370333097068971495158251627799472771584987640380859375
0.331466030374964415461391809003544040024280548095703125
0.234353879895091321561295671926927752792835235595703125
0.307574080332582100449911877149133943021297454833984375
0.251722340670324340461405654423288069665431976318359375
0.304220399113649009326110217443783767521381378173828125
0.292818302011236097914803622188628651201725006103515625
0.321726002479172878967261794969090260565280914306640625
0.31113254202207840659610837974469177424907684326171875
0.405767407460907503224945003239554353058338165283203125
0.26062799245866885566869086687802337110042572021484375
0.26814751621089738531367174800834618508815765380859375
0.254234778741489086950622322547133080661296844482421875
0.31750847579953356270010544903925620019435882568359375
0.28871174372350283388044545063166879117488861083984375
0.292721604218860231849674846671405248343944549560546875
0.0240539949068268067711162672139835194684565067291259765625
0.328228677426268655725749567864113487303256988525390625
0.32165834497015965975919016273110173642635345458984375
0.327232931802972137891316606328473426401615142822265625
0.4121676174978470275078734630369581282138824462890625
0.1958742739008187683236172915712813846766948699951171875
0.26229699275627604837524131653481163084506988525390625
0.194463365430369738984239802448428235948085784912109375
0.218929425478958050721445260933251120150089263916015625
0.285088870188354714940714984550140798091888427734375
0.338283594581514412968914484736160375177860260009765625
0.307801250880539500887067561052390374243259429931640625
0.1896031764510461570250043905616621486842632293701171875
0.280809137260574492866993523421115241944789886474609375
0.298685370193317256681808657958754338324069976806640625
0.328836402845524233828911064847488887608051300048828125
0.340776195777198809278019098201184533536434173583984375
0.362135790970619375617189916738425381481647491455078125
0.24345692201657076481069452711381018161773681640625
0.321072213548870000199286778297391720116138458251953125
0.2116961619151357665291612875080318190157413482666015625
0.1759935524489525116020871564614935778081417083740234375
0.21506057317939586415178609968279488384723663330078125
0.25764810432137152940157420744071714580059051513671875
0.308899080218113353257791686701239086687564849853515625
0.403559046604522297929662499882397241890430450439453125
0.266493805123626803510461513724294491112232208251953125
0.294547354603543920514852061387500725686550140380859375
0.243931103172278340718293065947364084422588348388671875
0.354867818448296346023340674946666695177555084228515625
0.247427264326182172471391140788909979164600372314453125
0.352291914732688893341361335842520929872989654541015625
0.34394933661695337168140440553543157875537872314453125
0.2383225992110808155732826207895413972437381744384765625
0.3547230526976665743177363765425980091094970703125
0.32057947963314481487628881950513459742069244384765625
0.1510281190344369972589078088276437483727931976318359375
0.233498335658287425875556664323084987699985504150390625
0.355167068763913851281444067353731952607631683349609375
0.23841224677423678013354901850107125937938690185546875
0.35942423271493340042326281036366708576679229736328125
0.30819201519355654550480494435760192573070526123046875
0.2440833313417578309678646064639906398952007293701171875
0.37749804172226253395905359866446815431118011474609375
0.2343914876182990603137312746184761635959148406982421875
0.32450602230050862306853787231375463306903839111328125
0.387158890596804250439078032286488451063632965087890625
0.372876227753364319905671209198771975934505462646484375
0.264029918525603812806679115965380333364009857177734375
0.39816655702552183893061510389088653028011322021484375
0.2454309396875243021174384239202481694519519805908203125
0.291934748879947802979728521677316166460514068603515625
0.322064999075973801279104691275279037654399871826171875
