-0.06311299687504591526820973967915051616728305816650390625
-0.060671539517211221792525321916400571353733539581298828125
-0.0592940296248605225315486677573062479496002197265625
-0.055502725343778529232263707626771065406501293182373046875
-0.050614452544967332425773776094501954503357410430908203125
-0.059461633695458003534550783797385520301759243011474609375
-0.06689439155808292458704755745202419348061084747314453125
-0.06931554064005350512811531871193437837064266204833984375
-0.060124338426919797517822274812715477310121059417724609375
-0.061265707496921277541712669290063786320388317108154296875
-0.055384178021595197038973168446318595670163631439208984375
-0.04985361912765857994589424606601824052631855010986328125
-0.06124335795273616600553623356972821056842803955078125
-0.059075203169224092814015847352493437938392162322998046875
-0.058094359184827880360213470112284994684159755706787109375
-0.0752069497683381660291246362248784862458705902099609375
-0.059517598962155977837529263752003316767513751983642578125
-0.0462359822247040697096309713742812164127826690673828125
-0.06787335963942890681988018286574515514075756072998046875
-0.057773862806082910970051358390264795161783695220947265625
-0.05406322772009042321172955780639313161373138427734375
-0.0617575953048261627742476775893010199069976806640625
-0.0737496180739733997455687131150625646114349365234375
-0.05339847852528915861380909291256102733314037322998046875
-0.0668990305015273178934620545987854711711406707763671875
-0.066995434464434289179024517579819075763225555419921875
-0.061988100770680933104817000867114984430372714996337890625
-0.061496439609093178635390586350695230066776275634765625
-0.0739742167592310206902794789129984565079212188720703125
-0.06632231184895588660399567970671341754496097564697265625
-0.06590131240931583478381838858695118688046932220458984375
-0.064435177658688280732945941053912974894046783447265625
-0.05677616882653142849068927944244933314621448516845703125
-0.060963570551354852311565224454170675016939640045166015625
-0.06168731554375152248415048461538390256464481353759765625
-0.05625407787146664839728060769630246795713901519775390625
-0.062150870090557704117362192164364387281239032745361328125
-0.0563324822997560425985597021281137131154537200927734375
-0.05873912068385800377967598251416347920894622802734375
-0.054612430769974969202440462368031148798763751983642578125
-0.057695797514168277453361355355809791944921016693115234375
-0.0645673255908537357949938950696378014981746673583984375
-0.06351591168259852759891970208627753891050815582275390625
-0.06519677702078806313945591455194517038762569427490234375
-0.060262458568669012570762077984909410588443279266357421875
-0.06557267503414578035947357648183242417871952056884765625
-0.05979943783084828989871084559126757085323333740234375
-0.049576304551757745253670606189189129509031772613525390625
-0.0572384800630993673120627818207140080630779266357421875
-0.055381348318240541939161403206526301801204681396484375
-0.06612998981326005665248857212645816616714000701904296875
-0.06221302235647617473457415826487704180181026458740234375
-0.061615053203841967099929632922794553451240062713623046875
-0.05946867730253267703144359757061465643346309661865234375
-0.057852216567636984001499200758189545013010501861572265625
-0.05113472969635386722320191665858146734535694122314453125
-0.06833941682643475401537358493442297913134098052978515625
-0.05471147532431637483529840437768143601715564727783203125
-0.054940938920477612461557015421931282617151737213134765625
-0.06354380859876855580647969645724515430629253387451171875
-0.061542166814337405378321221860460354946553707122802734375
-0.0616346629354226627217627765276120044291019439697265625
-0.06045420620705606318256997155913268215954303741455078125
-0.055820864049697861697385548040983849205076694488525390625
-0.058605939086657281300585253802637453190982341766357421875
-0.0646739963368048453862257929358747787773609161376953125
-0.056353858809037003785302744063301361165940761566162109375
-0.053099726901365100484309067496724310331046581268310546875
-0.048476538353214852772321563634250196628272533416748046875
-0.057539838526909962979072332700525294058024883270263671875
-0.0723798085365258414558553567985654808580875396728515625
-0.06278690258829151826791559187768143601715564727783203125
-0.05937793354714836213670281495069502852857112884521484375
-0.0612571747878818129162681316302041523158550262451171875
-0.062483497273545261785354654193724854849278926849365234375
-0.054035635121364077038119688722872524522244930267333984375
-0.0740616474562092175215610723171266727149486541748046875
-0.05303797442166334474844546775784692727029323577880859375
-0.051549013651897956922454113737330771982669830322265625
-0.072391013197507902976468585620750673115253448486328125
-0.057093591325758162591252897755111916922032833099365234375
-0.06667835558013067431826215170076466165482997894287109375
-0.074045821895191987760398433238151483237743377685546875
-0.06294315972589371865897334146211505867540836334228515625
-0.06243808194074908224369124809527420438826084136962890625
-0.056797574940354207673198771999523160047829151153564453125
-0.0572202039451715493978412041542469523847103118896484375
-0.06933189791287443226597275724998326040804386138916015625
-0.05454768780048613319166861401754431426525115966796875
-0.063439252923932543115626003782381303608417510986328125
-0.0563578609400184060707061917128157801926136016845703125
-0.060163371751981199742065342661589966155588626861572265625
-0.06998835320154288275329435009552980773150920867919921875
-0.06451922136961023290790961937091196887195110321044921875
-0.060969554277664962660399083915763185359537601470947265625
-0.0653375403162759216257882144418545067310333251953125
-0.066132150341558559869525879548746161162853240966796875
-0.061245618669049366189494065793041954748332500457763671875
-0.06252341491742201273762447044646251015365123748779296875
-0.056115601858749253327829364934586919844150543212890625
-0.06009027297532594513729264917856198735535144805908203125
-0.06944222047024727062503046681740670464932918548583984375
-0.06300949765646197964219510367911425419151782989501953125
-0.07155349306656445806940070042401202954351902008056640625
-0.06648982681521746485042712038193712942302227020263671875
-0.058703327155341357423967707518386305309832096099853515625
-0.06421267840608289867443403409197344444692134857177734375
-0.059098917046182385115482560422606184147298336029052734375
-0.057322262692722836252556817271397449076175689697265625
-0.0546828341565569198134966200086637400090694427490234375
-0.064564547725468657279890294375945813953876495361328125
-0.06262601636834703999756612802229938097298145294189453125
-0.058382389070217054205524931376203312538564205169677734375
-0.0505584100606062403215901213116012513637542724609375
-0.061998924142924342894911404755475814454257488250732421875
-0.0574768731737767268885619387219776399433612823486328125
-0.05832552162446337506995774901952245272696018218994140625
-0.060115746482460562238880896757109439931809902191162109375
-0.060950536677431166321383670947398059070110321044921875
-0.050757218577394881686704053436187678016722202301025390625
-0.06003634265229497446458850618000724352896213531494140625
-0.0630607654320087529509208934541675262153148651123046875
-0.05527658070451846317183708379161544144153594970703125
-0.055582402447350569285600130342572811059653759002685546875
-0.05677613860511719623413995350347249768674373626708984375
-0.059150476717765722300956809931449242867529392242431640625
-0.06679456272658605697767342235238174907863140106201171875
-0.050715329991773354378903349015672574751079082489013671875
-0.06311668396563473171223535018725669942796230316162109375
-0.056384239191480479969076355928336852230131626129150390625
-0.061512272686694215162450660727699869312345981597900390625
-0.06051583571542935857667799837145139463245868682861328125
-0.05704227269054917837109996980871073901653289794921875
-0.061930901404505724061611005026861676014959812164306640625
-0.0654447495295516212809872058642213232815265655517578125
-0.058854434800427408991385647141214576549828052520751953125
-0.0559373054371760380920619581956998445093631744384765625
-0.0625267793633524082697050516799208708107471466064453125
-0.06616228999275046429584534735113265924155712127685546875
-0.0693846833487474501378500235659885220229625701904296875
-0.0692263549060872229734542315782164223492145538330078125
-0.0573325047733085069179281845208606682717800140380859375
-0.05887248391299650107644225727199227549135684967041015625
-0.061314908698933988373536152494125417433679103851318359375
-0.067799803135555503086351336605730466544628143310546875
-0.0575492115783994562239200831754715181887149810791015625
-0.063441562625989045276497790837311185896396636962890625
-0.062778550646539088564423991556395776569843292236328125
-0.058825679869558368528803526942283497191965579986572265625
-0.0644241151462572048114196832102607004344463348388671875
-0.06809452835749559007627595974554424174129962921142578125
