164399684186573344512
167101006944836724534
143773942466877429693
160440021201424916464
129948735129702830230
146913061026777419686
157987448451826566622
167642852381837489492
163471721472969723873
165299855021334959959
152662032596872819764
153640191369826966389
156674472504886028257
154844251649620070459
159016960875961744236
173949955293636029034
176645326135216320569
156682339731468063409
164660724205227987126
166463193753988756674
162322886143409833437
167755772450637894617
164362848930051561508
160392457815288117231
153774570093629853474
156928225002487060885
149964599572859974624
176583501095759906822
159849961315161664256
168977550835319503563
159666040769541645498
153806848477992629305
174646635860508299979
163666651158308620038
158918469475850316234
151441458511706871279
159341272177213891678
159791028732846401517
162117057029333045607
154621124452713744101
176481062817123699301
141894137453818541060
152448461634732870822
161980953925886252934
153539802909764526408
161538244213294206521
173270261034359246944
159530943744038927758
131810083489347654359
179933100427527968243
163526226670492446323
152194186882148099053
166866584945692273280
195930484544371792317
160860296949953985666
160499177988370116358
155657469806840866441
152702831346728682637
159124108161478959775
154337665168141163344
156093035204776122864
171324165535388547796
165953038781842824037
146759044342821192128
153321917610389355997
156459456784069825748
170182330673958879926
157018550449575321012
161022153094096032846
159873131434591551468
140588110089555067371
161782392202688069911
197966975980729787039
163320530879343570093
171143860547052795316
151032885505199501449
157705754450291181553
192479102183553709966
159550015668423875172
158201173215608363158
161875467972863306801
167968625740772522509
154315829299269436151
166693186767464354578
198739492869825534388
139022521730489364714
161439891172367572052
154572474940741194714
165871209416780969852
168135696232654595480
153253482014615157634
161681569372358512137
172197338108112397431
158719483270341890849
164416764387139713222
160094131167527825078
175808972590898882495
196113903125647646768
102996195911059103471
159272853762751610361
157801802093041735151
162082842009267834781
147556646039458486968
142925873285450917534
153167661533008121124
193515918424478772886
190940859549226989843
198920319997431975850
170063337468190021837
175730190067837916685
151616506248567475558
165957743158564126723
159033311803372872278
155198170892934559748
150695930732939273801
157771356817709249705
151417874720726525633
150116879151000895465
183877438603053927892
166230774872455562086
169741494106731388869
194487348342699500979
168000830925170834362
158055157906936626613
199898514337119104657
163056157852945308567
172135874244953032622
149545846821651031518
178947392669280837902
146869243292596339305
148861291550337599346
158983939626194319753
157355068242909140843
170298798546338088415
157375967638439136096
150494658405479655771
154325584579022287891
169461792107609891063
156189027973827790402
178129372880458938356
159826185316298196783
157813791698127890611
183309930979709642958
153022306512992164378
178850494370028760140
162001299072683769226
171762911039036085875
160511868673886612304
192743159348864164053
162976219038133390641
166576453292881874449
