0.1174735813313993182394057157580391503870487213134765625
0.108852564267276019638330808447790332138538360595703125
0.10409901861110502918617015666313818655908107757568359375
0.11216582079798824433947146417267504148185253143310546875
0.08913106760348922519288095145384431816637516021728515625
0.09450016140590798696674568191156140528619289398193359375
0.12039696767480324857135798310991958715021610260009765625
0.1475939749889982888220174572779797017574310302734375
0.1066209129066426342102857915961067192256450653076171875
0.081297901458905863503190403207554481923580169677734375
0.127260398943974395447042979867546819150447845458984375
0.116809468132084981473184370770468376576900482177734375
0.09951772756689736265656165414839051663875579833984375
0.1186988177915098974235519335707067511975765228271484375
0.077824756688569640683539319070405326783657073974609375
0.136170470445476199383705306900083087384700775146484375
0.10437471392174736684044233925305888988077640533447265625
0.11837375012579383348754191729312879033386707305908203125
0.10827220108364317419091804595154826529324054718017578125
0.1396042131527140128799402418735553510487079620361328125
0.0969741642632102607279875883250497281551361083984375
0.1301457007051262382280043539140024222433567047119140625
0.140835551226348554276768254567286930978298187255859375
0.117440051475934892355468264213413931429386138916015625
0.11285969407269240416535893700711312703788280487060546875
0.12415850895976865420067269951687194406986236572265625
0.134519383917841128806003325735218822956085205078125
0.10652064555169570014836466498309164308011531829833984375
0.1311505717208472920898287839008844457566738128662109375
0.1288207665945255708805916583514772355556488037109375
0.128679091488364150119849682596395723521709442138671875
0.1308159690893645754616869680830859579145908355712890625
0.11788677978038741844812875569914467632770538330078125
0.08358196410433059442279812856213538907468318939208984375
0.11278104196439829587372827290892018936574459075927734375
0.1180593506473406606449572109340806491672992706298828125
0.133313413140510927945570074371062219142913818359375
0.087869208061085057881456350514781661331653594970703125
0.12107016088903733985748800705550820566713809967041015625
0.1238416602643535868732982407891540788114070892333984375
0.130625534289228906192903423288953490555286407470703125
0.0932128149870614375327448897223803214728832244873046875
0.127635701061350081975120929200784303247928619384765625
0.09562554180528572145281174243791610933840274810791015625
0.10534391451493578528708638941679964773356914520263671875
0.12472128260640032160200263433580403216183185577392578125
0.09857735507480734626906127004986046813428401947021484375
0.0880176244863416223918051173313870094716548919677734375
0.109788104853698997853683749781339429318904876708984375
0.12450344496660703530466207666904665529727935791015625
0.119097192678164487400493953828117810189723968505859375
0.11336234912779553918316111094100051559507846832275390625
0.1080141650096378691525700332931592129170894622802734375
0.1146126166343776342504412468770169652998447418212890625
0.11328348727768226822387731544949929229915142059326171875
0.10277442896760240198528180144421639852225780487060546875
0.09795272244201325140267044844222255051136016845703125
0.139309905250140475541087425881414674222469329833984375
0.123885509429615792154066866714856587350368499755859375
0.13007642483475745365240072715096175670623779296875
0.1209440010233044926479806235875003039836883544921875
0.11883831399806861484069742118663270957767963409423828125
0.11500927116246996428916560262223356403410434722900390625
0.0942897088073560707410791792426607571542263031005859375
0.12254073645507905510054769138150732032954692840576171875
0.129558557077469771456890157423913478851318359375
0.0875338171063924364023733915018965490162372589111328125
0.1179965620715236751525623049019486643373966217041015625
0.12009087491744206699362251811180613003671169281005859375
0.111436962736983280475300261969096027314662933349609375
0.10887229782179426440524849795110640116035938262939453125
0.13336781711095613278672544765868224203586578369140625
0.1334162915352443967709206162908230908215045928955078125
0.12125503410288059058519394284303416498005390167236328125
0.11748642592135881412840348048121086321771144866943359375
0.12077031299434413946780608739572926424443721771240234375
0.1302008532279383956620222306810319423675537109375
0.09945167375005413423760813884655362926423549652099609375
0.10092653941446749765731283332570455968379974365234375
0.08955711340924431274057582186287618242204189300537109375
0.1413850964053631198424909598543308675289154052734375
0.1119436310060440697977668378371163271367549896240234375
0.100807235348856050194399358588270843029022216796875
0.1333885753528207818163764386554248631000518798828125
0.12631735128675647406026882890728302299976348876953125
0.11904455758919806063200752532793558202683925628662109375
0.090143722884758636926250119358883239328861236572265625
0.12395659995816377119126627803780138492584228515625
0.09164918610470175475146703547579818405210971832275390625
0.10585589171426197652170486662726034410297870635986328125
0.1294081012106025052599278524212422780692577362060546875
0.1056337327463710284991549315236625261604785919189453125
0.12605984291460214929969652075669728219509124755859375
0.09683909422967602875775838811023277230560779571533203125
0.133112860888019268745807721643359400331974029541015625
0.12187895147104012283367779900800087489187717437744140625
0.1319669391758643006706819278406328521668910980224609375
0.13381230242666675156471001173486001789569854736328125
0.03046325424120656377713345364099950529634952545166015625
0.09580951979994488387770701365298009477555751800537109375
0.1358766368997861573308938432091963477432727813720703125
0.1196459579992536215176102132318192161619663238525390625
0.10297448657248021997023812446059309877455234527587890625
0.09864611146290214183096622946322895586490631103515625
0.11157698348299725787935443577225669287145137786865234375
0.1297222706838060124479028445421135984361171722412109375
0.098975864149579650952404108465998433530330657958984375
0.1170331384946090569343368770205415785312652587890625
0.1250955921548904392626155868128989823162555694580078125
0.0804041713548415970524985141310025937855243682861328125
0.12032825831736548849448809050954878330230712890625
0.09002092567446016990739821039824164472520351409912109375
0.1283538997107463719427045134580112062394618988037109375
0.12187300164380281131126793070507119409739971160888671875
0.128501509444291228678736160873086191713809967041015625
0.10641214675130598876773291294739465229213237762451171875
0.1095248329560763733692141386200091801583766937255859375
0.11009101894352057993131666080444119870662689208984375
0.10397218192869676911538334707074682228267192840576171875
0.10966488858669447281624087509044329635798931121826171875
0.12194776725009702500468478092443547211587429046630859375
0.11401210875427124358250097202471806667745113372802734375
0.130292789273805775795977979214512743055820465087890625
0.1134707893787052501721746011753566563129425048828125
0.109256838110011356146600292049697600305080413818359375
0.120398122518170780370638794920523650944232940673828125
0.1103316671540353344216356390461442060768604278564453125
0.1193398439670393662570546666756854392588138580322265625
0.09524702242918527128612282695030444301664829254150390625
0.09777558895031028540767437107206205837428569793701171875
0.122556547748079225357287214137613773345947265625
0.09775508300284434237692465785585227422416210174560546875
0.111617013204551085436833091080188751220703125
0.1017145391289258904432557528707548044621944427490234375
0.10858963142908208132642045029569999314844608306884765625
0.11363684153514379271410206229120376519858837127685546875
0.124747973575422832492876068499754182994365692138671875
0.1155822196564571247012764843020704574882984161376953125
0.1269950352453263209273615075289853848516941070556640625
0.118165203738437918357107037081732414662837982177734375
0.1187823542280940503079733616687008179724216461181640625
0.1376793298317679770104149383769254200160503387451171875
0.0941474403804473947143804934967192821204662322998046875
0.12124913186421455713048800362230394966900348663330078125
0.11025216146194467825569773822280694730579853057861328125
0.1163885770938397623552873483276925981044769287109375
0.11385808241016094621844700895962887443602085113525390625
0.1317842700101997943651355171823524869978427886962890625
0.07196666994079202461787048150654300116002559661865234375
0.1143935509864963118165093192146741785109043121337890625
0.1352009626800765029752682266916963271796703338623046875
