17.96314
18.583374
29.708117
18.469599
28.706821
27.864143
24.31351
18.46436
19.341621
24.280457
22.275478
23.870867
19.689695
22.148485
21.560755
20.895943
19.70622
24.74523
20.324413
18.087643
26.804749
18.306686
22.339794
23.706223
23.591827
25.69182
18.294899
17.103685
18.088642
16.723804
27.063873
16.341515
23.472067
22.753302
17.698689
21.448841
19.841808
24.619774
17.883835
14.122215
20.07658
17.290224
22.301363
25.732517
22.39079
20.573704
19.385477
23.844534
20.070328
19.732763
19.705719
20.733032
25.371166
17.650013
19.805489
21.456509
21.895271
19.159271
20.842316
24.137264
21.384289
20.71968
21.67691
20.349579
19.656607
18.532291
21.97797
20.05157
21.2892
25.411942
25.389263
21.929
19.871813
24.172789
18.382122
25.331127
25.280994
19.927542
25.87319
22.904037
17.826958
25.992256
25.221785
25.45354
21.276417
26.663605
21.096136
16.84456
23.685476
24.001705
22.607183
24.928543
21.108877
23.181458
14.961707
22.71927
19.714142
22.776024
13.760573
27.527475
16.037771
21.762733
21.097008
22.654373
25.487476
22.982916
17.184994
22.678183
22.937126
23.017136
20.665428
20.660362
21.168125
19.184332
23.387833
20.19809
18.200226
18.33519
20.255676
22.159126
19.101387
23.701763
21.88946
22.40051
17.3825
19.357342
24.274479
24.969837
18.009232
23.08361
17.764423
27.222322
21.677177
21.676334
24.315594
25.202816
19.328964
22.716827
23.608524
22.2758
20.67771
24.008566
25.47691
23.70156
19.008434
18.7648
19.762444
21.774834
19.254246
16.492716
17.400448
