-0.0318149267365287202746770844896673224866390228271484375
-0.0228434059067404125753508736806907108984887599945068359375
-0.01610360554681204703353358809181372635066509246826171875
-0.019969634501418143113227188223390839993953704833984375
-0.017168452713142705323701164843441802076995372772216796875
-0.0164490959754207168030948338355301530100405216217041015625
-0.013648046887145749705982922250768751837313175201416015625
-0.0164414408946343681972024342030636034905910491943359375
-0.0203170531037450384503895151055985479615628719329833984375
-0.0172541349660614677652414883368692244403064250946044921875
-0.017327421050030711313638676074333488941192626953125
-0.0154422302011538135901869139843256562016904354095458984375
-0.0166496470277123949366160360341382329352200031280517578125
-0.0168965949172534442290771750094791059382259845733642578125
-0.0192309431349068395145085474950974457897245883941650390625
-0.01757363381973231497568121994845569133758544921875
-0.022151491453264372799569770222660736180841922760009765625
-0.0225224137222726807083805766751538612879812717437744140625
-0.0159499021674093070799482774191346834413707256317138671875
-0.0164645148600396536153755988607372273690998554229736328125
-0.0141469498477237408395890128076644032262265682220458984375
-0.0160540353679619919591292642735425033606588840484619140625
-0.016887894352832617805848514080935274250805377960205078125
-0.01760127244607422036803967557716532610356807708740234375
-0.0244604039503351806950082192315676365979015827178955078125
-0.01177595620957402368367272771365605876781046390533447265625
-0.01184757534720205611467047646101491409353911876678466796875
-0.024797004786354014116422916913506924174726009368896484375
-0.0240757183426664016223650577330772648565471172332763671875
-0.0170344326003457231799576021558095817454159259796142578125
-0.01644514528133400599330116165219806134700775146484375
-0.017382759216904887511478960959721007384359836578369140625
-0.013657486230358804879525536080109304748475551605224609375
-0.0179506749390552326761660850706903147511184215545654296875
-0.023009654437531612547473969243583269417285919189453125
-0.01814383312180180285455577404718496836721897125244140625
-0.0191509861866831186671955578049164614640176296234130859375
-0.01916309895277990005268975437502376735210418701171875
-0.0187832006773857966563934240866728941909968852996826171875
-0.022647345023265208485696575735346414148807525634765625
-0.01588616264788765553017668707980192266404628753662109375
-0.1272076773818833494988922439006273634731769561767578125
-0.0253319957086691159575675413861972629092633724212646484375
-0.0133516866169042514034259738764376379549503326416015625
-0.0161518877583116497731463567788523505441844463348388671875
-0.0218744317424028021645820984986130497418344020843505859375
-0.0220203031715450643635012539789386210031807422637939453125
-0.0217828516569014661585779180086319684050977230072021484375
-0.1161834847205023557581426985052530653774738311767578125
-0.02357073166839322719834370900571229867637157440185546875
-0.0197833845203187579098180748360391589812934398651123046875
-0.00913802054674391246724685089475315180607140064239501953125
-0.0157024986764094653945988966370350681245326995849609375
-0.020879260632011835407961797272946569137275218963623046875
-0.0161978342970969975411765773287697811610996723175048828125
-0.02084655019445906531938561556671629659831523895263671875
-0.0178028584200275764859444649346187361516058444976806640625
-0.06173569356477710823316584765052539296448230743408203125
-0.0147557370410613640510089084045830531977117061614990234375
-0.0165653572290023025359584352145247976295650005340576171875
-0.0199549120976819684136760457704440341331064701080322265625
-0.0230476798518344412614045069176427205093204975128173828125
-0.0163588790305097715738202879265372757799923419952392578125
-0.014315777170667169648776706480930442921817302703857421875
-0.090685906496763113437964420882053673267364501953125
-0.0229529040978009024609463040178525261580944061279296875
-0.02151290842468778219398473083856515586376190185546875
-0.0162844724063370936695260837723253644071519374847412109375
-0.0152876007580897109450202009384156554006040096282958984375
-0.0167029390494078978923742084816694841720163822174072265625
-0.023134651255874306985393928925986983813345432281494140625
-0.018581210591085244032694134830308030359447002410888671875
-0.01501605464074719405165314611849680659361183643341064453125
-0.032078620754310248341933942128889611922204494476318359375
-0.018201187354739224721900114900563494302332401275634765625
-0.01465829702845867187066541958984089433215558528900146484375
-0.0129849777864240144287233391651170677505433559417724609375
-0.015234683448667678262733460314848343841731548309326171875
-0.02627773129026091114557317496291943825781345367431640625
-0.0207027533287878658108116525227160309441387653350830078125
-0.0157722667864113909319545570042464532889425754547119140625
-0.0185151568929443309519111693361992365680634975433349609375
-0.0178705774324827461330134070749409147538244724273681640625
-0.02238959204325745300234729029398295097053050994873046875
-0.0248751492945857820282551386981140240095555782318115234375
-0.0228644679666089624403557678533616126514971256256103515625
-0.021629544881589170268743060887572937645018100738525390625
-0.0159199751207958380139206866488166269846260547637939453125
-0.0204089771754043976248471636836256948299705982208251953125
-0.0250098069851017144882288079088539234362542629241943359375
-0.01487460796192742462640268286122591234743595123291015625
-0.01208633271119135231541630304263890138827264308929443359375
-0.020124151091738873287084743424202315509319305419921875
-0.0198974866113271649237237426177671295590698719024658203125
-0.02139870050829022207761198615116882137954235076904296875
-0.01111190198739929989313335312317576608620584011077880859375
-0.0168464907257325109679602093137873453088104724884033203125
-0.0150863796935581488678490558186240377835929393768310546875
-0.253842614231860552731490088262944482266902923583984375
-0.020746877559469904805933282432306441478431224822998046875
-0.0173724477623835409090258252717831055633723735809326171875
-0.020240914610343774260314830826246179640293121337890625
-0.028116067376542548672535559717289288528263568878173828125
-0.0221810320074522122901772291925226454623043537139892578125
-0.016800092091072027500331387273035943508148193359375
-0.0185175288847651796364512932768775499425828456878662109375
-0.0286755541979333283819642019807361066341400146484375
-0.0190810784116410177280176441172443446703255176544189453125
-0.0158050547153538063771538446644626674242317676544189453125
-0.01397628092804044375174754577528801746666431427001953125
-0.0147336891310631788731821956162093556486070156097412109375
-0.01227208237534492540898867218857049010694026947021484375
-0.01675673920519148152319388600517413578927516937255859375
-0.0125205677584035897365044576190484804101288318634033203125
-0.0145074675093208350917795002033017226494848728179931640625
-0.0186745359627387107204210536792743369005620479583740234375
-0.016397068861137571726960260320993256755173206329345703125
-0.0148986644617801859691308408173426869325339794158935546875
-0.01903348984807580468459065059505519457161426544189453125
-0.0139088091000884317427477299133897759020328521728515625
-0.0172132311111445057694169236128800548613071441650390625
-0.0189100194533497571736102571549054118804633617401123046875
-0.0150542038386776884373308149633885477669537067413330078125
-0.01330316458719400275756417073580450960434973239898681640625
-0.0168428981610697879600646587050505331717431545257568359375
-0.01614805992288163849490700840760837309062480926513671875
-0.01579274036098947397999125996648217551410198211669921875
-0.0231495706932240592756944153052245383150875568389892578125
-0.03252928887525423362614418465454946272075176239013671875
-0.017647069853085305124462678350027999840676784515380859375
-0.0281105413351108480990436788715669536031782627105712890625
-0.02037541258502469088131903163230163045227527618408203125
-0.0172081419055161825848454526521891239099204540252685546875
-0.0221157912638398103377657122337041073478758335113525390625
-0.011964164840526418653876561393190058879554271697998046875
-0.021187993757627199276072360589751042425632476806640625
-0.0243174569003286288049192620519534102641046047210693359375
-0.018556619665987893197378610921077779494225978851318359375
-0.01155526713606105752851771484301934833638370037078857421875
-0.0181091191061669432027514403671375475823879241943359375
-0.01384422641231767940606101063849564525298774242401123046875
-0.0282200532764493548787410048817037022672593593597412109375
-0.0175965874125329387045457707472451147623360157012939453125
-0.0937588809433862468978304605116136372089385986328125
-0.01619027260514564747762022989263641647994518280029296875
-0.012758659345194711676185761461965739727020263671875
-0.027161099892300165359326769021208747290074825286865234375
-0.0177609178183500658609883515737237758003175258636474609375
-0.0092398621944234614333790744922225712798535823822021484375
-0.0203717447433702514292264140749466605484485626220703125
-0.0203500844426242888385303331233444623649120330810546875
