0.745334964219803719487345006200484931468963623046875
0.7266222035024234582323288123006932437419891357421875
0.7490693221723088157659731223247945308685302734375
0.7394300056641014418090662729809992015361785888671875
0.78287945443996098671135541735566221177577972412109375
0.77120961517414554631244527627131901681423187255859375
0.75841510744285456357971497709513641893863677978515625
0.73938210567960005459298145069624297320842742919921875
0.73962692409361718848259670266998000442981719970703125
0.7479286351231697604902137754834257066249847412109375
0.75854056096288247079684197160531766712665557861328125
0.75003100909189168721269425077480264008045196533203125
0.75241629310595692370355891398503445088863372802734375
0.73326901570410318864645660141832195222377777099609375
0.753977499941318907161758033907972276210784912109375
0.73019421015328533908217423231690190732479095458984375
0.73064049707234601793715000894735567271709442138671875
0.75968351661994659718146749582956545054912567138671875
0.74167653810349676302138277605990879237651824951171875
0.74475146746455622714933042516349814832210540771484375
0.75127567311783727266316645909682847559452056884765625
0.7386486090703219264952394951251335442066192626953125
0.7377542106078387451617572878603823482990264892578125
0.74296429934703056563449763416429050266742706298828125
0.75180203628229236301194760017096996307373046875
0.7387292457406460233215739208390004932880401611328125
0.74612473023187675380540895275771617889404296875
0.73243992882910868846835228396230377256870269775390625
0.74431171944760432523935378412716090679168701171875
0.72655303288107153658614834057516418397426605224609375
0.74605528389096920083289887770661152899265289306640625
0.75488193213827903260693119591451250016689300537109375
0.71954054484931562196692311772494576871395111083984375
0.7374851431431117543269238012726418673992156982421875
0.7469388248515957950957044886308722198009490966796875
0.75055606351846637647184934394317679107189178466796875
0.7336186060866121128043459975742734968662261962890625
0.7385572093198573551120489355525933206081390380859375
0.73421540539099983124771142684039659798145294189453125
0.74541800202316121914947188997757621109485626220703125
0.73674988864396706578219209404778666794300079345703125
0.75194003677630749660210085494327358901500701904296875
0.74634447544600013291216100697056390345096588134765625
0.7425392646247221950517314326134510338306427001953125
0.75244497466328141843661114762653596699237823486328125
0.73545762327201369412676967840525321662425994873046875
0.74498312107179776031529172541922889649868011474609375
0.74313356566855504059532222527195699512958526611328125
0.77387069758127779994794082085718400776386260986328125
0.71620683774206772564951961612678132951259613037109375
0.7393316626581112327443179310648702085018157958984375
0.75402201182227213127617915233713574707508087158203125
0.74039917184737402688909924108884297311305999755859375
0.6989327440697048476891950485878624022006988525390625
0.7450567175761637628284006495960056781768798828125
0.7402818494317673359006448663421906530857086181640625
0.7586839859750649228686825153999961912631988525390625
0.74866090425914799677542532663210295140743255615234375
0.747399738121130585710716331959702074527740478515625
0.73656768149655571509271112518035806715488433837890625
0.74724793307295434008352685850695706903934478759765625
0.730153140224228280885654385201632976531982421875
0.746265263653059118809096617042087018489837646484375
0.7627611105758009824029386436450295150279998779296875
0.75617793636178121108315508536179549992084503173828125
0.75401275884160912088560735355713404715061187744140625
0.739830909009727033520675831823609769344329833984375
0.7401949244520602544383791610016487538814544677734375
0.7416505959699823957720354883349500596523284912109375
0.7490235260362705371761649075779132544994354248046875
0.77026736013943686298688362512621097266674041748046875
0.7444790507754763808634379529394209384918212890625
0.70584287144608348629759575487696565687656402587890625
0.75570678672682267684734824797487817704677581787109375
0.7390040925594851817237440627650357782840728759765625
0.75462674148367880899712645259569399058818817138671875
0.74443671859602356111196286292397417128086090087890625
0.6947540998373249454544975378667004406452178955078125
0.74871463452561870521861919769435189664363861083984375
0.7486857405235507467722300134482793509960174560546875
0.7414759018766010623124884659773670136928558349609375
0.7374530468952951167693754541687667369842529296875
0.76048169563699430373304721797467209398746490478515625
0.73730010164683601470159146629157476127147674560546875
0.691735922240995559917564605711959302425384521484375
0.75789561906638225341481529540033079683780670166015625
0.74731058898754809671771681678364984691143035888671875
0.74479136782776167446940007721423171460628509521484375
0.742789777938166917437001757207326591014862060546875
0.73584795101682642926022026585997082293033599853515625
0.7536875782510745747089231372228823602199554443359375
0.7511529404342791593762740376405417919158935546875
0.7303267267335733503585970538551919162273406982421875
0.7468925508796775414310786800342611968517303466796875
0.7428341085740928217973078062641434371471405029296875
0.7506144251040478554415358303231187164783477783203125
0.7204410818284301409875070021371357142925262451171875
0.72103651497542831094733628560788929462432861328125
0.7861633871631195091822519316338002681732177734375
0.74775034367220538644716043563676066696643829345703125
0.742502401964070912754323217086493968963623046875
0.7315846585194270002006078357226215302944183349609375
0.77217538552535369689167055184952914714813232421875
0.7461878885609249945076726362458430230617523193359375
0.74963156401635477887879233094281516969203948974609375
0.7102277827525769193783844457357190549373626708984375
0.7212330710666823296861593917128629982471466064453125
0.6955379573143167792892427314654923975467681884765625
0.72919024420354361382123897783458232879638671875
0.7268643775203524892702944271150045096874237060546875
0.74903378838587342247734568445594049990177154541015625
0.732097568816910904132555515388958156108856201171875
0.735238402533022306073462459607981145381927490234375
0.7524817726483827851069463577005080878734588623046875
0.7575746918842740651456324485479854047298431396484375
0.7536613620920247225143384639522992074489593505859375
0.7571431139339106497487819069647230207920074462890625
0.7471342305609345313399671795195899903774261474609375
0.722397091655689660427697162958793342113494873046875
0.75501989306335193230523827878641895949840545654296875
0.747528920703965926719547496759332716464996337890625
0.707559846681198312268179506645537912845611572265625
0.74115372783961286362597320476197637617588043212890625
0.74081658838967989755275311836157925426959991455078125
0.70356320861219023843347031288431026041507720947265625
0.7341945125035465036233972568879835307598114013671875
0.72216010605695257762448591165593825280666351318359375
0.750347229999726916815916410996578633785247802734375
0.74100313603653356064882018472417257726192474365234375
0.75954497918340335704812105177552439272403717041015625
0.75694577151351094546072317825746722519397735595703125
0.73889864436962071625458747803349979221820831298828125
0.7537004231042778723548281050170771777629852294921875
0.73649158111231327605850083273253403604030609130859375
0.7370561178445356187438619599561206996440887451171875
0.75110302655440752683801974853849969804286956787109375
0.74880605255065713077300415534409694373607635498046875
0.75007579287853543004160883356234990060329437255859375
0.75767341366567164673284651144058443605899810791015625
0.73632577658534525966160799725912511348724365234375
0.7531662047838683093914369237609207630157470703125
0.736748158791452834037727370741777122020721435546875
0.7125898176239948700327886399463750422000885009765625
0.74177906972108009764355074366903863847255706787109375
0.72147086523072234687248283080407418310642242431640625
0.75243613545081944327108658399083651602268218994140625
0.7328960965631192703284568779054097831249237060546875
0.74234978536682028060766924681956879794597625732421875
0.73042981018673491799830799209303222596645355224609375
0.745867514682176935281177065917290747165679931640625
0.7415290501900650976807582992478273808956146240234375
