0.268332186252269178083906808751635253429412841796875
0.1587510004198255664231709261002833954989910125732421875
0.158149299674239796065222662946325726807117462158203125
0.267417622050128478417008182077552191913127899169921875
0.1622513933354596538105596437162603251636028289794921875
0.1966874778119952205113207810427411459386348724365234375
0.2205054464477289866142228902390343137085437774658203125
0.206327829131863704770211143113556317985057830810546875
0.2270305558864263717477882664752542041242122650146484375
0.2242910060324752041793772150413133203983306884765625
0.2418329072675107493939350433720392175018787384033203125
0.06493413463466400636914244159925146959722042083740234375
0.29603555863537345249625332144205458462238311767578125
0.279106276222487570404240386778838001191616058349609375
0.335877883873525018287864440935663878917694091796875
0.1763850981553895802544928983479621820151805877685546875
0.1588001961774351544764982691049226559698581695556640625
0.2090963119351768872977714863736764527857303619384765625
0.1475363037850672409678765006901812739670276641845703125
0.232642806249855282896277230975101701915264129638671875
0.14723332271621492051139057366526685655117034912109375
0.2283533924364868072931500364575185813009738922119140625
0.236910614352172921304173769385670311748981475830078125
0.301723979153986798795727963806712068617343902587890625
0.321025390457663706289537230986752547323703765869140625
0.2005701199056020289646085075219161808490753173828125
0.2039503163074440628133032760160858742892742156982421875
0.1630581565699036061811710851543466560542583465576171875
0.226146405468271638472543827447225339710712432861328125
0.0749144966697798952992570775677450001239776611328125
0.2312375216665139288085839552877587266266345977783203125
0.336622781604744514272198330218088813126087188720703125
0.2371108592536790571347893319398281164467334747314453125
0.1597850200275054977083755147759802639484405517578125
0.0753839091808698180674497280051582492887973785400390625
0.261981972213083114109366533739375881850719451904296875
0.1712643150562683513893347253542742691934108734130859375
0.251245340489337387612778229595278389751911163330078125
0.1719026854564045247997228216263465583324432373046875
0.311170445121668415300320020833169110119342803955078125
0.218074183617789352229721089315717108547687530517578125
0.1757245658871765814357246426880010403692722320556640625
0.21806958762454431433042145727085880935192108154296875
0.1192593331527916633572061755330651067197322845458984375
0.1725906729807056561032396757582318969070911407470703125
0.195506659017826323054833892456372268497943878173828125
0.28861985329196937488660523740691132843494415283203125
0.1996079402423991400183922451105900108814239501953125
0.28864063293951425226424589709495194256305694580078125
0.226579606699887470266929767603869549930095672607421875
0.247860470102955476878747731461771763861179351806640625
0.3506643061316605525234990636818110942840576171875
0.265203399993691579794585777563042938709259033203125
0.1716625935604706165715782617553486488759517669677734375
0.277825111470661634260892469683312810957431793212890625
0.207388483474454321520141775181400589644908905029296875
0.30188660241398246331101518080686219036579132080078125
0.339003678023232668525821509319939650595188140869140625
0.297126930105439501783592959327506832778453826904296875
0.12347586789204466339864296742234728299081325531005859375
0.259576047180105240475000982769415713846683502197265625
0.11892858572933952265859858243857161141932010650634765625
0.092245239236696197071552205670741386711597442626953125
0.2117046568067425249548563215284957550466060638427734375
0.31884647223818962658015152555890381336212158203125
0.22496445253398478225648204897879622876644134521484375
0.280467742213750537150218633541953749954700469970703125
0.287099157153337725123520840497803874313831329345703125
0.188267921527595805120114391684182919561862945556640625
0.3047369465051497083862841463997028768062591552734375
0.309323035266724222225320772849954664707183837890625
0.2290082803873912664638368141822866164147853851318359375
0.2944991318534844193521848865202628076076507568359375
0.2460994421121177333500185113734914921224117279052734375
0.2251444418948056469531593393185175955295562744140625
0.19524816304258341137511933993664570152759552001953125
0.2601512151468885480909420948592014610767364501953125
0.2021896137429009254748990542793762870132923126220703125
0.2389224094812625320827237374032847583293914794921875
0.125281332543217327479823097746702842414379119873046875
0.1878096330621217280310020214528776705265045166015625
0.1771436344769619086747525216196663677692413330078125
0.277326449989619139291363580923643894493579864501953125
0.23703903219660649170918986783362925052642822265625
0.134126771172215331073829247543471865355968475341796875
0.2340128414738125439686911022363347001373767852783203125
0.1731709576846347520273639020160771906375885009765625
0.17056499256156365529335516839637421071529388427734375
0.1902668375567338199250144725738209672272205352783203125
0.194029302989630225706463306778459809720516204833984375
0.220536781541198934064595960080623626708984375
0.2478717950653504809022109611760242842137813568115234375
0.155288259402059980462951216395595110952854156494140625
0.1971460316798924472525555984248057939112186431884765625
0.1592385655529884314063338024425320327281951904296875
0.2704297542064393322647219974896870553493499755859375
0.239417299958216478472650123876519501209259033203125
0.1985162033499092426591658977486076764762401580810546875
0.0035917250059767208934802251718565457849763333797454833984375
0.2136417183891896331981996581816929392516613006591796875
0.2340197493011546836516600933464360423386096954345703125
0.261909491407891603653723677780362777411937713623046875
0.35031364682082022365960938259377144277095794677734375
0.13392905446129821367406975696212612092494964599609375
0.1800152154208334298601812406559474766254425048828125
0.1265227049781637858050231670858920551836490631103515625
0.1784985091143474200681140473534469492733478546142578125
0.2687544599863880279144723317585885524749755859375
0.26024008097644901749134760393644683063030242919921875
0.2564290366114161390242998095345683395862579345703125
0.09213449914326343748172121195239014923572540283203125
0.239410199695518854934306318682502023875713348388671875
0.185206579213276045781100265230634249746799468994140625
0.214365498133752996334777662923443131148815155029296875
0.337170901789189514374811551533639430999755859375
0.1995622108410555484159232264573802240192890167236328125
0.1715224197093068447816932575733517296612262725830078125
0.2463648413982113816178554088764940388500690460205078125
0.112245901959436122918845057938597165048122406005859375
0.089691711332443857518370577963651157915592193603515625
0.1832028595526868641751860877775470726191997528076171875
0.184413146165133989828888161355280317366123199462890625
0.2196955730747181256834466012151096947491168975830078125
0.2408530401690880673459815852766041643917560577392578125
0.19462266333853317501478841222706250846385955810546875
0.1832491205201108031008772059067268855869770050048828125
0.1812065651917078856758536176130292005836963653564453125
0.31427000604118904281136792633333243429660797119140625
0.169185124254042917879559126959065906703472137451171875
0.23331545399167252785588289043516851961612701416015625
0.2143479762562415513738045547142974101006984710693359375
0.11960380710562033834687412081621005199849605560302734375
0.268496983942925593336070733130327425897121429443359375
0.263008937830994493634051423214259557425975799560546875
0.082536072395428927706007016240619122982025146484375
0.2161234075404433740974496913622715510427951812744140625
0.27121698586172715561559698471683077514171600341796875
0.1345357161472187368378428118376177735626697540283203125
0.2954429464388670378838241958874277770519256591796875
0.2075181371322578349758458671203698031604290008544921875
0.1636751950203466365874049870399176143109798431396484375
0.254148901499115675850504203481250442564487457275390625
0.198153783377982339874989747841027565300464630126953125
0.23390689078697224356773176623391918838024139404296875
0.2409040825776138372571466561566921882331371307373046875
0.255001200491235480161122950448771007359027862548828125
0.2256202458478172856448651373284519650042057037353515625
0.25966012910306324190656823702738620340824127197265625
0.22045156340361293789698038381175138056278228759765625
0.171094250614913789831916801631450653076171875
0.2601053449077037615921881297254003584384918212890625
