-1.4538772084601816469984214563737623393535614013671875
-1.1414422437505411522806753055192530155181884765625
-1.4770077161762233952657652480411343276500701904296875
-1.464728439619476407784759430796839296817779541015625
-1.2769292445902677979319150836090557277202606201171875
-0.9505171485406123110806220211088657379150390625
-1.4349341967534228192704404136748053133487701416015625
-1.4483011799680494124942242706310935318470001220703125
-1.0158234513332640158722597334417514503002166748046875
-1.1945730292207910050450436756364069879055023193359375
-1.4186161706495339362987806453020311892032623291015625
-1.2971570275778561143198430727352388203144073486328125
-1.469765108538130249371533864177763462066650390625
-1.346731657920901437108796017128042876720428466796875
-1.791401273198521604257393846637569367885589599609375
-1.441088852724184743436808275873772799968719482421875
-1.50576970397755616204449324868619441986083984375
-1.2475719343094795465987090210546739399433135986328125
-1.176933603760590418829679038026370108127593994140625
-1.338273779466849777719517078367061913013458251953125
-1.4354249929617817205240726252668537199497222900390625
-1.5194152362391120103524144724360667169094085693359375
-1.146642521506562761857139776111580431461334228515625
-1.404007142226691318143139142193831503391265869140625
-1.368488349528650616093727876432240009307861328125
-1.2513369679184316307640756349428556859493255615234375
-1.224514749594963092249599867500364780426025390625
-1.50948900264861141096162100438959896564483642578125
-1.3880991383225751434338235412724316120147705078125
-1.4443677150217784088681582943536341190338134765625
-1.214874983488858362079554353840649127960205078125
-1.237444893213028418443855116493068635463714599609375
-1.1086112208615386265364577411673963069915771484375
-1.3350883585707993272961857655900530517101287841796875
-1.20844827242282182311328142532147467136383056640625
-1.236931508493182008123767445795238018035888671875
-1.0522587770457942912827320469659753143787384033203125
-1.3775168803171229381376861056196503341197967529296875
-1.18676770173519319229171742335893213748931884765625
-1.25312326015281172431059530936181545257568359375
-1.297520898447710901990603815647773444652557373046875
-1.32946551350951036596370613551698625087738037109375
-1.09513972583510987846011630608700215816497802734375
-1.2350125651018017958193695449153892695903778076171875
-1.504943816035913872752871611737646162509918212890625
-1.1343495930057116982681009176303632557392120361328125
-1.338762676342266644269329844973981380462646484375
-1.7026437566093235442821196556906215846538543701171875
-1.121945315906401230421352011035196483135223388671875
-1.2521853482239950761112368127214722335338592529296875
-1.2742238174188511568019066544366069138050079345703125
-1.1767991636007113509521104788291268050670623779296875
-1.3514806375802115301354433540836907923221588134765625
-1.3363775709672782721071371270227245986461639404296875
-1.7152481785664643876287982493522576987743377685546875
-1.50971081500559733967747888527810573577880859375
-1.295913589497075246725898978183977305889129638671875
-1.5581380960818063119432963503641076385974884033203125
-1.14440832106586043437346233986318111419677734375
-1.095817280356502276816854646313004195690155029296875
-1.4186346841260064621792480465956032276153564453125
-1.500422407939922653241637817700393497943878173828125
-1.1215586312335086294211805579834617674350738525390625
-1.394641479117268101362014931510202586650848388671875
-1.216709133503300233059007950942032039165496826171875
-1.2039679139861456658167071509524248540401458740234375
-1.8960420734769964923316365457139909267425537109375
-1.5057636054222818255965421485598199069499969482421875
-1.020315622185540949118376374826766550540924072265625
-1.2519897120186669337016382996807806193828582763671875
-1.4104118118964137362780775220016948878765106201171875
-1.346641554824710151905264865490607917308807373046875
-1.5949310967021028684342809356166981160640716552734375
-1.403347501950545250792856677435338497161865234375
-1.491995327299488582895037325215525925159454345703125
-1.197426066129227972822945957886986434459686279296875
-1.3646009448049569723337981486110948026180267333984375
-1.599512682076224212579518280108459293842315673828125
-1.288884245863105793006297972169704735279083251953125
-1.3257588394277479704186362141626887023448944091796875
-0.941797298219849920997148728929460048675537109375
-1.61618467323241699062918996787630021572113037109375
-1.323785934476743531007514320663176476955413818359375
-1.0363459636590615087214928280445747077465057373046875
-1.1150215850360838398813712046830914914608001708984375
-0.99618597592622271097440034282044507563114166259765625
-0.88469576464166099771802009854582138359546661376953125
-1.2584159113516666383958408914622850716114044189453125
-1.500556268110680324667782770120538771152496337890625
-1.3795648353151694909257685139891691505908966064453125
-1.282606610511463518520258730859495699405670166015625
-1.353752021770028957092790733440779149532318115234375
-1.4240613909731576480766079839668236672878265380859375
-1.22869189888575025548789199092425405979156494140625
-1.3398583665063716896526102573261596262454986572265625
-1.150184303024027965278719420894049108028411865234375
-1.2472987331388358800410287585691548883914947509765625
-1.2463530333939532024345453464775346219539642333984375
-0.77347682001888651281973352524801157414913177490234375
-1.4788793714148653624107510040630586445331573486328125
-1.369534553728200432232142702559940516948699951171875
-1.355197963649529047103214907110668718814849853515625
-1.03244813490959597146456871996633708477020263671875
-1.108827372408742295561978608020581305027008056640625
-1.2205776064449136431022679971647448837757110595703125
-1.452997201212927080860026762820780277252197265625
-1.6275201274665949124909047895926050841808319091796875
-1.3122941688794409476059854569029994308948516845703125
-1.2721535993542387732446741210878826677799224853515625
-1.298810445292070792078220620169304311275482177734375
-1.148371470205062028213660596520639955997467041015625
-1.3916629036747492076386834014556370675563812255859375
-1.082794095168766457248921142308972775936126708984375
-1.10440475962222794947820148081518709659576416015625
-0.9738804742104394396307043280103243887424468994140625
-1.1742962618250150086396388360299170017242431640625
-1.43409508561825393968547359691001474857330322265625
-1.3962964112045972431275231429026462137699127197265625
-1.4062556041743057289039597890223376452922821044921875
-1.125397725595272735432672561728395521640777587890625
-1.1250418689295589302901134942658245563507080078125
-1.3194100915366373527604082482866942882537841796875
-1.257297519160459398079865422914735972881317138671875
-1.3725900779838731136095475449110381305217742919921875
-1.233276413227044177034485983313061296939849853515625
-1.1218456698994663245372294113622047007083892822265625
-1.0948080041212282509377473616041243076324462890625
-1.1126218432861303408998310260358266532421112060546875
-1.127414136714916192971713826409541070461273193359375
-1.6441108509009243476839401409961283206939697265625
-1.257332466186692698784099775366485118865966796875
-1.16335013208662463313203261350281536579132080078125
-1.620613153853032173401516047306358814239501953125
-1.181935573731304867095559529843740165233612060546875
-1.102192806966172167193462883005850017070770263671875
-1.535153379672334228445151893538422882556915283203125
-1.13787016040618293999386878567747771739959716796875
-1.43595665018634210952086505130864679813385009765625
-1.2769632547096609886949636347708292305469512939453125
-1.52306704746678267525794581160880625247955322265625
-1.36933215702470789665312622673809528350830078125
-1.237887233503945250134847810841165482997894287109375
-1.188103741181599115606104533071629703044891357421875
-1.0808744713062494735567042880575172603130340576171875
-1.3339373335286899280305306092486716806888580322265625
-1.374406755820321901495617566979490220546722412109375
-1.8241468232630440038377628297894261777400970458984375
-1.5982485229828753414693665035883896052837371826171875
-1.6114868558348198757101954470272175967693328857421875
-1.3116182954202189048231730339466594159603118896484375
-1.2255443941246844108405866791144944727420806884765625
