2.0549976825714111328125
2.325116634368896484375
2.693157196044921875
1.92373788356781005859375
2.392414808273314985598290149937383830547332763671875
2.438466548919677734375
4.168949127197265625
2.0663585662841796875
2.85692501068115234375
2.9806196689605712890625
2.604223728179931640625
1.72052991390228271484375
2.49153995513916015625
2.6610405445098876953125
1.7244851589202880859375
2.823088169097900390625
3.4606781005859375
2.9316766262054443359375
2.2527182102203369140625
2.2290899753570556640625
1.91051542758941650390625
2.276894807815552201901709850062616169452667236328125
2.3169653415679931640625
1.835372447967529296875
2.769097805023193803464209850062616169452667236328125
3.013769626617431640625
2.687217712402344194089209850062616169452667236328125
1.6811721324920654296875
2.996944427490234375
3.1518719196319580078125
2.53460788726806640625
2.3069670200347900390625
2.339721202850341796875
2.42759799957275390625
2.2084467411041259765625
2.1467473506927490234375
2.154188632965087890625
2.45491695404052734375
2.8929450511932373046875
2.2761356830596923828125
2.817670345306396484375
3.088038921356201171875
2.877021312713623046875
2.224216938018798828125
2.714110851287841796875
1.9003658294677736595446049250313080847263336181640625
2.1032466888427734375
2.122703313827514204348290149937383830547332763671875
2.123016834259033203125
2.407477855682373046875
2.5724506378173828125
1.95665895938873291015625
2.8642635345458984375
2.13851070404052734375
2.754482746124267578125
2.60579204559326171875
2.580651760101318359375
1.66043567657470703125
2.055103302001953125
3.226889133453369140625
2.1335422992706298828125
2.593184947967529296875
2.5669400691986083984375
2.232041835784912109375
2.3057706356048583984375
2.3862855434417724609375
2.2172300815582275390625
2.19214725494384765625
1.4557187557220458984375
2.21024036407470703125
2.61496734619140625
2.5692234039306640625
3.063490390777587890625
1.9809658527374267578125
2.830725193023681640625
1.8278617858886720970446049250313080847263336181640625
2.3899466991424560546875
2.811893463134765625
1.8525598049163816138928950749686919152736663818359375
2.1969120502471923828125
2.215072154998779296875
2.5674211978912353515625
2.257962703704833984375
2.1007397174835205078125
2.40826511383056640625
1.8502705097198488548571049250313080847263336181640625
1.8877370357513427734375
2.8374660015106201171875
2.6387727260589599609375
2.5107364654541015625
2.187957763671875
2.34246540069580078125
3.277657032012939453125
2.4381010532379150390625
2.585344791412353515625
1.8164000511169431373303950749686919152736663818359375
2.7607326507568359375
2.297040462493896484375
4.456815242767333984375
2.9538097381591796875
2.2434132099151611328125
2.858344554901123046875
2.177638530731201171875
2.8519573211669921875
2.08324432373046875
2.060388565063477006589209850062616169452667236328125
3.161334514617919921875
2.225013256072998046875
1.86561679840087890625
2.350460529327392578125
3.329040050506591796875
2.4662554264068603515625
2.9867293834686279296875
1.8769381046295168236071049250313080847263336181640625
2.25190639495849609375
3.685338735580443891848290149937383830547332763671875
2.242115020751953125
2.200183391571044921875
2.232666492462158203125
1.9779083728790283203125
2.266606807708739790285790149937383830547332763671875
2.47185993194580078125
1.881866455078125
2.1135303974151611328125
3.05384063720703125
1.8176262378692626953125
2.204680919647216796875
2.599576473236083984375
2.43189907073974609375
1.55672419071197509765625
2.445329189300537109375
2.5870687961578369140625
2.8789126873016357421875
2.2857036590576171875
2.84537029266357421875
1.9737055301666259765625
1.97426617145538330078125
3.423039913177490234375
1.7545578479766845703125
3.670966625213623046875
2.930936336517333984375
2.62175846099853515625
1.957793712615966796875
2.4411027431488037109375
2.2798748016357421875
3.249114990234375
2.586808681488037109375
2.9808521270751953125
2.1608312129974365234375
2.2197825908660888671875
2.8230075836181640625
