0.9987227916717529296875
0.999926507472991943359375
0.999740421772003173828125
1
0.999910295009613037109375
0.9996855258941650390625
0.999628841876983642578125
0.999023139476776123046875
0.999251306056976318359375
0.999647200107574462890625
0.99978172779083251953125
0.999998033046722412109375
0.999407589435577392578125
0.999543488025665283203125
0.9987914562225341796875
0.999621331691741943359375
0.997971057891845703125
0.9991586208343505859375
0.999794661998748779296875
0.99894511699676513671875
0.999999940395355224609375
0.9996182918548583984375
0.999969780445098876953125
0.999096453189849853515625
0.99821579456329345703125
0.999912202358245849609375
0.99975216388702392578125
0.9998247623443603515625
0.999612510204315185546875
0.99984252452850341796875
0.999628961086273193359375
0.999504268169403076171875
0.9996669292449951171875
0.99982583522796630859375
0.9986133575439453125
0.99996173381805419921875
0.998403966426849365234375
0.99997007846832275390625
0.999802172183990478515625
0.99819839000701904296875
0.999984085559844970703125
1
0.99955165386199951171875
0.999454915523529052734375
0.99969923496246337890625
0.999911844730377197265625
0.999978721141815185546875
0.999899089336395263671875
0.999961376190185546875
0.99919605255126953125
0.9998266696929931640625
0.999985516071319580078125
0.9997661113739013671875
0.999474465847015380859375
0.999651014804840087890625
0.999308407306671142578125
0.999397337436676025390625
0.998459398746490478515625
0.999944210052490234375
0.999325335025787353515625
0.99894297122955322265625
0.999774992465972900390625
0.999960243701934814453125
1
1
0.99842059612274169921875
0.998616397380828857421875
0.99994659423828125
0.999575793743133544921875
0.998442232608795166015625
0.999750792980194091796875
0.99979174137115478515625
0.99995505809783935546875
0.999715387821197509765625
0.999692857265472412109375
0.99982011318206787109375
0.99945068359375
0.9998037815093994140625
0.999884068965911865234375
0.999720633029937744140625
0.999565422534942626953125
0.999528825283050537109375
0.999914228916168212890625
0.999589443206787109375
0.999586403369903564453125
0.999503612518310546875
0.9999473094940185546875
0.998495280742645263671875
0.999610602855682373046875
0.999934494495391845703125
0.999504268169403076171875
0.999712288379669189453125
0.999681055545806884765625
0.999682486057281494140625
0.9990189075469970703125
0.999577462673187255859375
0.999893665313720703125
0.999647796154022216796875
0.9940254688262939453125
0.999338209629058837890625
0.99936354160308837890625
0.9998152256011962890625
0.999934494495391845703125
0.999453485012054443359375
0.99943339824676513671875
0.99890005588531494140625
0.999009311199188232421875
0.99987328052520751953125
0.999650895595550537109375
0.99971473217010498046875
0.9991133213043212890625
0.9997279644012451171875
0.9999330043792724609375
0.99975144863128662109375
0.999913036823272705078125
0.9998633861541748046875
0.9998309612274169921875
0.999338805675506591796875
0.999801576137542724609375
0.9993228912353515625
0.999576032161712646484375
0.99981081485748291015625
0.999981701374053955078125
0.999677479267120361328125
0.999449253082275390625
0.9997856616973876953125
0.999988615512847900390625
0.999474465847015380859375
0.99964654445648193359375
0.99947643280029296875
0.9992187023162841796875
0.999869883060455322265625
0.999675571918487548828125
0.999795436859130859375
0.999767303466796875
1
0.998705685138702392578125
0.99998760223388671875
0.999500811100006103515625
0.99958622455596923828125
0.999906718730926513671875
0.9996726512908935546875
0.999405920505523681640625
1
0.999998986721038818359375
0.9993927478790283203125
0.998475968837738037109375
0.9994699954986572265625
0.9999668598175048828125
0.999899804592132568359375
0.99930393695831298828125
