0.60248871429480177486226466498919762670993804931640625
0.58250892585745628338145252200774848461151123046875
0.638692557743433031447466419194824993610382080078125
0.6064513185863560362776070178369991481304168701171875
0.6367974309884456562969035076093859970569610595703125
0.637673184060000064476980696781538426876068115234375
0.64665566394992579635214724476099945604801177978515625
0.61450400915261471634920553697156719863414764404296875
0.60167644705115341796641814653412438929080963134765625
0.6270584354050503517186143653816543519496917724609375
0.6497125293339249818558300830773077905178070068359375
0.55494333543778828765624666630174033343791961669921875
0.60637190630490456211276750764227472245693206787109375
0.6136526480861730359350758590153418481349945068359375
0.6237833448680845105371872705291025340557098388671875
0.61089885803660892715782892992137931287288665771484375
0.58814662462318489932755483096116222441196441650390625
0.6090088536321724976829727893345989286899566650390625
0.59798124668713814600096156937070190906524658203125
0.61172665977710194429306511665345169603824615478515625
0.60885441081327618118024247451103292405605316162109375
0.63146383233097969078784217344946227967739105224609375
0.621432505811287949626375848310999572277069091796875
0.59719384127098906756003771079122088849544525146484375
0.61831991997173230135587118638795800507068634033203125
0.624643606754089031340981819084845483303070068359375
0.6192684241291583902011552709154784679412841796875
0.56319887390250411574044164808583445847034454345703125
0.61644146984902381536386428706464357674121856689453125
0.5640827295744459402015991145162843167781829833984375
0.64584838162880497947071489761583507061004638671875
0.61647752736408689688829554143012501299381256103515625
0.593989328581614017821266315877437591552734375
0.58044643420342112438703452426125295460224151611328125
0.608470983138651444477318364079110324382781982421875
0.6118213712847062613064963443321175873279571533203125
0.6149348681418789208663611134397797286510467529296875
0.60175808839247491022206304478459060192108154296875
0.5990260877160011876441103595425374805927276611328125
0.62691368678174941297953637331374920904636383056640625
0.60502354965572757716785190496011637151241302490234375
0.6224374395541858451252892336924560368061065673828125
0.6473073431527485155356771429069340229034423828125
0.61724963075649907917608061325154267251491546630859375
0.627428814925781619393774235504679381847381591796875
0.6127503485798080351543148935888893902301788330078125
0.5937376180116340496084603728377260267734527587890625
0.578998356398752633822368807159364223480224609375
0.64006283838984778800096364648197777569293975830078125
0.59386998228648224529280241767992265522480010986328125
0.6174192044896458231306723973830230534076690673828125
0.64885892210045426065079254840384237468242645263671875
0.59066359928770084675164753207354806363582611083984375
0.5196393547534723378333865184686146676540374755859375
0.6125598110094887527310447694617323577404022216796875
0.6030423802838684732563478974043391644954681396484375
0.632368612563457777042685847845859825611114501953125
0.6419240657651930082039370972779579460620880126953125
0.62229425384239556162668804972781799733638763427734375
0.6272225996764511091186022895271889865398406982421875
0.617044333133646372147040892741642892360687255859375
0.6066461605602275763970965272164903581142425537109375
0.5773158861193612434448141357279382646083831787109375
0.6217110111277148742914278045645914971828460693359375
0.632756743856994763319789853994734585285186767578125
0.622829418406212642622676867176778614521026611328125
0.59157729358311128553538082996965385973453521728515625
0.60438708858192313755353097803890705108642578125
0.61448358593613494615937042908626608550548553466796875
0.6319146549554537362070050221518613398075103759765625
0.65595212046136730510426104956422932446002960205078125
0.60635298530121095605949221862829290330410003662109375
0.5802075953929761720218039044993929564952850341796875
0.648050822497503009600450241123326122760772705078125
0.6072690636917956741314128521480597555637359619140625
0.63430200941056547048191305293585173785686492919921875
0.61985537829722614500127519931993447244167327880859375
0.54172835478758607496985177931492216885089874267578125
0.63214623819526105652499836651259101927280426025390625
0.5956103137828165916545231084455735981464385986328125
0.629111296609687453695869407965801656246185302734375
0.5966603826838670077137294356361962854862213134765625
0.62499156585847581713011322790407575666904449462890625
0.6076284854899969278818616658099927008152008056640625
0.53306529934616708743533308734185993671417236328125
0.68942794737815604744213260346441529691219329833984375
0.59266905325587260211506190898944623768329620361328125
0.620674519278371139563432734576053917407989501953125
0.60375720717285197292056864171172492206096649169921875
0.59745110570682202766334967236616648733615875244140625
0.63769314561844414601665675945696420967578887939453125
0.62263863529341090252700041673961095511913299560546875
0.591619766957484305436310023651458323001861572265625
0.6093335338363983222365050096414051949977874755859375
0.59752025536707720210216621126164682209491729736328125
0.62288012140251558523829089608625508844852447509765625
0.59621630471970765707823147749877534806728363037109375
0.5775460081959524760719659752794541418552398681640625
0.43620027112436698946140722910058684647083282470703125
0.607224470184949183249045745469629764556884765625
0.60053199438759019557210194761864840984344482421875
0.6031150217912253364005437106243334710597991943359375
0.6392571353395359867732850034371949732303619384765625
0.608386341894879389968764371587894856929779052734375
0.63755582629176987818908628469216637313365936279296875
0.58136010057042764032075865543447434902191162109375
0.51271528072040151169375121753546409308910369873046875
0.56650738287853086294632021235884167253971099853515625
0.60735237158697119586037160843261517584323883056640625
0.5548718349188128673432629511808045208454132080078125
0.62889949659148225435956192086450755596160888671875
0.57782529303226504158175202974234707653522491455078125
0.59490359577760265619161827999050728976726531982421875
0.613411488966387974386407222482375800609588623046875
0.6404462684989311593852789883385412395000457763671875
0.63188428782228367452944439719431102275848388671875
0.59534681997974747691415586814400739967823028564453125
0.55842032789469708831120442482642829418182373046875
0.56730919019014092175012820007395930588245391845703125
0.62554320587757938909589938702993094921112060546875
0.61898056320434891031112556447624228894710540771484375
0.554234937511634218054723532986827194690704345703125
0.61762307851302977734775367935071699321269989013671875
0.6072832317893013254206380224786698818206787109375
0.548687853958427229628114218940027058124542236328125
0.618630937996486718333244425593875348567962646484375
0.6162352784144236039765019086189568042755126953125
0.64377404238471480635297439221176318824291229248046875
0.57786813367075495762037462554872035980224609375
0.63525638040135634643235107432701624929904937744140625
0.5991825247141144838991522192372940480709075927734375
0.60210075662966311416113285304163582623004913330078125
0.6313992326063075921638301224447786808013916015625
0.59374397179050075745720960185281001031398773193359375
0.609127290463927106856090176734142005443572998046875
0.60235878833564482359719249870977364480495452880859375
0.61503983069470302691428287289454601705074310302734375
0.607218416498187973928679639357142150402069091796875
0.640123731308301469056232235743664205074310302734375
0.5897012021083047894620676743215881288051605224609375
0.6332504513578189886402469710446894168853759765625
0.61694557829128326975620666416944004595279693603515625
0.54292896798178846839988409556099213659763336181640625
0.62878345840895277785165262685040943324565887451171875
0.587422114622090152380451399949379265308380126953125
0.6262306678546532001661262256675399839878082275390625
0.59661302153978390538924259089981205761432647705078125
0.62013773191014731622772160335443913936614990234375
0.53459633348701729449459207899053581058979034423828125
0.61339845926384339858117300536832772195339202880859375
0.631493415450858019966062784078530967235565185546875
