0.5235308047395488273423325153999030590057373046875
0.47406037129520639528124092976213432848453521728515625
0.473950485462685422444195637581287883222103118896484375
0.5296392110177225998057792821782641112804412841796875
0.52026495767422087368458960554562509059906005859375
0.5155659161451442429324742988683283329010009765625
0.5097635579705031005914861452765762805938720703125
0.54406541648266848465453904282185249030590057373046875
0.471373499590479638765572190095554105937480926513671875
0.47125955193628732420307869688258506357669830322265625
0.521539487065985074565332979545928537845611572265625
0.505496931029458362871764620649628341197967529296875
0.51093688058951725050604864009073935449123382568359375
0.4941032853687115089513781640562228858470916748046875
0.473630082026085863500242112422711215913295745849609375
0.50455160716256042263694325811229646205902099609375
0.465732948935977775217764929038821719586849212646484375
0.473225866874252221183638766888179816305637359619140625
0.479366011501729027965978957581683062016963958740234375
0.515602043250929842344021380995400249958038330078125
0.4768253169277774095036193102714605629444122314453125
0.495031423881317877988550435475190170109272003173828125
0.53502684107459075324442210330744273960590362548828125
0.489640265776360494864860584129928611218929290771484375
0.52190482369982393873186765631544403731822967529296875
0.48779289113526524968023068140610121190547943115234375
0.5272989303339852273921906089526601135730743408203125
0.42161963317975281739791171276010572910308837890625
0.50755687740568344867853056712192483246326446533203125
0.477295319112556126750490648191771470010280609130859375
0.559570729770560770788279114640317857265472412109375
0.56467174648911022671882165013812482357025146484375
0.498800329937865771778859880214440636336803436279296875
0.44846379086378906908549879517522640526294708251953125
0.43408616096472929513083727215416729450225830078125
0.53187746322304685353543618475669063627719879150390625
0.50430025574566206270077373119420371949672698974609375
0.47019688516015756274413206483586691319942474365234375
0.46421869629049605787685095492633990943431854248046875
0.5475171997074894658652510770480148494243621826171875
0.497198496858534289000175476758158765733242034912109375
0.484215721908131613293591044566710479557514190673828125
0.51670738508130564792253380801412276923656463623046875
0.44072753027649202994808774747070856392383575439453125
0.47854525306343920210139231130597181618213653564453125
0.456625397207754024631043421322829090058803558349609375
0.483787222199164423930284328889683820307254791259765625
0.425153257662250705362083635918679647147655487060546875
0.5238390659010920824556478692102245986461639404296875
0.489705162800311122328622559507493861019611358642578125
0.514531489574712619372576227760873734951019287109375
0.54562677824460237285819630415062420070171356201171875
0.472291621808865580423031360624008812010288238525390625
0.4059368919810222298139024132979102432727813720703125
0.53712399313137260126183036845759488642215728759765625
0.47639655634152255903046579987858422100543975830078125
0.549357778745369618178528980934061110019683837890625
0.545388026787640978199078745092265307903289794921875
0.5398660062691968963832778172218240797519683837890625
0.49871015213262948062578061581007204949855804443359375
0.53655544940169919154726585475145839154720306396484375
0.497938790745189263642345167681924067437648773193359375
0.4889605484221046793891218840144574642181396484375
0.51488986197377506481842601715470664203166961669921875
0.55151838291117416535058737281360663473606109619140625
0.53222034255498484878188492075423710048198699951171875
0.46544100018625311765418928189319558441638946533203125
0.53253130688762750910569820916862227022647857666015625
0.5551109915565728414321711170487105846405029296875
0.527360267936033633162651312886737287044525146484375
0.5559000620172505069405133326654322445392608642578125
0.49241812882699076414638739151996560394763946533203125
0.448621997049764853482400894790771417319774627685546875
0.55887848916692040024400967013207264244556427001953125
0.51024496607688984983752789048594422638416290283203125
0.54761939664953740436459384000045247375965118408203125
0.51409205153744930161252568723284639418125152587890625
0.3916326737470414709463284452795051038265228271484375
0.5178717748329166870036033287760801613330841064453125
0.480651387501105198385431549468194134533405303955078125
0.494831785582918792787410211531096138060092926025390625
0.436664855933855566849643992100027389824390411376953125
0.51830582555205728656488872729823924601078033447265625
0.50105084648845898964708567291381768882274627685546875
0.409724351517172902248375976341776549816131591796875
0.558722671052427788396244068280793726444244384765625
0.475453808027955615589377202923060394823551177978515625
0.51091217807268296535738727470743469893932342529296875
0.4472579930792104363490579999051988124847412109375
0.461789207824893466192150981441955082118511199951171875
0.56343256933291085974957468351931311190128326416015625
0.50812123850864576724006838048808276653289794921875
0.4449787851346937994634345159283839166164398193359375
0.444159091417561047165918353130109608173370361328125
0.457487131035255345512524627338279969990253448486328125
0.51464745628208119487823068993748165667057037353515625
0.485489958937127707994108050115755759179592132568359375
0.464113386095746649484539148033945821225643157958984375
0.415489585756116330816922754820552654564380645751953125
0.466989050101368763368014924708404578268527984619140625
0.49758476699774778495566351921297609806060791015625
0.4909510162066279548298552981577813625335693359375
0.52120611653015647135589460958726704120635986328125
0.477205792332308920133954188713687472045421600341796875
0.50879676337170220978833867775392718613147735595703125
0.483041228823200385900094033786444924771785736083984375
0.42842085545916497313356785525684244930744171142578125
0.4623527582978088634746427487698383629322052001953125
0.5017956634719558106638714889413677155971527099609375
0.445850488508653441943607731445808894932270050048828125
0.472084485818002386192659969310625456273555755615234375
0.436744334445868520599987050445633940398693084716796875
0.46566340131238825872372899539186619222164154052734375
0.53185707171781870794546875913511030375957489013671875
0.53797577690829101459968342169304378330707550048828125
0.462969109361117181489220229195780120790004730224609375
0.51170832982732294968997166506596840918064117431640625
0.50423527127763090316392435852321796119213104248046875
0.445228040563666216389293595057097263634204864501953125
0.487693175257788713583551043484476394951343536376953125
0.52768201238857048718244868723559193313121795654296875
0.417975829724515468566181652931845746934413909912109375
0.492951561569050122901813892895006574690341949462890625
0.50702267987451132835730049919220618903636932373046875
0.430598244293816934114005334777175448834896087646484375
0.526171519708173551777008469798602163791656494140625
0.5056952458694559116025857292697764933109283447265625
0.5650282075828354511060069853556342422962188720703125
0.4687770997843474507504879511543549597263336181640625
0.53859300033622614645167914204648695886135101318359375
0.51398773215069637476659636377007700502872467041015625
0.455607014397265641658663071211776696145534515380859375
0.490418601578406387897501872430439107120037078857421875
0.46561155739215942528375080655678175389766693115234375
0.47950957667328619749014251283369958400726318359375
0.527878784406354828462326622684486210346221923828125
0.4908786580314747904907335396273992955684661865234375
0.445925997257943962370774215742130763828754425048828125
0.53451827900783055458333592468989081680774688720703125
0.469611476503331459753098897635936737060546875
0.5292726948076957871336389871430583298206329345703125
0.4923482925079489813668942588265053927898406982421875
0.4038056067081090549919508703169412910938262939453125
0.5290488955609820020953293351340107619762420654296875
0.476795792094173886965791098191402852535247802734375
0.4803903337844979137827294835005886852741241455078125
0.4852339920470181144906973713659681379795074462890625
0.49796161613860590033908692930708639323711395263671875
0.432342108102904798538901331994566135108470916748046875
0.49909594576874438676128420411259867250919342041015625
0.52211021331492635244586608678218908607959747314453125
