138663480656447438620
128428361080057339443
122757291785063881900
132376715496982403250
105184373675558016466
111540691193183694975
142117109682354331227
174155126632486245966
125878274298216733875
95968919241146803360
150211773697980386422
137862011253605631430
117444492671940002577
140082396460899572740
91865858411118188483
160759103453842312362
123170535247682200982
139734581363877496210
127819893102617129412
164794720324866837802
114464265682202556712
153591574452432422645
166229406791268780037
138670176533947560604
133183092583226436662
146538504864579352628
158787590691585326242
125693274257088573988
154703450960351396086
151967536894038241221
151909630794652126290
154388223858834088996
139108985794206022129
98649049233550780041
133139664541311770797
139354384835064799896
157304396098957901797
103727841414572622297
142824775730247724124
146123718878997193845
154144162650440150765
110015106776838392950
150622744365913020282
112865660675982343582
124298175183268850742
147207202940098497557
116397404222056740311
103899170608316150933
129589442301384570216
146956658980321530821
140487321859748652535
133738918422497860811
127463229697679264239
135306091756134449436
133693038927678051291
121306094644656860210
115599658509206113479
164437527573217600364
146254943032206502316
153529646150270866108
142784206592322097103
140289327031938747155
135751736976986869233
111314270390017973019
144640172637708979958
152896518930133221011
103323514827647312200
139226503273775048424
141700891958652579620
131512864160833327297
128459046828819230070
157380862191471622321
157467358840000436994
143116610135783664267
138692464030841806040
142533694263991702869
153611915973131385859
117411296565095310876
119111606270946092715
105648714446759016983
166882512329068716337
132110251827975698773
118971068167542551132
157428023325335680977
149058988442524181675
140515920445588781912
106418332211774270324
146327250536081971840
108149659806307628323
125019381718370924773
152743531396594812312
124699600572957053521
148783099702737257542
114302218938443598776
157025675340526520238
143859716427094106304
155749428080295001860
157982170111393465010
35918630375026828767
113077990197761297452
160225081268772944218
141129031949705074600
121543535835938027781
116387607970046661807
131632887744652049828
153097235439472633408
116825337599710302825
138051365565060508010
147572980973283197046
94882366726497884342
141976236703120051109
106297630796188527327
151487827894327250512
143821637238046447414
151730203392621599295
125593733335841008229
129253496383932956649
129860437757349242841
122750697205830289804
129484512069040120752
143890697104702516401
134588939557581925735
153759340238533915082
133893924749264217844
128946333367065323851
142074617941433141144
130211673190409642827
140882394168969052585
112462338571384659684
115445803998238290430
144639199184793639070
115349490060310761431
131763183171864288468
120008423218640075846
128203995412995018132
134084600031005479609
147172623047332870248
136399505585386775518
149936531424531962116
139484579182376988908
140192629535792117316
162421278533880791858
111059070944233663102
142939141326725451379
130068132077921007298
137389694430096549945
134415198997779755671
155583273129529394329
84937052132488362231
135038184119350407118
159614735943576815070
