0.0021783193292728999200524864221506504691205918788909912109375
0.003639213660010499895580693419105955399572849273681640625
0.046065639198809897603137386568050715140998363494873046875
0.00497081251901819974603480289943036041222512722015380859375
0.00560663780950599981156567963580528157763183116912841796875
0.0249325707670421010953010210187130724079906940460205078125
0.022996885914404401052291149198936182074248790740966796875
0.0290213100187120993933564960798321408219635486602783203125
0.0140157303539976997586169460419114329852163791656494140625
0.034836259033577100796552628025892772711813449859619140625
0.0259417091617762003707969853394388337619602680206298828125
0.00151878962068139992946935734607905033044517040252685546875
0.0318349232176610985600717640409129671752452850341796875
0.0076591507662373999043570194089625147171318531036376953125
0.00173231209509979995446460332431115602958016097545623779296875
0.0366715373803633004623492297469056211411952972412109375
0.004983271197692200338291712569116498343646526336669921875
0.02069281027866599897979682509685517288744449615478515625
0.04000340167207949715333370477310381829738616943359375
0.0235833813528801006231816472791251726448535919189453125
0.00979403236189729971272743824783901800401508808135986328125
0.0246745737804743014986996740844915620982646942138671875
0.017873210347980499068665238837638753466308116912841796875
0.000860042027443300009272031392271173899644054472446441650390625
0.00002061178743771933152329790817081089926432468928396701812744140625
0.00739949128112589969707979520308072096668183803558349609375
0.02365231755589169981845998336211778223514556884765625
0.033930600010482099559983026892950874753296375274658203125
0.017968207209422000503185046227372367866337299346923828125
0.03309031093889659713713768951492966152727603912353515625
0.0194074095054336988319665380231526796706020832061767578125
0.0023900618351245998642606860329351547989062964916229248046875
0.004122646174313299681501998605881453840993344783782958984375
0.061001606766561002059834351030076504684984683990478515625
0.00730607670574610033875639913958366378210484981536865234375
0.035294909766048598864784935358329676091670989990234375
0.0267100254598594995247839989360727486200630664825439453125
0.005577236313622799777911520635598208173178136348724365234375
0.0156797625543519010549164960366397281177341938018798828125
0.053503980498738397397762156515454989857971668243408203125
0.0309657106223347015905300594340587849728763103485107421875
0.0030246880482500998650607915152477289666421711444854736328125
0.03255833840091369724145664577008574269711971282958984375
0.01061999271865220022259546084342218819074332714080810546875
0.00180843905198419994083403050666447597905062139034271240234375
0.006321195471394400015874293075057721580378711223602294921875
0.046152111178654496581597044269074103794991970062255859375
0.0109208675594239003336927140708212391473352909088134765625
0.0167663568728432001153638708501603105105459690093994140625
0.01262702381898860026776532095027505420148372650146484375
0.0535571425752248975182823187424219213426113128662109375
0.0113364300849331002540854029803085722960531711578369140625
0.012275104126900200640637450533176888711750507354736328125
0.00069799091431710000819899075708008240326307713985443115234375
0.0022073198508864998353129482921985982102341949939727783203125
0.0024899327680284999951554336661274646758101880550384521484375
0.0204489824532670012857682451112850685603916645050048828125
0.004162241584720899854887843360984334140084683895111083984375
0.00804155000292089937319328640796811669133603572845458984375
0.037494872440862699047858797030130517669022083282470703125
0.004676700145427799791553180597247774130664765834808349609375
0.050174049773662000861751408820055075921118259429931640625
0.0078666144454040999589583549322924227453768253326416015625
0.04949677875433400320304144770489074289798736572265625
0.0159248466353790994742833930786218843422830104827880859375
0.022623791075887099422114800972849479876458644866943359375
0.00242431598405009988972391710149167920462787151336669921875
0.07859809103054170298374714320743805728852748870849609375
0.0248671823921394995193789867471423349343240261077880859375
0.00655147132769199995461217866932202014140784740447998046875
0.00168969427492410002693279391650094112264923751354217529296875
0.006334606418491399958126120139922932139597833156585693359375
0.01053535403760199988532075821012767846696078777313232421875
0.003928138961676100153475044152173722977750003337860107421875
0.0126371062859122994248561866470481618307530879974365234375
0.01081562451508089918450483679634999134577810764312744140625
0.021150454651714799270134648168095736764371395111083984375
0.00013598574480149999504051405718740852535120211541652679443359375
0.01209890230814739987830197520679575973190367221832275390625
0.034334788049968902046149565876476117409765720367431640625
0.043283392617446903027911275785299949347972869873046875
0.0140472115354039993329049451631362899206578731536865234375
0.03417138210650159935166669811223982833325862884521484375
0.0227393279044194006333068358571836142800748348236083984375
0.01175567517172040020445589192377155995927751064300537109375
0.100812220387155593304129297393956221640110015869140625
0.02856489032723839860405945501042879186570644378662109375
0.000000249387394673566007634139818360807794306310825049877166748046875
0.0724688109244643052786472026127739809453487396240234375
0.01017251203812159950079507808595735696144402027130126953125
0.01540592498410629958283113438710643094964325428009033203125
0.017005055171710199701795573901108582504093647003173828125
0.0159485194247309010340263313310060766525566577911376953125
0.002424636573739699825502658114828591351397335529327392578125
0.0265063695099115002873357838097945204935967922210693359375
0.0030342617682142000549994076408211185480467975139617919921875
0.000930854168938699999720498556854408889194019138813018798828125
0.036829240489145098624845786616788245737552642822265625
0.0193376643984199993175909781939481035806238651275634765625
0.0302755489999731002004335067567808437161147594451904296875
0.03711695529182500175036096834446652792394161224365234375
0.032527591341521999712682600147672928869724273681640625
0.036831849505180203063758881398825906217098236083984375
0.077083747369392996429127151714055798947811126708984375
0.0267120104551881003274171888506316463463008403778076171875
0.006232745164043700103473355511596309952437877655029296875
0.0189664262594811984519171943475157604552805423736572265625
0.00477609430068150035697538413614893215708434581756591796875
0.00769110923980780014641567277067224495112895965576171875
0.0249725879810385985313470058599705225788056850433349609375
0.031489382076262999177185264443323831073939800262451171875
0.0397840413429789985233497873196029104292392730712890625
0.0227553649870891987194720940124170738272368907928466796875
0.013995851075246500128113069649771205149590969085693359375
0.0115191786770864994238205980536804418079555034637451171875
0.02745850327811150126677830485277809202671051025390625
0.0000000000000000000533630756770209213613043175428174436092376708984375
0.005815026043350200214698819678460495197214186191558837890625
0.0232354548864255015805380111260092235170304775238037109375
0.0026605599609823998331903371905582389445044100284576416015625
0.007255133947907399689924989871769867022521793842315673828125
0.003412651454033199978355117565342879970557987689971923828125
0.006651186785453799994727308586561775882728397846221923828125
0.026061142530034699105190298951129079796373844146728515625
0.01017281748006950044260765508852273342199623584747314453125
0.000320412792522399981869074547802256347495131194591522216796875
0.0214375162585357000033514651704535936005413532257080078125
0.008860333909575100752586962471468723379075527191162109375
0.00679611539105400008775603737376513890922069549560546875
0.00481172174116539959343175070216602762229740619659423828125
0.02693255357657529935888618410899653099477291107177734375
0.00165427875115019989461784266637778273434378206729888916015625
0.0165445760433843014336474652736796997487545013427734375
0.029692217256360599331177496651434921659529209136962890625
0.036486004578046300761418052616136264987289905548095703125
0.0124862615763321992135015392477725981734693050384521484375
0.0308593273095728003185822529985671280883252620697021484375
0.0477750070399017012778841717590694315731525421142578125
0.0029681169048280998425115573269295055069960653781890869140625
0.01759695575728580096974695834433077834546566009521484375
0.014009489087100999993307226532124332152307033538818359375
0.037327781846542597288252096632277243770658969879150390625
0.010574956128779400277295508203678764402866363525390625
0.03565384518178919825981409985615755431354045867919921875
0.040751349821183800725687973454114398919045925140380859375
0.0142749069575482008531697175612862338311970233917236328125
0.0004003781804580000048578158899914569701650179922580718994140625
0.029134004379382801019904292161299963481724262237548828125
0.0205854220095218996833263958023962914012372493743896484375
0.003211627926484599861167712475662483484484255313873291015625
0.04655003407566039863585416469504707492887973785400390625
