668.0852038860321044921875
668.0851333141326904296875
668.08533382415771484375
668.0851523876190185546875
668.085121631622314453125
668.085330486297607421875
668.0852015018463134765625
668.085277557373046875
668.0853254795074462890625
668.085132598876953125
668.085355281829833984375
668.0850493907928466796875
668.0851840972900390625
668.085061550140380859375
668.0850822925567626953125
668.08532238006591796875
668.0852797031402587890625
668.0853137969970703125
668.0852458477020263671875
668.0855576992034912109375
668.085277557373046875
668.085176944732666015625
668.0852582454681396484375
668.085037708282470703125
668.0851504802703857421875
668.085072040557861328125
668.085366725921630859375
668.0850055217742919921875
668.08518695831298828125
668.0865767002105712890625
668.085720062255859375
668.0852272510528564453125
668.085121631622314453125
668.0851571559906005859375
668.08505535125732421875
668.085261821746826171875
668.0854599475860595703125
668.0851051807403564453125
668.0852687358856201171875
668.085229396820068359375
668.0850985050201416015625
668.0851824283599853515625
668.086548328399658203125
668.0850970745086669921875
668.0853831768035888671875
668.085179805755615234375
668.0854647159576416015625
668.0853579044342041015625
668.0853354930877685546875
668.085201740264892578125
668.085015773773193359375
668.085178852081298828125
668.0851390361785888671875
668.0850484371185302734375
668.0851905345916748046875
668.0855062007904052734375
668.0852153301239013671875
668.0851256847381591796875
668.0852706432342529296875
668.085012912750244140625
668.0851385593414306640625
668.08514118194580078125
668.0854079723358154296875
668.0853931903839111328125
668.0850925445556640625
668.0865876674652099609375
668.085316181182861328125
668.0851891040802001953125
668.0852029323577880859375
668.0850963592529296875
668.085115909576416015625
668.0848124027252197265625
668.0867183208465576171875
668.0853259563446044921875
668.085216522216796875
668.0853283405303955078125
668.085200786590576171875
668.0852005481719970703125
668.08529567718505859375
668.0850741863250732421875
668.0851104259490966796875
668.0854537487030029296875
668.08504581451416015625
668.0852057933807373046875
668.0852210521697998046875
668.0851576328277587890625
668.0853214263916015625
668.085247039794921875
668.0851762294769287109375
668.0852000713348388671875
668.0866148471832275390625
668.0851688385009765625
668.085302829742431640625
668.0858862400054931640625
668.086584568023681640625
668.0850276947021484375
668.08541774749755859375
668.0854365825653076171875
668.085192203521728515625
668.08526515960693359375
668.085051059722900390625
668.0851104259490966796875
668.08516788482666015625
668.085261821746826171875
668.0852911472320556640625
668.08513355255126953125
668.08509349822998046875
668.0853512287139892578125
668.0852119922637939453125
668.0851829051971435546875
668.0851345062255859375
668.0867922306060791015625
668.0853176116943359375
668.0852172374725341796875
668.0851705074310302734375
668.08522510528564453125
668.08520221710205078125
668.085234165191650390625
668.0852200984954833984375
668.0853807926177978515625
668.0851094722747802734375
668.0852291584014892578125
668.085216045379638671875
668.0852110385894775390625
668.0850913524627685546875
668.0853345394134521484375
668.085114002227783203125
668.0866110324859619140625
668.08503246307373046875
668.085103511810302734375
668.085404872894287109375
668.086873531341552734375
668.0852277278900146484375
668.08517169952392578125
668.0851333141326904296875
668.0852868556976318359375
668.0850741863250732421875
668.085089206695556640625
668.08475208282470703125
668.085266590118408203125
668.085200786590576171875
668.086887359619140625
668.0854339599609375
668.085515499114990234375
668.0851943492889404296875
668.0854403972625732421875
668.0850389003753662109375
668.0852415561676025390625
668.087201595306396484375
668.0852184295654296875
668.085088253021240234375
