0.1571389116887829395796671860807691700756549835205078125
0.1602941357996944538033545768485055305063724517822265625
0.1359449494440055083988028172825579531490802764892578125
0.1520512877791180272879500989802181720733642578125
0.1228825414894022804990214581266627646982669830322265625
0.1387928997982029455382502192151150666177272796630859375
0.148342148565704989859881379743455909192562103271484375
0.154564915209608633173132830052054487168788909912109375
0.1582521980092488622648971841044840402901172637939453125
0.1512509026117062338467889048843062482774257659912109375
0.14462384772635183960431959349079988896846771240234375
0.1394828178248498085078921349122538231313228607177734375
0.1461991000051718614383133854062180034816265106201171875
0.1510435575986875667009456947198486886918544769287109375
0.1472763712607707276003310425949166528880596160888671875
0.1670456763745587214220478244897094555199146270751953125
0.16455106221471182958993040301720611751079559326171875
0.1479944231602958459870222895915503613650798797607421875
0.153111368551120341496840637773857451975345611572265625
0.159728625813296165603105691843666136264801025390625
0.1499942015768473968506668825284577906131744384765625
0.1554450570276494081323193086063838563859462738037109375
0.1581297468048468990442501080906367860734462738037109375
0.1527095487209263191541452897581621073186397552490234375
0.141109755701993966336971197961247526109218597412109375
0.153977845811693547783960411834414117038249969482421875
0.149999550714122353856083691425737924873828887939453125
0.1736865129056290590892075442752684466540813446044921875
0.150870302220228957867931285363738425076007843017578125
0.1585925207621229071630608586929156444966793060302734375
0.1444018469817492100748523853326332755386829376220703125
0.1410631417765994266577678217799984849989414215087890625
0.158055842136849256096553517636493779718875885009765625
0.1525328143580853279548392720244009979069232940673828125
0.1535742830173865425269497109184158034622669219970703125
0.143583365233611093270127412324654869735240936279296875
0.149246326533140016845635500430944375693798065185546875
0.150607761458101341300874764783657155930995941162109375
0.1581086607140647914970799092770903371274471282958984375
0.147663286585220154822906124536530114710330963134765625
0.1676584648174195002479081040291930548846721649169921875
0.1286114545396269959187662834665388800203800201416015625
0.145168086948141483727425793404108844697475433349609375
0.1487309408138488553419165327795781195163726806640625
0.147729474028097385041036204711417667567729949951171875
0.15436810729711292200505567961954511702060699462890625
0.1597617674024095213436424955943948589265346527099609375
0.149009523016071565582052471654606051743030548095703125
0.1230317802339797317312530822164262644946575164794921875
0.165714327415636797358189369333558715879917144775390625
0.1518326340564138121624893074113060720264911651611328125
0.1437790246341724420542362850028439424932003021240234375
0.1657696502697967588790817217159201391041278839111328125
0.18579118298325536517978662232053466141223907470703125
0.1519470066623209436595942634085076861083507537841796875
0.152892279907046957365679418217041529715061187744140625
0.15007559364668410228915718107600696384906768798828125
0.141985307662475690460013311167131178081035614013671875
0.145642603851269758497011252984520979225635528564453125
0.1552311407976843804501498880199505947530269622802734375
0.14848712205032066346888086627586744725704193115234375
0.1607234718917555926775975194686907343566417694091796875
0.15410678767723295923275372842908836901187896728515625
0.14008051383132313905122146024950779974460601806640625
0.1343749654813939375941345133469440042972564697265625
0.1474047339026520742066850289120338857173919677734375
0.15332928851334692854635477488045580685138702392578125
0.146442328581980418800156940051238052546977996826171875
0.150646499149831913921815385037916712462902069091796875
0.147584585137391088860425725215463899075984954833984375
0.131443973206365749550883492702268995344638824462890625
0.1539374484223876293764732281488250009715557098388671875
0.187049439789156390911983862679335288703441619873046875
0.14967489044069315351492832633084617555141448974609375
0.1591555809929968423599433435811079107224941253662109375
0.142728136452816511958729961406788788735866546630859375
0.1496719454767847234943900502912583760917186737060546875
0.178792018808143271524357942325877957046031951904296875
0.1473758727951805236333626680789166130125522613525390625
0.1502581027791643764057738508199690841138362884521484375
0.1550483475074645733915446044193231500685214996337890625
0.1591833607387829474522078498921473510563373565673828125
0.1452216943469844256942025140233454294502735137939453125
0.1560631204238237812464973330861539579927921295166015625
0.17181809314493101670251462564920075237751007080078125
0.1343551731298728013630494615426869131624698638916015625
0.1514674740354431670130708198485081084072589874267578125
0.1490186568545840695154680588530027307569980621337890625
0.1522197362036625534198464038126985542476177215576171875
0.1543065294906993123458249783652718178927898406982421875
0.1425492880312166643630433782163891009986400604248046875
0.1466805023424857523650643997825682163238525390625
0.1625915682997589595260023997980169951915740966796875
0.1439438382996003351621538968174718320369720458984375
0.16242006690538624003039558374439366161823272705078125
0.147079264307672319400666083311080001294612884521484375
0.169640833201807283980855345362215302884578704833984375
0.1867908766782731821987084686043090187013149261474609375
0.0306641438493614228166794788421611883677542209625244140625
0.1516220496596161482205644688292522914707660675048828125
0.1563348821396199073152644132278510369360446929931640625
0.15465387307140610051447993100737221539020538330078125
0.13659849227342013566754985731677152216434478759765625
0.13727967588214029515114589230506680905818939208984375
0.149459077997025457928970126886270008981227874755859375
0.1789144192833101165707176960495417006313800811767578125
0.17902820183459688951899124731426127254962921142578125
0.18117922518004447862693950810353271663188934326171875
0.1602777256605534550448766140107181854546070098876953125
0.1621092338026996204636276388555415906012058258056640625
0.143419341375290720907997865651850588619709014892578125
0.162156238724118495486692381746252067387104034423828125
0.1557949099907099121953280018715304322540760040283203125
0.1462437027922157961601357101244502700865268707275390625
0.14308223313967538548041602552984841167926788330078125
0.1476759055152777888597626088085235096514225006103515625
0.1444201061949138276130355507120839320123195648193359375
0.1427087824084933564972033082085545174777507781982421875
0.1761549817205342038928250758544891141355037689208984375
0.1555076671840414925807039026040001772344112396240234375
0.1542540554075803316269599463339545764029026031494140625
0.1820146135155555899842738654115237295627593994140625
0.1571082250957276382763438959955237805843353271484375
0.1479455098083157782440366645460017025470733642578125
0.18605643717904218892300605148193426430225372314453125
0.149346661469089980744939794021775014698505401611328125
0.159334731107449167897271991023444570600986480712890625
0.1454688746259157616780299804304377175867557525634765625
0.16610107435870602454741629117052070796489715576171875
0.1325552866321088318901644242941983975470066070556640625
0.14240530615581781237466429956839419901371002197265625
0.15009158313788883987172084744088351726531982421875
0.1504137634333161666067013584324740804731845855712890625
0.160054720138567196929813007955090142786502838134765625
0.1505872902411766744990018196403980255126953125
0.1436925817791368797937678891685209237039089202880859375
0.14700816720634735101924661648808978497982025146484375
0.1618887748860095288083726927652605809271335601806640625
0.1474543963232461118995075821658247150480747222900390625
0.1656500242283265034171080287705990485846996307373046875
0.14844511701177920404148835586966015398502349853515625
0.1518009474338060105225167717435397207736968994140625
0.167614180731529172074800726477405987679958343505859375
0.1361398593037339843636601699472521431744098663330078125
0.16521115321279766785522724603652022778987884521484375
0.156784962452853893211113245342858135700225830078125
0.1600669522106647202353002512609236873686313629150390625
0.1548721174981779469259635106936912052333354949951171875
0.1731098851823963113982784989275387488305568695068359375
0.15385505475613936443579632395994849503040313720703125
0.157068363275741307294453008580603636801242828369140625
