0.61621731221678277545805713089066557586193084716796875
0.592841354044061130679210691596381366252899169921875
0.6361568414240021951400194666348397731781005859375
0.62666085053310549568550413823686540126800537109375
0.63931744251535815859455169629654847085475921630859375
0.6284467791095831312730979334446601569652557373046875
0.64066438668454939175944673479534685611724853515625
0.61966627918291816712326181004755198955535888671875
0.6068239098196581693400730728171765804290771484375
0.6345744582570487235528844394139014184474945068359375
0.6483183721248482189736250802525319159030914306640625
0.61054535437906165551424919613054953515529632568359375
0.622349919825673669748766769771464169025421142578125
0.6125220829010746825815658667124807834625244140625
0.62253169614437109391502644939464516937732696533203125
0.6135333719312414668678457019268535077571868896484375
0.60431516220808656481011666983249597251415252685546875
0.62004403056520496217984828035696409642696380615234375
0.60388502984979297583123525328119285404682159423828125
0.6287473573291773032423179756733588874340057373046875
0.61393948187741875788248080425546504557132720947265625
0.6284310202084919527720785481506027281284332275390625
0.62065461044085734609865312449983321130275726318359375
0.6124808560976078286586243848432786762714385986328125
0.6324224507470781464490983125870116055011749267578125
0.62814062194317765719375756816589273512363433837890625
0.6261197733795811348755933067877776920795440673828125
0.571550457118806587430981380748562514781951904296875
0.62417324708732146998357848133309744298458099365234375
0.586204485022260524118564717355184257030487060546875
0.63962559168929555841742740085464902222156524658203125
0.6380264452614332615354442168609239161014556884765625
0.60807018346442720524436253981548361480236053466796875
0.58108654919937008376251696972758509218692779541015625
0.601051516663596796519186682417057454586029052734375
0.62926087853218792833587258428451605141162872314453125
0.617240841690171126998620820813812315464019775390625
0.6086614277594701860607528942637145519256591796875
0.61190170705263413619690027189790271222591400146484375
0.646770795645981166899218806065618991851806640625
0.60996528442211073173240265532513149082660675048828125
0.61826959253304247798865844742977060377597808837890625
0.6486953000811028768879396011470817029476165771484375
0.61304027702171681735165975624113343656063079833984375
0.624659150173014321438813567510806024074554443359375
0.60234816163008553235869158015702851116657257080078125
0.59728727709799755984931834973394870758056640625
0.5780338187372857650103696869336999952793121337890625
0.6403676811452356787413009442389011383056640625
0.60347034093434659407506615025340579450130462646484375
0.61814032057562162680852679841336794197559356689453125
0.6351155157834134090677480344311334192752838134765625
0.60670764699147772258669419898069463670253753662109375
0.5234805477651909288994147573248483240604400634765625
0.62253216225151863927322892777738161385059356689453125
0.60927097277553554643958477754495106637477874755859375
0.626899474848603421861525930580683052539825439453125
0.63558006987596427084241668126196600496768951416015625
0.6203564668907597390301589257433079183101654052734375
0.62120196761420343189996629007509909570217132568359375
0.62606207529122348542927056769258342683315277099609375
0.61920578323906927398212474145111627876758575439453125
0.605128714960925240262668012292124330997467041015625
0.62502400483020104093867530536954291164875030517578125
0.6436658288927958881942004154552705585956573486328125
0.6291684439626374913956396994763053953647613525390625
0.59002002756305771402622895038803108036518096923828125
0.6193419143723219999486673259525559842586517333984375
0.62714798030409080187297377051436342298984527587890625
0.6348972536681076750397778596379794180393218994140625
0.660809742394942389864809229038655757904052734375
0.60880774182503494262874710329924710094928741455078125
0.58545454262627572017407828752766363322734832763671875
0.642939781488248929264273101580329239368438720703125
0.6223274157025457942182811166276223957538604736328125
0.64124280553615109479181910501210950314998626708984375
0.62560325629335900021743555043940432369709014892578125
0.54248442608126945518876027563237585127353668212890625
0.632665435327769198892156055080704391002655029296875
0.5963432903586944888729703961871564388275146484375
0.62855654627236623444019869566545821726322174072265625
0.59710521898212209901402047762530855834484100341796875
0.62560291797461398122237596908234991133213043212890625
0.62424697492485792249539144904701970517635345458984375
0.54610328752072678781814829562790691852569580078125
0.67856443813758138272618225528276525437831878662109375
0.5969428854251359606308824368170462548732757568359375
0.62065152318121230567982138381921686232089996337890625
0.60571567649971724822677288102568127214908599853515625
0.59992305042835791795141631155274808406829833984375
0.63877678412325877843613852746784687042236328125
0.63028329237051183842055479544796980917453765869140625
0.5875105957765267561399014084599912166595458984375
0.60682806265046129734486157758510671555995941162109375
0.60391642166047942996698338902206160128116607666015625
0.62645144775752481525188386513036675751209259033203125
0.59946448473206304097260499474941752851009368896484375
0.58887872912011907100549024107749573886394500732421875
0.46277681794507696810825336797279305756092071533203125
0.61921265423722615661716872637043707072734832763671875
0.60395682834025787855125599890016019344329833984375
0.6203032092607518865889915105071850121021270751953125
0.64693732120587721379223467010888271033763885498046875
0.6097389777074682104540670479764230549335479736328125
0.62987395095702780611901516749639995396137237548828125
0.5715778397823438883307289870572276413440704345703125
0.54806734496368803011279169368208386003971099853515625
0.57254199165926167314211170378257520496845245361328125
0.6019981173818116371165842792834155261516571044921875
0.54798424187220085013194648126955144107341766357421875
0.63270311449863447794683679603622294962406158447265625
0.5738137478191756013501390043529681861400604248046875
0.60859402010635543778249711976968683302402496337890625
0.632893083653224497453493313514627516269683837890625
0.63892368758422068975022511949646286666393280029296875
0.62935398190907021476192539921612478792667388916015625
0.61623108965945849746503881760872900485992431640625
0.58727571864481598051810351535095833241939544677734375
0.5767135500526949787314379136660136282444000244140625
0.62967977502318117632995608801138587296009063720703125
0.6047274994572262585279531776905059814453125
0.5601368037201570615479795378632843494415283203125
0.6198619150383988252173139699152670800685882568359375
0.6281163393669297878574298010789789259433746337890625
0.558809175457362083960788368131034076213836669921875
0.6182251396485967109839521071990020573139190673828125
0.6082086671532465071976503168116323649883270263671875
0.64029208129170545049646534607745707035064697265625
0.5831882433085116002047243455308489501476287841796875
0.64412947297713618599601659298059530556201934814453125
0.62171677971007088814303642720915377140045166015625
0.61263193866103538010037254935014061629772186279296875
0.6289825309126759744771106852567754685878753662109375
0.5960525262481268793379740600357763469219207763671875
0.6047669206844543676737657733610831201076507568359375
0.630043285448954382133024409995414316654205322265625
0.60246492603002510524135004743584431707859039306640625
0.61449635914775313505487019938300363719463348388671875
0.6363713476417165448850710163242183625698089599609375
0.606585872113524882109913960448466241359710693359375
0.632053186596106097994152150931768119335174560546875
0.6229879734960321879810862810700200498104095458984375
0.5414479298930670037037771180621348321437835693359375
0.62721014650300188630893671870580874383449554443359375
0.59505725806379305975468696487951092422008514404296875
0.63638358779865544789799969294108450412750244140625
0.5973398911645950715154640420223586261272430419921875
0.6335182868121389532234388752840459346771240234375
0.54299374350637086283910548445419408380985260009765625
0.60987734781942470885240936695481650531291961669921875
0.61858890858696391479298881677095778286457061767578125
