669.934150218963623046875
669.93407917022705078125
669.9342801570892333984375
669.934098720550537109375
669.9340684413909912109375
669.934275150299072265625
669.9341475963592529296875
669.934222698211669921875
669.9342706203460693359375
669.934079647064208984375
669.93430328369140625
669.93399524688720703125
669.934131145477294921875
669.9340076446533203125
669.93402862548828125
669.9342696666717529296875
669.9342257976531982421875
669.934259891510009765625
669.9341919422149658203125
669.934504032135009765625
669.934223651885986328125
669.9341223239898681640625
669.9342041015625
669.93398284912109375
669.93409633636474609375
669.9340188503265380859375
669.9343116283416748046875
669.9339525699615478515625
669.9341332912445068359375
669.9355223178863525390625
669.9346649646759033203125
669.9341723918914794921875
669.93406772613525390625
669.9341032505035400390625
669.93400478363037109375
669.9342091083526611328125
669.9344060420989990234375
669.934051513671875
669.93421459197998046875
669.9341757297515869140625
669.934044361114501953125
669.9341294765472412109375
669.93549442291259765625
669.9340431690216064453125
669.9343280792236328125
669.9341259002685546875
669.9344117641448974609375
669.93430423736572265625
669.93428134918212890625
669.9341487884521484375
669.9339621067047119140625
669.934126377105712890625
669.9340841770172119140625
669.9339940547943115234375
669.9341366291046142578125
669.9344522953033447265625
669.9341614246368408203125
669.934072017669677734375
669.93421649932861328125
669.9339578151702880859375
669.9340856075286865234375
669.9340860843658447265625
669.9343531131744384765625
669.9343392848968505859375
669.934039592742919921875
669.9355337619781494140625
669.93426227569580078125
669.9341361522674560546875
669.93414783477783203125
669.9340431690216064453125
669.9340622425079345703125
669.93375873565673828125
669.935665607452392578125
669.93428897857666015625
669.9341619014739990234375
669.9342744350433349609375
669.9341509342193603515625
669.9341487884521484375
669.9342424869537353515625
669.934019565582275390625
669.9340574741363525390625
669.93439769744873046875
669.933992862701416015625
669.9341528415679931640625
669.9341671466827392578125
669.93410491943359375
669.934267520904541015625
669.9341928958892822265625
669.9341220855712890625
669.934147357940673828125
669.935562610626220703125
669.9341144561767578125
669.93424701690673828125
669.9348304271697998046875
669.93553066253662109375
669.933974742889404296875
669.9343626499176025390625
669.934382915496826171875
669.9341394901275634765625
669.9342162609100341796875
669.9339969158172607421875
669.934057712554931640625
669.9341146945953369140625
669.9342060089111328125
669.9342372417449951171875
669.9340798854827880859375
669.934039592742919921875
669.9342982769012451171875
669.9341580867767333984375
669.9341270923614501953125
669.934081554412841796875
669.9357392787933349609375
669.934263706207275390625
669.9341614246368408203125
669.9341146945953369140625
669.934170246124267578125
669.934148311614990234375
669.93418025970458984375
669.93416595458984375
669.9343280792236328125
669.93405437469482421875
669.934175968170166015625
669.9341623783111572265625
669.93415737152099609375
669.9340343475341796875
669.934282779693603515625
669.93403911590576171875
669.935557842254638671875
669.9339792728424072265625
669.9340507984161376953125
669.9343531131744384765625
669.93582248687744140625
669.9341738224029541015625
669.9341180324554443359375
669.9340803623199462890625
669.93422985076904296875
669.934022426605224609375
669.9340374469757080078125
669.933697223663330078125
669.9342157840728759765625
669.934146881103515625
669.9358351230621337890625
669.9343788623809814453125
669.9344618320465087890625
669.934142589569091796875
669.9343874454498291015625
669.9339873790740966796875
669.93418979644775390625
669.9361455440521240234375
669.934167385101318359375
669.93403339385986328125
