0.57659722739794194712459329821285791695117950439453125
0.57208979161733031215675282510346733033657073974609375
0.628913466912262464347804780118167400360107421875
0.5814383700992975523291761419386602938175201416015625
0.62894526727078059469278059623320586979389190673828125
0.62481914317573039596709350007586181163787841796875
0.63272868404710702616711159862461499869823455810546875
0.60751105648980796569702533815870992839336395263671875
0.59052803911400963965405708222533576190471649169921875
0.61377473617223632373907094006426632404327392578125
0.6337339962312065200222832572762854397296905517578125
0.55570291476674904540544730480178259313106536865234375
0.5986847115172999611587556501035578548908233642578125
0.60694050988372560961892077102675102651119232177734375
0.60648131976129615594572896952740848064422607421875
0.594318140550635032326454165740869939327239990234375
0.5770055985656730168642525313771329820156097412109375
0.5986552119960444340307503807707689702510833740234375
0.58280555935641398246360722623649053275585174560546875
0.60274589424716051855313025953364558517932891845703125
0.6007445168107050648131917114369571208953857421875
0.60780098464744158892614223077544011175632476806640625
0.60959830507900658602693511056713759899139404296875
0.59369782208193766503967481185100041329860687255859375
0.60455125939401010981555373291485011577606201171875
0.61689725728482158739751639586756937205791473388671875
0.60066382234804061024391330647631548345088958740234375
0.550862493374285833169778925366699695587158203125
0.610336113355397724689055394264869391918182373046875
0.5559669210545197248762860908755101263523101806640625
0.636447275996195660496823620633222162723541259765625
0.5997485077529829400333483135909773409366607666015625
0.57146208722455060780021085520274937152862548828125
0.5664666570159433423015116204624064266681671142578125
0.5977277074770317444318834532168693840503692626953125
0.6032364694845877561846236858400516211986541748046875
0.60384317441684209892827084331656806170940399169921875
0.5917729468813692772499734928715042769908905029296875
0.5918854307534198166962369214161299169063568115234375
0.6129897751418607043660813360475003719329833984375
0.59074313031792546890841322237974964082241058349609375
0.60875921763741214220999609096907079219818115234375
0.6362329616970499035488728623022325336933135986328125
0.5961764987590834063979627899243496358394622802734375
0.61053799295232102917196925773168914020061492919921875
0.59583363826112500927223436519852839410305023193359375
0.58139276673798467864884287337190471589565277099609375
0.5652288248910048995554689099662937223911285400390625
0.6239472927164282367584746680222451686859130859375
0.58204597032750216012431110357283614575862884521484375
0.608455545201855851900063498760573565959930419921875
0.63192772845084810295901434074039570987224578857421875
0.5878536977102311045229043884319253265857696533203125
0.50168119227594598630304290054482407867908477783203125
0.60699776533636218278644491874729283154010772705078125
0.5910972632953190863958070622175000607967376708984375
0.610713028956961334614561565103940665721893310546875
0.6158945771564761084704286986379884183406829833984375
0.6112190543874735926266339447465725243091583251953125
0.5996482929300424036256345061701722443103790283203125
0.61115588146957600113040598444058559834957122802734375
0.5907905754662390318543430112185887992382049560546875
0.56487396791355093395026187863550148904323577880859375
0.617514749037370247464195927022956311702728271484375
0.62293384979702370873866357214865274727344512939453125
0.6047248419401543007012378438957966864109039306640625
0.58133732710895136275297545580542646348476409912109375
0.6021047470152922631569936129380948841571807861328125
0.6016382476185182515138194503379054367542266845703125
0.615764439658997186910482923849485814571380615234375
0.65244359238583926607901730676530860364437103271484375
0.59874607517163858094733086545602418482303619384765625
0.57141833082221793471688897625426761806011199951171875
0.62503827380540155633781296273809857666492462158203125
0.594122201428678220480605887132696807384490966796875
0.62206394999614789131925363108166493475437164306640625
0.6025022318167685408951683712075464427471160888671875
0.5261518944700134259306878448114730417728424072265625
0.62631653553545973966976134761353023350238800048828125
0.56730951022757614143898763359175063669681549072265625
0.61803368343062692336076224819407798349857330322265625
0.58551468986258681237444534417591057717800140380859375
0.61133462412065064928157198664848692715167999267578125
0.59954050486127730135166302716243080794811248779296875
0.52571935321485441239275360203464515507221221923828125
0.6796071498866778082259543225518427789211273193359375
0.58236557676876243849761749515892006456851959228515625
0.6049914068221518004264680712367407977581024169921875
0.58823465770147798092892799104447476565837860107421875
0.5853527933545670247639236549730412662029266357421875
0.62333473721285426183413846956682391464710235595703125
0.61110461238605495726261551681091077625751495361328125
0.57430465890292381470061400250415317714214324951171875
0.5971415678112561575829886351129971444606781005859375
0.58321308677631489292281230518710799515247344970703125
0.61298511576611225404320748566533438861370086669921875
0.58320834660155806972170466906391084194183349609375
0.56748718259519870255047635509981773793697357177734375
0.4267126495239395023162387587944976985454559326171875
0.604945674791995013919176926719956099987030029296875
0.58758124512840981257255634773173369467258453369140625
0.5991003329621673589855390673619695007801055908203125
0.6288655744424016535987220777315087616443634033203125
0.59913407342605984329253487885580398142337799072265625
0.62152326067675478515894837983069010078907012939453125
0.5677526001854082959852121348376385867595672607421875
0.5058355791684003843755590423825196921825408935546875
0.5625133191149920275364593180711381137371063232421875
0.59234592491901560951106375796371139585971832275390625
0.54482916484865351325339588584029115736484527587890625
0.6149570194661413413683703765855170786380767822265625
0.56490245478872858075902740893070586025714874267578125
0.57443608980498950256077250742237083613872528076171875
0.595280268966756676007889836910180747509002685546875
0.631467164464898811360171748674474656581878662109375
0.62316958627601837239495807807543314993381500244140625
0.56979312339256160679923368661548011004924774169921875
0.5593397871618694949802375049330294132232666015625
0.5553978484736727949666601489298045635223388671875
0.609461445858269446063104624045081436634063720703125
0.59877606077721967636762201436795294284820556640625
0.54021024901662040296201894307159818708896636962890625
0.60303772233411201408870283557916991412639617919921875
0.601094737993659311570127101731486618518829345703125
0.53391931409402071384562304956489242613315582275390625
0.61010095780799389331150450743734836578369140625
0.602492843161991142864053472294472157955169677734375
0.631866834476535021991594476276077330112457275390625
0.56716990580096637852847152316826395690441131591796875
0.617960481872869227260025581927038729190826416015625
0.58505057696670370592784138352726586163043975830078125
0.583900587835061823938076486228965222835540771484375
0.61947285007031960279988425099872983992099761962890625
0.58712884255608976946660959583823569118976593017578125
0.59788756090583117241976651712320744991302490234375
0.59428681137346284213407443530741147696971893310546875
0.600961206770505018681660658330656588077545166015625
0.59294063268904462216113415706786327064037322998046875
0.61862399701526571416110300560831092298030853271484375
0.57636901722435851525006000883877277374267578125
0.6219727392328204818028325462364591658115386962890625
0.61086569279310565239171637585968710482120513916015625
0.52971376585604856845890253680408932268619537353515625
0.6141250540743421471034935166244395077228546142578125
0.57334111148287980608273528559948317706584930419921875
0.61474892067758357683260328485630452632904052734375
0.58007732683269541684722980789956636726856231689453125
0.6059116794603536249042008421383798122406005859375
0.52353259599384294187274235810036770999431610107421875
0.595767202172028387252566972165368497371673583984375
0.61016719136565422676454772954457439482212066650390625
