0.2011784726961909075537704438829678110778331756591796875
0.192843366485218215000685404447722248733043670654296875
0.22723172289253235067718605932896025478839874267578125
0.2043007735008952885369382101998780854046344757080078125
0.1769089068536511266671595876687206327915191650390625
0.2050362579513233252104242865243577398359775543212890625
0.218259322434656788392004500565235503017902374267578125
0.214812720276950808173666018774383701384067535400390625
0.2242500801993634329534188509569503366947174072265625
0.200248846679789205271760010873549617826938629150390625
0.2329361617979353871188408220405108295381069183349609375
0.186501004329616970611738224761211313307285308837890625
0.196467567462528969191026817497913725674152374267578125
0.2243525004581884696452931393650942482054233551025390625
0.185488094402094405577230418202816508710384368896484375
0.227298009553742519361918539289035834372043609619140625
0.222076252592542100483541389621677808463573455810546875
0.2201714103685394052778434570427634753286838531494140625
0.205116140134280311446701716704410500824451446533203125
0.22396642546698786180314755256404168903827667236328125
0.1889457501211369849780652430126792751252651214599609375
0.2475217868744634397426551686294260434806346893310546875
0.206397670058827531480716288569965399801731109619140625
0.213762089246128106356792386577581055462360382080078125
0.204575883149162252028219199928571470081806182861328125
0.246210952122086712545723230505245737731456756591796875
0.2075362511028066292428917449797154404222965240478515625
0.221713662983896220293189571748371236026287078857421875
0.21626518062140454023989377674297429621219635009765625
0.228437666790370086378203495769412256777286529541015625
0.193026165029129448402755997449276037514209747314453125
0.204026798088217109494735268526710569858551025390625
0.2045316036552860261554798171346192248165607452392578125
0.163502645062055140812162790098227560520172119140625
0.2494524167469319986256692800452583469450473785400390625
0.1949964887602888830020475552373682148754596710205078125
0.2208707827055585160014317125387606211006641387939453125
0.2008772947274699294251121273191529326140880584716796875
0.2405127952503740840217716367988032288849353790283203125
0.199740101035314088218086681081331335008144378662109375
0.2291320857315304326817795299575664103031158447265625
0.184189407104094315936748671447276137769222259521484375
0.22623085789801822276245957255014218389987945556640625
0.2332149453388335513803752974126837216317653656005859375
0.2214316597954426313332731979244272224605083465576171875
0.242719584460071524656399333252920769155025482177734375
0.1871100224841148740306806530497851781547069549560546875
0.1920005207798810842323433689671219326555728912353515625
0.194718917170919436632203769477200694382190704345703125
0.219213282612720827824404068451258353888988494873046875
0.2197419102036997085036773569299839437007904052734375
0.1851000569877409296370984748136834241449832916259765625
0.2020216628457382201933256737902411259710788726806640625
0.1935800225958630715883401762766879983246326446533203125
0.1868118838162784733913923673753743059933185577392578125
0.216107619858266375434396877608378417789936065673828125
0.1820915646602951909471812541596591472625732421875
0.2109156585865737121299190448553417809307575225830078125
0.1854983998041140613732835618066019378602504730224609375
0.23645178606312644564724223528173752129077911376953125
0.1895242338570850559875680119148455560207366943359375
0.2088191465969891080778353398272884078323841094970703125
0.2212504696270550519354713969732983969151973724365234375
0.1701769697584435692139237517039873637259006500244140625
0.19485231296643223952713697144645266234874725341796875
0.2078164489650519974883735585535760037600994110107421875
0.1681437681902525904664713607417070306837558746337890625
0.1872419839152348053357144408437306992709636688232421875
0.172462870473045815078450004875776357948780059814453125
0.217283237813691465500909316688193939626216888427734375
0.19392335209123690020760477636940777301788330078125
0.228096972750339854751899792972835712134838104248046875
0.246628935998504272841813644845387898385524749755859375
0.19855778037415283687749933960731141269207000732421875
0.20953089560156812343194587811012752354145050048828125
0.1808327047120398545221320318887592293322086334228515625
0.219620961187190266716839914806769229471683502197265625
0.2232387357478978484603970855459920130670070648193359375
0.1883600649378319447091456595444469712674617767333984375
0.176642059191236711068739850816200487315654754638671875
0.2475314577413915972936564457995700649917125701904296875
0.2374785806676629473788153745772433467209339141845703125
0.1756496113112137880118979182952898554503917694091796875
0.2393560923336650325676799866414512507617473602294921875
0.21105965829970829705786172780790366232395172119140625
0.1978957801258249549203327433133381418883800506591796875
0.1861984711760066579788741591983125545084476470947265625
0.2042581149174329535611605024314485490322113037109375
0.237798598470088939915711989669944159686565399169921875
0.22321317715602473352731749400845728814601898193359375
0.19802017796076365474533531596534885466098785400390625
0.2061766092832771624099308382938033901154994964599609375
0.2492794016206321960904546131132519803941249847412109375
0.21257983814289260759977651105145923793315887451171875
0.2431988941671926751642018871280015446245670318603515625
0.2035294107643808303453880625966121442615985870361328125
0.2150157578202321062565971487856586463749408721923828125
0.2169781014631788351731955799550632946193218231201171875
0.07325683156882729918368823973651160486042499542236328125
0.22043413151722213161320951257948763668537139892578125
0.216184790357358214141214602932450361549854278564453125
0.2154635447491858590840507758912281133234500885009765625
0.1958882073733063389209263505108538083732128143310546875
0.2182254972692362071651217547696433030068874359130859375
0.217675870730648146622598915200796909630298614501953125
0.2042592593539470924302037246889085508882999420166015625
0.1980441838283832078904111995143466629087924957275390625
0.2047028820121249148566988651509745977818965911865234375
0.2076669895351866135246865496810642071068286895751953125
0.16200725570499574512695062367129139602184295654296875
0.2378319887140820376725258711303467862308025360107421875
0.2032916552135944632251352004459477029740810394287109375
0.2325596426489535684112297531100921332836151123046875
0.206826642421621631484640602138824760913848876953125
0.19766853360334801781306168777518905699253082275390625
0.2226388964668473413599514287852798588573932647705078125
0.19746824261250839338543983103591017425060272216796875
0.1835096579966042085185762289256672374904155731201171875
0.2108449158380011068114612271529040299355983734130859375
0.2209858289000194153661738027949468232691287994384765625
0.1766656696648666591276111148545169271528720855712890625
0.223565099556844171235781004725140519440174102783203125
0.22640084609073374277699031154043041169643402099609375
0.2117557288341679611054502174738445319235324859619140625
0.221659762061811871358685266386601142585277557373046875
0.1997366598346299870758713268514839000999927520751953125
0.2011202364378232576580529666898655705153942108154296875
0.1838222194061034098222506827369215898215770721435546875
0.163441449015206796691046520209056325256824493408203125
0.177613481375948623064431330931256525218486785888671875
0.2188027363832993621439726439348305575549602508544921875
0.224882572783202949739944642715272493660449981689453125
0.2034914281383107537148902110857306979596614837646484375
0.2141230583096813688825932331383228302001953125
0.20747531643116301491858166627935133874416351318359375
0.1997622524918275799254985258812666870653629302978515625
0.2171464939296232354859483848485979251563549041748046875
0.261449570766861982828999089178978465497493743896484375
0.2054282887302712190535913805433665402233600616455078125
0.224177805683231479161321431092801503837108612060546875
0.202597841565554215303990304164472036063671112060546875
0.2411090769574347481007947635589516721665859222412109375
0.186812049201315832913650183400022797286510467529296875
0.19333260349577219283645490577328018844127655029296875
0.2061590868530625286769719650692422874271869659423828125
0.235965028761836725923473068178282119333744049072265625
0.1991829838584061873607566894861520268023014068603515625
0.2331377907432313489888286994755617342889308929443359375
0.1622517738927910235791074455846683122217655181884765625
0.204952256073307081951639929684461094439029693603515625
0.21353452366663938644109066444798372685909271240234375
