0.017817722781218743588471653538363170810043811798095703125
0.01700544592057752490976696435609483160078525543212890625
0.0183987007712829997441161822280264459550380706787109375
0.0173765196377680085360051265297443023882806301116943359375
0.02304557660110158334720864559130859561264514923095703125
0.0187539876909455609232946216025084140710532665252685546875
0.0215001601869771706565526159238288528285920619964599609375
0.0161134265635278252359885442501763463951647281646728515625
0.0176470619484731909565322638400175492279231548309326171875
0.024021536689122331698076351358395186252892017364501953125
0.016826572762945683769952864849983598105609416961669921875
0.0169064568948076553167592095405780128203332424163818359375
0.0207762615085795333824680852785604656673967838287353515625
0.0197101787048411282443627356997239985503256320953369140625
0.02161756472952956753541542411767295561730861663818359375
0.01507092175835923579529929128284493344835937023162841796875
0.0163432462239149027538598346609433065168559551239013671875
0.01779813002884188255503516984390444122254848480224609375
0.01501368575998819621108992805602611042559146881103515625
0.01441343007131288579680816752670580171979963779449462890625
0.021529617434120580654610677129312534816563129425048828125
0.0204148947184712610536383436965479631908237934112548828125
0.01371216213229476017787522579283177037723362445831298828125
0.0218255797215048084891630963966235867701470851898193359375
0.0173264460351863769371760781723423860967159271240234375
0.018538237097100195016619039733996032737195491790771484375
0.021258807385816626267516227244414039887487888336181640625
0.0171848380871816759640768879080496844835579395294189453125
0.0209343836466105610860655161786780809052288532257080078125
0.01281068806445591345966050766946864314377307891845703125
0.01795541790699529960395608441103831864893436431884765625
0.018034299326812532060504423725433298386633396148681640625
0.0227129766625432001625473077410788391716778278350830078125
0.0198119711844460914818011332272362778894603252410888671875
0.019768665724410446060677060131638427264988422393798828125
0.0191338125960605585917928550543365417979657649993896484375
0.0196724841390697145759869357561910874210298061370849609375
0.024339266575384481405830428002445842139422893524169921875
0.0259504736923298999495823835559349390678107738494873046875
0.0175149238046714735006492702495961566455662250518798828125
0.01496531450953418086735613456994542502798140048980712890625
0.0211870090516979546479969798156162141822278499603271484375
0.0241059628731279673719001266363193280994892120361328125
0.0203886768037919198504059892229633987881243228912353515625
0.02251211961792361215817237507508252747356891632080078125
0.0149433768708512292044954250513910665176808834075927734375
0.027145976440511386529319537430637865327298641204833984375
0.0206052799076037844450137725971217150799930095672607421875
0.017359769276231971912860529982935986481606960296630859375
0.0270012254282017243045554977243227767758071422576904296875
0.0158151802141710783045081001318976632319390773773193359375
0.01976010266049761654461036641805549152195453643798828125
0.019103162327193147496107172855772660113871097564697265625
0.0149991981609204870495855033141197054646909236907958984375
0.017576933420576944244739792111431597732007503509521484375
0.0172441547885003286511018671944839297793805599212646484375
0.021032571602947754130230606506302137859165668487548828125
0.0171578830979693779112960072552596102468669414520263671875
0.0198945688962968332547109895358516951091587543487548828125
0.01288579871552730966854927174836120684631168842315673828125
0.0160671703109894481453778780633001588284969329833984375
0.015578822010651229013067364803646341897547245025634765625
0.0169481448199644245400374842347446247003972530364990234375
0.0227007338950080440886925003951546386815607547760009765625
0.0182960187607605247184228147716567036695778369903564453125
0.01444466377827903318109559194226676481775939464569091796875
0.0258020543520896816769294446203275583684444427490234375
0.01408966316559571996247512970512616448104381561279296875
0.0173076315039691862318615989124737097881734371185302734375
0.019838438534396797552350477644722559489309787750244140625
0.023031915997739037249569804544080398045480251312255859375
0.02421790046404941054714043957574176602065563201904296875
0.0191173171000688681131496338139186264015734195709228515625
0.0153928043626894335560439941446020384319126605987548828125
0.020097074209327582539064138700268813408911228179931640625
0.0211284037190986352661159486387987271882593631744384765625
0.018125881056723601447711047285338281653821468353271484375
0.0185609224883094107994008226114601711742579936981201171875
0.02226437829893375408563116479854215867817401885986328125
0.0168139991450373220416292241452538291923701763153076171875
0.0163507672495840812587619694795648683793842792510986328125
0.01786334752914538193113713759885285980999469757080078125
0.0179763011473048316124501155854886746965348720550537109375
0.02174068178509103166362592673976905643939971923828125
0.0171701717451881209763886459995774202980101108551025390625
0.0308645374008262481091424689338964526541531085968017578125
0.0181663133839843060624019699389464221894741058349609375
0.01497364150947675352776311541447284980677068233489990234375
0.017846015224901180806771350262351916171610355377197265625
0.0172018023479714697587805716239017783664166927337646484375
0.018413656675875640644779451804424752481281757354736328125
0.020411134327514880715259693033658550120890140533447265625
0.0188217844203122965096586227673469693399965763092041015625
0.0268797121797153711064698455857069347985088825225830078125
0.0188215296338264011233309958015524898655712604522705078125
0.0164396081063990333326341186648278380744159221649169921875
0.0264096675784680733067855129547751857899129390716552734375
0.01624715333251268434278102859025239013135433197021484375
0.018112487870797784605958469228426110930740833282470703125
0.017296244650646351581624315940644009970128536224365234375
0.0149262443826987008244078225516204838640987873077392578125
0.0245781490048306329454508301068926812149584293365478515625
0.015554472407085816187954918632385670207440853118896484375
0.0175585533983800660962071304993514786474406719207763671875
0.0216913151646066816591318371365559869445860385894775390625
0.0183785661715389070369752744227298535406589508056640625
0.01316043607850511491796918761565393651835620403289794921875
0.018708245760293236437110664382998947985470294952392578125
0.0241023530136728093842268805246931151486933231353759765625
0.014108062592022206638286974111906602047383785247802734375
0.016365489167821219151921496859358740039169788360595703125
0.0121532677866358525264889323125316877849400043487548828125
0.017530189929526519831970432505841017700731754302978515625
0.0220773228971911615603485046221976517699658870697021484375
0.024226451428527362441656123337452299892902374267578125
0.018666999089695442137770697854648460634052753448486328125
0.017035842961599802214411880640909657813608646392822265625
0.0232665727086145239510539539651290397159755229949951171875
0.015888492784674877744688359371139085851609706878662109375
0.0229221911395280329715173905924530117772519588470458984375
0.018615058990964217233710087384679354727268218994140625
0.0188001447661861643967373680652599432505667209625244140625
0.0200882459542595891155425391616518027149140834808349609375
0.016791064219217090303093442571480409242212772369384765625
0.016139003845612918952578951348186819814145565032958984375
0.0246706695873133673158061895946957520209252834320068359375
0.021788547816764529396760252666354062967002391815185546875
0.024570709200024402896200825807682122103869915008544921875
0.0156125686133668679922426036910110269673168659210205078125
0.0181871285083829714590564208265277557075023651123046875
0.01539801205942901464462924110421226941980421543121337890625
0.021722550430885396999247660687615280039608478546142578125
0.0171793068528675318962228857344598509371280670166015625
0.0186032902194812575780158425686749978922307491302490234375
0.0205131200946980889188164809411318856291472911834716796875
0.01486766688855973260474652164475628524087369441986083984375
0.0237850425771578034839226489793873042799532413482666015625
0.01962461542564754302109264472164795733988285064697265625
0.019135209662498986471490525218541733920574188232421875
0.01377275075287211214547511417549685575067996978759765625
0.023189794780184756761709508054991601966321468353271484375
0.017104847163977664192824335032128146849572658538818359375
0.0201384812062202663007770553349473630078136920928955078125
0.0167929838859388648464321391884368495084345340728759765625
0.015925116586481456726342997853862470947206020355224609375
0.01474087833056532577391539717837076750583946704864501953125
0.01352684662075701212125000694186383043415844440460205078125
0.01982605419708273475354332049391814507544040679931640625
0.020270549391054493160169158727512694895267486572265625
0.015723328228779080706356552354918676428496837615966796875
0.0136313748319253254248639706247558933682739734649658203125
