0.332433934204752201679866630001924932003021240234375
0.2722623283615137612656553756096400320529937744140625
0.2409816959483323250967856665738509036600589752197265625
0.31334828411281268056853832604247145354747772216796875
0.300491813501565729893627576529979705810546875
0.2807040488494774166383649571798741817474365234375
0.29509809138301001940618562002782709896564483642578125
0.254931832499619093201914665769436396658420562744140625
0.293883716343012857397098969158832915127277374267578125
0.28195621445612151223514274533954448997974395751953125
0.298865342021774227365682463641860522329807281494140625
0.25667677695179513808199089908157475292682647705078125
0.350313509526682886896509216967388056218624114990234375
0.33034098337593420513513819969375617802143096923828125
0.367370961519148553353630859419354237616062164306640625
0.251885025956457953011380368479876779019832611083984375
0.34043169643178405880945547323790378868579864501953125
0.31903375255268329180324826666037552058696746826171875
0.28030352097636901387289753984077833592891693115234375
0.335239028594082721923541612341068685054779052734375
0.258839034464739603524918720722780562937259674072265625
0.267400036777823368883133525741868652403354644775390625
0.27946027722731903164543609818792901933193206787109375
0.340608934029578591662357212044298648834228515625
0.380327562694870724424589525369810871779918670654296875
0.267385646406965771237906892565661109983921051025390625
0.2378324336368226321614116614000522531569004058837890625
0.226465530504457224214576172016677446663379669189453125
0.29759406944627908586653575184755027294158935546875
0.20156838268161092475594386996817775070667266845703125
0.322229711488053516266205633655772544443607330322265625
0.36815835705719679449288150863139890134334564208984375
0.33360632525743072474000427973805926740169525146484375
0.2891667201709664514197584139765240252017974853515625
0.1770949756394214757992955355803132988512516021728515625
0.316024033310968122112427636238862760365009307861328125
0.25688504765349751135516953581827692687511444091796875
0.311791558304542693047523016502964310348033905029296875
0.30008501162962486485952240400365553796291351318359375
0.282733188857524242454388740952708758413791656494140625
0.34359093020666120477102367658517323434352874755859375
0.241672069474973272296125514913001097738742828369140625
0.31445630987382366949844936243607662618160247802734375
0.23579596812990988308200712708639912307262420654296875
0.25219675702001287387332695288932882249355316162109375
0.299070015569229352703217728048912249505519866943359375
0.3179079889088842758582131864386610686779022216796875
0.3351461848485026706612188718281686305999755859375
0.349452419403998681968204209624673239886760711669921875
0.28244713383232522563304200957645662128925323486328125
0.33583806548416827997272093853098340332508087158203125
0.35798765285058653518035498564131557941436767578125
0.29405225795248035591811230915482155978679656982421875
0.270487411201193295173794695074320770800113677978515625
0.35278680344110957545211704200482927262783050537109375
0.372700151419055158985571551966131664812564849853515625
0.35407190044730130207284446441917680203914642333984375
0.344296594031940628166665874232421629130840301513671875
0.33844372533704170091795049302163533866405487060546875
0.175465649641348198084500609184033237397670745849609375
0.30350415549993303709896963482606224715709686279296875
0.21742354320651646748530083641526289284229278564453125
0.26069125566129736082388035356416366994380950927734375
0.3379251817502437749141108724870719015598297119140625
0.35771791050160517411171667845337651669979095458984375
0.286147567211668285569459158068639226257801055908203125
0.331012326204083551228762871687649749219417572021484375
0.34441393443045631439503040382987819612026214599609375
0.269611022765880059548493363763554953038692474365234375
0.333523308200259993583358664182014763355255126953125
0.360737446462375543898559726585517637431621551513671875
0.294679018826137950615162708345451392233371734619140625
0.32439499753867251374828128973604179918766021728515625
0.34670497159149527011123836928163655102252960205078125
0.280107820598080203833291079718037508428096771240234375
0.282319230379151131504755767309688962996006011962890625
0.31564886171229311617736357220564968883991241455078125
0.273080027776103906322902048486866988241672515869140625
0.322839834322465379923272621454088948667049407958984375
0.255454206003374151290330473784706555306911468505859375
0.2710878354534547174381486911443062126636505126953125
0.2417872545458146504859797687458922155201435089111328125
0.359053849448684292422484531925874762237071990966796875
0.280882862864022586624201949234702624380588531494140625
0.2314746840151595541623663621066953055560588836669921875
0.282720227000679613649225530025432817637920379638671875
0.29700635672776287687923968405812047421932220458984375
0.2462993462289952140142901271246955730020999908447265625
0.298220149760836161778598807359230704605579376220703125
0.306601242460227074726475393617874942719936370849609375
0.3118803727389405366920982487499713897705078125
0.379774881567579269958656595918000675737857818603515625
0.2499700425699724892769637563105789013206958770751953125
0.271034474857968221694903832030831836163997650146484375
0.2469647222567654953895299740906921215355396270751953125
0.275464899174395594361186567766708321869373321533203125
0.24833899307266993350395978268352337181568145751953125
0.277918785419891734012054484992404468357563018798828125
0.000000000000000000052516042729766621022235995042137801647186279296875
0.320748681237217947437301290847244672477245330810546875
0.253401541664302454304191769551835022866725921630859375
0.29144934460788840535627741701318882405757904052734375
0.349888735547859541785697956584044732153415679931640625
0.261636054969237197287412755031255073845386505126953125
0.250335545996975661342531793707166798412799835205078125
0.26401123941430626462789632569183595478534698486328125
0.26117193307631658694134557663346640765666961669921875
0.259215117918304815969321452939766459167003631591796875
0.268754909901356808799022246603271923959255218505859375
0.308403969012307876962353248018189333379268646240234375
0.237947937034551693091799506873940117657184600830078125
0.265280743596812362827819242738769389688968658447265625
0.269182927040173269883638340616016648709774017333984375
0.339026923971133153923318559463950805366039276123046875
0.311423930247027136442028449891950003802776336669921875
0.3115365951943840361337834110599942505359649658203125
0.278497854878829886882130040248739533126354217529296875
0.32191104900439426739211512540350668132305145263671875
0.1769695540395185562321245242856093682348728179931640625
0.249938802211873978276202024062513373792171478271484375
0.26628712139058752228493176517076790332794189453125
0.2378513928877208083445538022715481929481029510498046875
0.28285685211925482018813227114151231944561004638671875
0.350067392675240285360160896743764169514179229736328125
0.266492997352120231102645675491658039391040802001953125
0.283147795204708785377079038880765438079833984375
0.25585732584202680595097945115412585437297821044921875
0.35023091633212288797949440777301788330078125
0.266774097088709805092321403208188712596893310546875
0.35334617680051760846282604688894934952259063720703125
0.331951080104986917529430456852423958480358123779296875
0.2553544930518529820773210303741507232189178466796875
0.3112662648275954513366059472900815308094024658203125
0.33944440429351718790940140024758875370025634765625
0.21461982795330147855139557577786035835742950439453125
0.2873247421381404098639222866040654480457305908203125
0.34491258066037133733772179766674526035785675048828125
0.23658310422331985112265329007641412317752838134765625
0.31479690801634407915088331719744019210338592529296875
0.32930277321345313712441793541074730455875396728515625
0.230032230930080794362169172018184326589107513427734375
0.3259852891475591984971060810494236648082733154296875
0.251169075538972774719326253034523688256740570068359375
0.33415420092864389634002009188407100737094879150390625
0.347066573999640082259787732255063019692897796630859375
0.33073388883581389396937311175861395895481109619140625
0.254878927283065104258952260352089069783687591552734375
0.332810709289773465346939929077052511274814605712890625
0.280216877260837549101779586635529994964599609375
0.246821702018979072246196437845355831086635589599609375
0.302756391809786917779234727277071215212345123291015625
