0.57403438242023840931693712263950146734714508056640625
0.574860006468209672192415382596664130687713623046875
0.61816225491294451988011360299424268305301666259765625
0.58472483788980766927778631725232116878032684326171875
0.6007634376219816996211875448352657258510589599609375
0.6475309324494473717237497112364508211612701416015625
0.6286576531747052332121938889031298458576202392578125
0.60939391310789747802090232653426937758922576904296875
0.59944049717523173459454710609861649572849273681640625
0.5272471388592403496176075350376777350902557373046875
0.62005006830949394025509491257253102958202362060546875
0.52423748021041827183097439046832732856273651123046875
0.52274121649814941914513610754511319100856781005859375
0.5614740487712703842504424756043590605258941650390625
0.59591374666923824232611650586477480828762054443359375
0.63869302997061294657754615400335751473903656005859375
0.5359138478306937347639404833898879587650299072265625
0.6257550101798721176038498015259392559528350830078125
0.594519093033790912983249654644168913364410400390625
0.6058599815149390277468910426250658929347991943359375
0.64035940814981273661032901145517826080322265625
0.564940291386557991160088931792415678501129150390625
0.5981108336177765050223342768731527030467987060546875
0.5430782962159439453131426489562727510929107666015625
0.61125731701923979866108993519446812570095062255859375
0.5920651521371433911866688504233025014400482177734375
0.59185331993215595236534909417969174683094024658203125
0.561265472921820940399584287661127746105194091796875
0.58154149579740377351555480345268733799457550048828125
0.58524440482501483007382603318546898663043975830078125
0.621171605507962798498056145035661756992340087890625
0.5957251596301171847613886711769737303256988525390625
0.499451362932199105504338376704254187643527984619140625
0.57213143575115399386277204030193388462066650390625
0.5643350330574410378403626964427530765533447265625
0.566227286048405886731416103430092334747314453125
0.56762579676260338512605585492565296590328216552734375
0.56851402266106376703902469671447761356830596923828125
0.58171545003849445265586837194859981536865234375
0.6233899642951266084622830021544359624385833740234375
0.597016714459804642700646581943146884441375732421875
0.631296585000125531905723619274795055389404296875
0.608075559991636982459795035538263618946075439453125
0.55465014650621424774357137721381150186061859130859375
0.57231208750566064935583199257962405681610107421875
0.57171562236810713475421152907074429094791412353515625
0.553273634685257587051410155254416167736053466796875
0.57248825949175163874116378792678005993366241455078125
0.640105378202721286839960157522000372409820556640625
0.55095630652080707090334499298478476703166961669921875
0.604570484775317051884258034988306462764739990234375
0.620431451119435539709456861601211130619049072265625
0.57478341769408458628021207914571277797222137451171875
0.53428569151447014018430081705446355044841766357421875
0.52230501623246983200488102738745510578155517578125
0.53489376018830914194523984406259842216968536376953125
0.60561381076758191710496248560957610607147216796875
0.55580796538184185084929822551202960312366485595703125
0.59990830020563057356497438377118669450283050537109375
0.59694659039723496629648025191272608935832977294921875
0.57721869699465611081024007944506593048572540283203125
0.604630865336628797734874751768074929714202880859375
0.57239334444247991218190918516484089195728302001953125
0.6532556548037333765677203700761310756206512451171875
0.60520640693360416850765659546595998108386993408203125
0.62205189994972787115301571247982792556285858154296875
0.5954167248098318765414660447277128696441650390625
0.5628710878928726568659612894407473504543304443359375
0.598950783357688809616092839860357344150543212890625
0.61489583817959092559846112635568715631961822509765625
0.64869553455970063726709895490785129368305206298828125
0.59416355588196922976607083910494111478328704833984375
0.54649010810457621101221548087778501212596893310546875
0.55938548998341175444437567421118728816509246826171875
0.5824397706521653450550957131781615316867828369140625
0.56221523419998342685488523784442804753780364990234375
0.6242814376742018556143420937587507069110870361328125
0.485769592887208501164053586762747727334499359130859375
0.62719093963121641532865169210708700120449066162109375
0.58971265941289241485634420314454473555088043212890625
0.5952633324324823060891276327311061322689056396484375
0.5684756436625468811740802266285754740238189697265625
0.598954708902450061458466734620742499828338623046875
0.54007849731434076634428720353753305971622467041015625
0.52367390063594532190194286158657632768154144287109375
0.57852631416993205437648839506437070667743682861328125
0.6015643499769278701450048174592666327953338623046875
0.51004259743843960439591000977088697254657745361328125
0.60677763540970175437649913874338380992412567138671875
0.5356303383384457550420165716786868870258331298828125
0.615398727659350441854257951490581035614013671875
0.5558801230502596890659106065868400037288665771484375
0.60429993312174890007781868916936218738555908203125
0.58591551308635081429798674435005523264408111572265625
0.622393513293539424324762876494787633419036865234375
0.57322165835058502825205550834652967751026153564453125
0.55041217693773847319249625797965563833713531494140625
0.6169022230277774188067496652365662157535552978515625
0.4003055075172226029422972715110518038272857666015625
0.58687575376093759071949307326576672494411468505859375
0.6109186494030593994608580032945610582828521728515625
0.57742773970166094699152381508611142635345458984375
0.6434602236082920256876604980789124965667724609375
0.547873353808735696901521805557422339916229248046875
0.61207569217809110195815947008668445050716400146484375
0.54900330931188301430978526695980690419673919677734375
0.58338155725059015477285129236406646668910980224609375
0.58161949643603472193120751398964785039424896240234375
0.58092208295546787777396957608289085328578948974609375
0.609333851584771490905723112518899142742156982421875
0.5642231395637471447201960472739301621913909912109375
0.62182123836711789000020189632778055965900421142578125
0.58501165203566063421902754271286539733409881591796875
0.560564463958024727929796426906250417232513427734375
0.5843749835001934567202397374785505235195159912109375
0.5666845787383201216158568058745004236698150634765625
0.54226173342049788228536044698557816445827484130859375
0.5411917531188823460297498968429863452911376953125
0.5504826407958993694791161033208481967449188232421875
0.5813778159630713648908795221359468996524810791015625
0.58598009583554711010577875640592537820339202880859375
0.56365648487545616518445967813022434711456298828125
0.583997717896711510121576793608255684375762939453125
0.5668154991040326162732299053459428250789642333984375
0.53499784233607294847701041362597607076168060302734375
0.592074096199990407285440596751868724822998046875
0.55443383071616103574541511989082209765911102294921875
0.6228722594844242621547891758382320404052734375
0.60425318437559083495358436266542412340641021728515625
0.62473251015325725887805674574337899684906005859375
0.57588908897963297928157544447458349168300628662109375
0.60617280628559699895419043969013728201389312744140625
0.5774388226960514014507452884572558104991912841796875
0.54454720068837081381474263253039680421352386474609375
0.60231435361423002472491816661204211413860321044921875
0.60384223467272291063778766329050995409488677978515625
0.60506755120888933152656363745336420834064483642578125
0.63449097090223072203940546387457288801670074462890625
0.62280373734536265128980403460445813834667205810546875
0.5608566624092270469503773711039684712886810302734375
0.600789008484119424480240923003293573856353759765625
0.5910627949142430725970598359708674252033233642578125
0.5202516644387167321639253714238293468952178955078125
0.602457676860610025215692076017148792743682861328125
0.5931916743316787421491653731209225952625274658203125
0.63127470227722159989980355021543800830841064453125
0.5755399591273129278334863556665368378162384033203125
0.599073397500375914859205295215360820293426513671875
0.58024470908831193849408691676217131316661834716796875
0.5429703805520260662120790584594942629337310791015625
0.6235792194927716192154321106499992311000823974609375
