-11.720634647973543707166754757054150104522705078125
-11.479517512356348873936440213583409786224365234375
-12.2931592184330185091312159784138202667236328125
-11.833339987823880079531591036356985569000244140625
-11.4603608976219728532441877177916467189788818359375
-11.2039223817436219832188726286403834819793701171875
-11.6980080404110875491596743813715875148773193359375
-10.92700779863533711022682837210595607757568359375
-12.247324291115216254866027156822383403778076171875
-14.2574908727658709040042595006525516510009765625
-11.7302968190856393704279980738647282123565673828125
-11.2322743895970038607856622547842562198638916015625
-12.9612964558007615067936058039776980876922607421875
-12.222263327885141137585378601215779781341552734375
-11.1470781019039133497017246554605662822723388671875
-12.094768714958245681145854177884757518768310546875
-11.220665475225136020753780030645430088043212890625
-12.2492945948694806901357878814451396465301513671875
-11.4843730184217154288717210874892771244049072265625
-11.569047744832989366159381461329758167266845703125
-12.3797349607004658622599890804849565029144287109375
-11.9650623422529189809893068741075694561004638671875
-10.929010977155623862699940218590199947357177734375
-11.3770893693179697692130503128282725811004638671875
-11.6037038420521145809516383451409637928009033203125
-11.4589285630927832926317933015525341033935546875
-11.7442853381141976143453575787134468555450439453125
-11.6108160577940697777421519276686012744903564453125
-11.0035170594078888228750656708143651485443115234375
-11.2570130464253832514032183098606765270233154296875
-11.547285232750393646483644261024892330169677734375
-12.14874540958034998539005755446851253509521484375
-11.532281164245802074219682253897190093994140625
-13.03240729170812528536771424114704132080078125
-11.099122228752012375707636238075792789459228515625
-11.9210710440072151783397202962078154087066650390625
-11.3301255575991763890897345845587551593780517578125
-10.8677661791253665768408609437756240367889404296875
-12.2415087008367269305608715512789785861968994140625
-11.805643968778486652126957778818905353546142578125
-11.8586633645328607400415421579964458942413330078125
-11.4430821044075461401234861114062368869781494140625
-11.142967416191790874790967791341245174407958984375
-11.9584635857331367247979869716800749301910400390625
-11.4734517599367880080762915895320475101470947265625
-11.437425873473809900815467699430882930755615234375
-11.8592732673391072495405751396901905536651611328125
-11.46335605491990605742103070951998233795166015625
-10.522108056749214455294350045733153820037841796875
-11.4162774620764349009505167487077414989471435546875
-12.63932861005518049068996333517134189605712890625
-11.632676505769541819290679995901882648468017578125
-11.711854848446638044379142229445278644561767578125
-11.355195461684733260199209325946867465972900390625
-10.980928396381859357688881573267281055450439453125
-11.0882100776069005831914182635955512523651123046875
-11.7365958053587871035006173769943416118621826171875
-11.7047849051340762116524274460971355438232421875
-11.392412402599799037261618650518357753753662109375
-11.1476282515670188644207883044146001338958740234375
-11.2459209206799020108746844925917685031890869140625
-11.942002875948087847746137413196265697479248046875
-11.6299525140412018942015492939390242099761962890625
-11.0902140576737924249073330429382622241973876953125
-11.41739160054640933594782836735248565673828125
-11.4457420342922358003079352783970534801483154296875
-10.6484179449171616482772151357494294643402099609375
-13.0854343584077685846978056360967457294464111328125
-11.3921555207179192592548133688978850841522216796875
-11.3771297927657730753026044112630188465118408203125
-11.5138399464227081381295647588558495044708251953125
-10.9669881513423899122017246554605662822723388671875
-10.8932984031425927895497807185165584087371826171875
-11.063805404473772142637244542129337787628173828125
-11.3846443673180548472601003595627844333648681640625
-11.991251126239763635794588481076061725616455078125
-10.8285951895941767730846549966372549533843994140625
-11.062857913871834369956559385173022747039794921875
-11.18490942231095885972536052577197551727294921875
-11.3822787463089571957652879063971340656280517578125
-11.2767351704774210219284213962964713573455810546875
-11.6732826415004442566214493126608431339263916015625
-13.143734374642694007206955575384199619293212890625
-11.9370160344855857914581065415404736995697021484375
-11.784324931726278151700171292759478092193603515625
-14.0297847173485994431985091068781912326812744140625
-12.5813506957244651829341819393448531627655029296875
-10.9061405560644022472160941106267273426055908203125
-11.86723884276124607595193083398044109344482421875
-12.81561898569393775915159494616091251373291015625
-10.835441727753366336628459976054728031158447265625
-11.7959827427816872358334876480512320995330810546875
-11.7090935304553767082325066439807415008544921875
-11.8926965158634789787583940778858959674835205078125
-11.64334625799808264901002985425293445587158203125
-11.1297570979240614263972020125947892665863037109375
-10.9903295638671476552872263710014522075653076171875
-11.6046246654957894151038999552838504314422607421875
-10.7556363322966692663840149180032312870025634765625
-12.048349235451720318224033690057694911956787109375
-11.482862127708056476649289834313094615936279296875
-10.9508540887164276256271477905102074146270751953125
-12.350907499840875658492223010398447513580322265625
-11.8463431070630971220225546858273446559906005859375
-11.9000648474358090567193357856012880802154541015625
-11.2673838417487814922424149699509143829345703125
-11.7423682590642624035126573289744555950164794921875
-11.1094157230179586548501902143470942974090576171875
-10.6597486539818344652985615539364516735076904296875
-12.017176784249254950509566697292029857635498046875
-11.789214197331777000954389222897589206695556640625
-11.65906390699812078537433990277349948883056640625
-10.7899069774425964141073563951067626476287841796875
-11.3446976008678941383323035552166402339935302734375
-11.1283592134568234399694119929336011409759521484375
-12.32022110317608820651003043167293071746826171875
-11.52353111295577292594316531904041767120361328125
-11.916548646367925101685614208690822124481201171875
-11.8356524732294925428277565515600144863128662109375
-11.1642765886822932230870719649828970432281494140625
-12.0653341584249371720716226263903081417083740234375
-10.9805695183848595064546316280029714107513427734375
-11.28948914412048765143481432460248470306396484375
-11.536391456998586590998456813395023345947265625
-11.4065942900251275915479709510691463947296142578125
-11.1939853744919286526737778331153094768524169921875
-13.0636573814226135681337837013415992259979248046875
-11.3383653562857080743242477183230221271514892578125
-11.384979083411256084445994929410517215728759765625
-11.666916945382180159640483907423913478851318359375
-12.270586217038388809896787279285490512847900390625
-10.68564645882836572354790405370295047760009765625
-12.18251432600349204449230455793440341949462890625
-10.627268716395843028976742061786353588104248046875
-10.8080305091327897315522932331077754497528076171875
-11.2350737943355785120047585223801434040069580078125
-12.2109574183120574986105566495098173618316650390625
-11.8465985787205010382194814155809581279754638671875
-11.6135574666198930771088271285407245159149169921875
-11.7900093438271067469713671016506850719451904296875
-12.1228246766494454078610942815430462360382080078125
-12.28763977061128542800361174158751964569091796875
-12.55325483351089843608860974200069904327392578125
-11.555027600604891091506942757405340671539306640625
-11.1141904538376596889293068670667707920074462890625
-10.918555784687388410247876890935003757476806640625
-11.063572121219262811564476578496396541595458984375
-11.452574766703786934840536559931933879852294921875
-11.191064051867005701978996512480080127716064453125
-10.7583835097695885707480556447990238666534423828125
-11.363837061603991429592497297562658786773681640625
