8445350.0
9066233.0
10902007.0
9199176.0
12759545.0
11921343.0
9754558.0
8295783.5
9577578.0
10492895.0
10928147.0
9570818.0
8260136.0
9642949.0
10922384.0
8238206.5
8380676.0
10526332.0
9437750.0
8819887.0
10519180.0
9108937.0
9425616.0
9750417.0
9370892.0
10773996.0
8222741.0
6394837.5
8942424.0
8753532.0
10046901.0
8986263.0
10598759.0
10253448.0
9711142.0
9929999.0
9297267.0
10450060.0
8079237.5
8696628.0
8352085.5
12197272.0
9268827.0
9844702.0
9871289.0
8855276.0
9211043.0
9622995.0
10367674.0
9374476.0
8327058.5
9731835.0
9188500.0
8375657.0
9441876.0
8620872.0
9278524.0
7904311.5
8714292.0
8604509.0
8873067.0
7779914.5
9450563.0
10340046.0
10481034.0
8397347.0
9054028.0
8883745.0
9044392.0
9799510.0
11071237.0
9098310.0
9209117.0
9654311.0
8857816.0
10619474.0
9524463.0
8147286.0
10143319.0
9996263.0
7745578.0
10083673.0
11035726.0
8938875.0
7975837.5
11960127.0
9072186.0
8162591.5
8668765.0
10060972.0
10527115.0
10835598.0
8442586.0
11305290.0
8149472.5
9271781.0
9005719.0
8519657.0
18759720.0
9629432.0
8089205.0
9742672.0
10890746.0
9466089.0
10499336.0
8523402.0
7872404.5
9072398.0
8493895.0
10112899.0
10100154.0
8825952.0
8922534.0
10554165.0
9457632.0
8929644.0
8977511.0
7917373.0
8107440.5
8560747.0
9111355.0
9061317.0
9304437.0
9534502.0
8640477.0
9946032.0
10185117.0
11641389.0
8419914.0
11418310.0
9383853.0
11576497.0
8768263.0
8730914.0
9354969.0
10429848.0
8533653.0
8680600.0
8592952.0
9083020.0
8095786.5
9869564.0
9027210.0
10579815.0
8866630.0
9192810.0
8316491.0
9813687.0
9246439.0
9516532.0
8662746.0
