-14.3594
-13.889548
-15.654844
-13.701352
-14.4303665
-15.070289
-15.054008
-13.498861
-14.223198
-14.463218
-14.323852
-14.857266
-13.519678
-14.605786
-13.768412
-13.673461
-13.613938
-14.0909605
-14.497438
-13.938563
-14.687318
-13.959274
-14.163607
-14.599055
-14.32372
-14.826536
-13.960118
-13.136772
-13.903717
-14.725481
-14.6604395
-13.183723
-14.4620905
-14.662456
-14.385778
-13.808023
-13.747303
-14.800293
-13.16965
-14.293577
-13.97097
-12.964179
-13.772743
-14.482481
-14.222352
-14.545927
-13.755579
-13.713381
-12.394472
-14.3807745
-13.50382
-13.413243
-14.847245
-13.33218
-13.715491
-13.240185
-13.933097
-12.882203
-13.8629675
-14.841843
-14.038872
-14.0904665
-14.387487
-13.54862
-12.758384
-13.619848
-13.516336
-13.513422
-14.139785
-13.988282
-14.519346
-14.172649
-13.522892
-13.745966
-14.773363
-14.922863
-14.3656435
-13.523362
-14.777346
-14.842968
-14.623274
-14.835911
-14.2671175
-14.71589
-13.94804
-15.487846
-13.561761
-13.575225
-14.034401
-14.404248
-14.289391
-14.245849
-14.042286
-14.596207
-14.158802
-14.870448
-13.422904
-14.783943
-10.245741
-14.736199
-12.98862
-14.943044
-14.655935
-14.433552
-14.420804
-14.802759
-13.047476
-14.499377
-13.931423
-13.66813
-13.962993
-13.420806
-14.059581
-14.081292
-13.526729
-13.245864
-13.955701
-13.215504
-13.913563
-13.400675
-14.252704
-13.82267
-14.111598
-14.378017
-13.748898
-14.178259
-13.708851
-14.296915
-14.253365
-13.982175
-14.174619
-14.904076
-13.56782
-14.065445
-14.1541605
-14.082637
-13.590868
-14.255199
-13.796283
-13.323849
-14.021046
-14.35621
-14.439906
-13.211514
-14.003039
-14.313444
-13.151085
-13.95746
-14.487307
-13.46669
-13.436169
