22.87927408785725447160075418651103973388671875
22.72788945698750495694184792228043079376220703125
24.389857677974116967334339278750121593475341796875
20.16683633566226063749127206392586231231689453125
24.704703791151512604074014234356582164764404296875
27.64915218227277904361471883021295070648193359375
25.3770458869779673705124878324568271636962890625
23.746135732546637342466055997647345066070556640625
23.8439268729133431179434410296380519866943359375
23.32652699471589841095919837243854999542236328125
24.344038816577796779938580584712326526641845703125
22.965836947180690685854642651975154876708984375
20.77686139515697760771217872388660907745361328125
22.864542386609432611521697253920137882232666015625
24.08526353720730384111448074690997600555419921875
25.085731214397608113131354912184178829193115234375
22.636907645683745471387737779878079891204833984375
23.34210667934394933809016947634518146514892578125
18.93594729092422568328402121551334857940673828125
23.12633301636676463886033161543309688568115234375
25.860356973475500552694938960485160350799560546875
21.484693977966809796953384648077189922332763671875
27.16477340709098342586003127507865428924560546875
24.434111810088015914743664325214922428131103515625
23.265238563937206350829001166857779026031494140625
24.9623569654799126737998449243605136871337890625
22.953022627520130782841079053469002246856689453125
23.305231518358137776658622897230088710784912109375
24.137905882804858492818311788141727447509765625
20.922580107023708961833108332939445972442626953125
27.914905981674063895070503349415957927703857421875
20.001666032193430311281190370209515094757080078125
24.05608950941405765888703172095119953155517578125
20.696941931370229639242097618989646434783935546875
13.9101522408551527831832572701387107372283935546875
20.756420774342561941239182488061487674713134765625
18.140207915676068495258732582442462444305419921875
24.632250355486593917930804309435188770294189453125
22.83891275268094744888003333471715450286865234375
22.161603893546459431718176347203552722930908203125
19.041221988705384404738651937805116176605224609375
15.5901870692393256234709042473696172237396240234375
24.895173824253316041676953318528831005096435546875
23.881235707031141402012508478946983814239501953125
23.16540485918875447168829850852489471435546875
20.358932270078465620599672547541558742523193359375
22.4250886578863770637326524592936038970947265625
20.193015281918899717084059375338256359100341796875
20.810571413261609308165134279988706111907958984375
24.387623090540191839181716204620897769927978515625
25.738941036238610848840835387818515300750732421875
19.6719402401789551504407427273690700531005859375
29.3436042466289990215955185703933238983154296875
23.398303133408592913156098802573978900909423828125
24.66762004781471517844693153165280818939208984375
21.149739923624370163679486722685396671295166015625
27.12207666939732320088296546600759029388427734375
21.059781982998234894921552040614187717437744140625
24.36223571577176016944576986134052276611328125
29.21396608944855444178756442852318286895751953125
20.00877231059435956694869673810899257659912109375
20.73404356177758245394215919077396392822265625
26.0854989943263007035056944005191326141357421875
18.98690506186009230304989614523947238922119140625
20.191877875843136536104793776758015155792236328125
22.98669894448095618599836598150432109832763671875
25.746491057553416936798384995199739933013916015625
20.502521033411962747550205676816403865814208984375
23.096124537421818700977382832206785678863525390625
25.15337913346832721117607434280216693878173828125
22.3172515409678595688092173077166080474853515625
25.261004058231034008485949016176164150238037109375
20.2248275569289290842789341695606708526611328125
25.691965519987579824601198197342455387115478515625
19.497995910865487445562393986620008945465087890625
25.39439281211394927595392800867557525634765625
26.711709402079232944515752024017274379730224609375
22.42212569930603649481781758368015289306640625
25.530024316661243943826775648631155490875244140625
21.745724924923440113389006000943481922149658203125
19.887612582675583183799972175620496273040771484375
20.467502349499998359760866151191294193267822265625
24.26680989135554256108662229962646961212158203125
27.4661066408614402689636335708200931549072265625
22.803418866787186658484642975963652133941650390625
26.052970070801247715053250431083142757415771484375
22.891691717883674073164002038538455963134765625
20.72263315327584365377333597280085086822509765625
21.495167940153077523746105725876986980438232421875
26.648688605941078577643565949983894824981689453125
25.345107160188984352089391904883086681365966796875
25.5354614950343972168411710299551486968994140625
27.46956810323089115399852744303643703460693359375
25.966884284037060837135868496261537075042724609375
23.04802542625716199609087198041379451751708984375
25.29477147250457136351542430929839611053466796875
21.26465359708942060024128295481204986572265625
24.837328151065843684364153887145221233367919921875
16.918378315751130713806560379453003406524658203125
28.52397037263167334231184213422238826751708984375
22.37501330799647547564745764248073101043701171875
22.869954305625835644377730204723775386810302734375
25.19053408250220371655814233236014842987060546875
17.162438451327528099454866605810821056365966796875
28.13947875343392723834767821244895458221435546875
29.3227885469528928297222591936588287353515625
23.48187061510822815080246073193848133087158203125
23.319254140412905229595708078704774379730224609375
24.35192738862742345418155309744179248809814453125
19.37957375773945756236571469344198703765869140625
26.01884647800371652692774659954011440277099609375
25.04657786975285915787026169709861278533935546875
26.016805353907837883298270753584802150726318359375
18.764161288351328238377391244284808635711669921875
24.0308477710714214481413364410400390625
22.984727188675986297994313645176589488983154296875
22.867435899141771216136476141400635242462158203125
21.37212262677166307867082650773227214813232421875
18.959947040174210286522793467156589031219482421875
18.49780019660543217696613282896578311920166015625
20.681107554690225214244492235593497753143310546875
25.608523975289500640428741462528705596923828125
27.53258186338965884942808770574629306793212890625
24.2442696489404880821894039399921894073486328125
20.8492351395383366252644918859004974365234375
24.129303230825637882617229479365050792694091796875
20.623864268978394420628319494426250457763671875
22.462219809241052104198388406075537204742431640625
20.482362074700557030837444472126662731170654296875
24.10445425248389028638484887778759002685546875
19.85249490146463102746565709821879863739013671875
25.46306285152949300254476838745176792144775390625
22.86243009338240739225511788390576839447021484375
19.35622587236529312804123037494719028472900390625
21.598767384893566401160569512285292148590087890625
27.69964033670303393819267512299120426177978515625
23.39371145996133094513425021432340145111083984375
26.480985755957998861731539363972842693328857421875
23.563859421424783846532591269351541996002197265625
26.255255151222637977070917258970439434051513671875
20.509153391605952521103972685523331165313720703125
23.570726325775435583409489481709897518157958984375
24.765696779591888088134510326199233531951904296875
22.537569140777758747162806685082614421844482421875
24.68623292108294009494784404523670673370361328125
23.98726871049390041434890008531510829925537109375
21.819187477228613403212875709868967533111572265625
23.749052975214102190193443675525486469268798828125
24.10920903738611542621583794243633747100830078125
21.068571176960205093564582057297229766845703125
23.023025000987384913742062053643167018890380859375
