18.01438741177565105999747174791991710662841796875
18.661649367641846453125253901816904544830322265625
29.769152625787459243156263255514204502105712890625
18.811061569602681942114941193722188472747802734375
28.72092472025919818179318099282681941986083984375
27.896823198374836039192814496345818042755126953125
24.49818480089361827367611113004386425018310546875
18.577775117858099207523991935886442661285400390625
19.69140826873724137158205849118530750274658203125
24.39621189779699506061660940758883953094482421875
22.5695076652655188809148967266082763671875
23.96818949316315183750702999532222747802734375
19.791898377377794560061374795623123645782470703125
22.220322980506448828919019433669745922088623046875
21.584317303568862911333781084977090358734130859375
20.94406352137002613744698464870452880859375
20.021222488100622882711832062341272830963134765625
24.766012403499313876409360091201961040496826171875
20.338380829279913086793385446071624755859375
18.176343829300794396885976311750710010528564453125
27.008942787908171823119118926115334033966064453125
18.673097569906726533872642903588712215423583984375
22.369704880217771147954408661462366580963134765625
23.904561112526597099758873810060322284698486328125
23.69021311854163513999083079397678375244140625
25.735840803113294583681636140681803226470947265625
18.505778013203165954791984404437243938446044921875
17.4024959633437248385234852321445941925048828125
18.530247434024442299005386303178966045379638671875
16.839626629187183226576962624676525592803955078125
27.064589409365940042562215239740908145904541015625
16.429942960491242587295346311293542385101318359375
23.521286806115085710189305245876312255859375
22.791210571822826835841624415479600429534912109375
18.103643768519301460173664963804185390472412109375
21.60799098798562312140347785316407680511474609375
20.16463636158875516457555931992828845977783203125
24.822913486094282831118107424117624759674072265625
18.036895148393863763658373500220477581024169921875
14.538896272345969151729150325991213321685791015625
20.14333370482037111059980816207826137542724609375
17.858135998074661898726844810880720615386962890625
22.313264861131859362330942531116306781768798828125
25.769233021174787978679887601174414157867431640625
22.48555977360260982322870404459536075592041015625
20.607778025874377902937339968048036098480224609375
19.6930776057393615019464050419628620147705078125
23.919225665645196698960717185400426387786865234375
20.08020563842143957344887894578278064727783203125
19.99708420593034219336914247833192348480224609375
19.82176668162477284340639016591012477874755859375
20.76800732650811909252297482453286647796630859375
25.388396242957501414139187545515596866607666015625
17.73161652468439086760554346255958080291748046875
19.84264082362359005173857440240681171417236328125
21.486454583734474255152235855348408222198486328125
21.91906881188338473975818487815558910369873046875
19.17456468434381378074249369092285633087158203125
21.082913396960460516993407509289681911468505859375
24.225767372604092741994463722221553325653076171875
21.497797197840210259300874895416200160980224609375
20.748176668910677022950039827264845371246337890625
21.891782420218408589107639272697269916534423828125
20.682807155024505618712282739579677581787109375
19.773120891089664752371390932239592075347900390625
18.602301754157796409572256379760801792144775390625
22.3039730144190571081708185374736785888671875
20.15184292644160990448654047213494777679443359375
21.327580679665839369363311561755836009979248046875
25.55485933379721785740912309847772121429443359375
25.685716603985344619331954163499176502227783203125
21.935362150551863891223547398112714290618896484375
19.9917299956454570519781555049121379852294921875
24.17709972119763506270828656852245330810546875
18.6920361100135181686709984205663204193115234375
25.509830054863744663862235029228031635284423828125
25.3136682278847047200542874634265899658203125
19.94678263431867293320465250872075557708740234375
25.88202026253014054191226023249328136444091796875
23.048607250538633905989627237431704998016357421875
17.841836167546151870055837207473814487457275390625
26.016237537584512296007233089767396450042724609375
25.579671503210551719575960305519402027130126953125
25.52066798345341425147125846706330776214599609375
21.299551224586995346044204779900610446929931640625
26.826257251400217995751518174074590206146240234375
21.3220568267712451415718533098697662353515625
16.902092591979336333452010876499116420745849609375
23.7458315051433004327918752096593379974365234375
24.063167197713003275794108049012720584869384765625
22.723651063333619504192029125988483428955078125
24.94084898539929184835273190401494503021240234375
21.252000114365731775478707277216017246246337890625
23.29764052631974635687583941034972667694091796875
15.088190820722164886547034257091581821441650390625
22.93063172703805463470416725613176822662353515625
19.7191486599640342092243372462689876556396484375
22.849230964021206347069892217405140399932861328125
13.99983413407210974810368497855961322784423828125
27.589112011431307536213353159837424755096435546875
16.27316559866688550073376973159611225128173828125
21.8343139347924761750618927180767059326171875
21.555338531145483926820816122926771640777587890625
22.76191936743560262357277679257094860076904296875
25.500130207381399571886504418216645717620849609375
22.988448075125756275838284636847674846649169921875
17.29321482056814573979863780550658702850341796875
22.74063503839628452851684414781630039215087890625
23.03705968072217302733406540937721729278564453125
23.128545077350366909740841947495937347412109375
21.17008668650458247384449350647628307342529296875
20.71262642525772434964892454445362091064453125
21.3223943145667504950324655510485172271728515625
19.771172409846030859625898301601409912109375
23.52460952817158812422349001280963420867919921875
20.203664110570908718500504619441926479339599609375
18.275630901482447399075681460089981555938720703125
18.51219520195596857092823483981192111968994140625
20.279505784234544307764736004173755645751953125
22.163376381857570862621287233196198940277099609375
19.204048839906715073766463319770991802215576171875
23.771989146597224618062682566232979297637939453125
22.172298435329199861598681309260427951812744140625
22.58387188203736428704360150732100009918212890625
17.5908024994072320623672567307949066162109375
19.646790832322441389123923727311193943023681640625
24.468542259853183651330255088396370410919189453125
25.01304421301421143652987666428089141845703125
18.3458578830724263752927072346210479736328125
23.127956603836022253517512581311166286468505859375
18.073787786453213044524090946651995182037353515625
27.251752694344769878398437867872416973114013671875
21.736267717935088938929766300134360790252685546875
21.72596176940701440116754383780062198638916015625
24.344622502568366684272405109368264675140380859375
25.204714131255659737007590592838823795318603515625
19.584001170682437731329628149978816509246826171875
22.784546327495430517728891572915017604827880859375
23.621847474589372950504184700548648834228515625
22.30539804391280966910926508717238903045654296875
20.748931136442248401863253093324601650238037109375
24.018747928588300766250540618784725666046142578125
25.48412580784626157992533990181982517242431640625
23.83322625345176248856660095043480396270751953125
19.27494136971851190764937200583517551422119140625
18.9779480720610678190496400929987430572509765625
19.776840442500457584174000658094882965087890625
22.062574714833790068269081530161201953887939453125
19.7796573239986770431642071343958377838134765625
17.101637454870509458260130486451089382171630859375
17.5284657067717972722675767727196216583251953125
