0.60149557221155924846556217744364403188228607177734375
0.54614904683776666072247962802066467702388763427734375
0.4546221568756163566860095670563168823719024658203125
0.59360498454496790632362035466940142214298248291015625
0.4928415666014271945272184893838129937648773193359375
0.529528246893182341636929777450859546661376953125
0.6031523804563558854852090007625520229339599609375
0.5418049126608508458957658149302005767822265625
0.62164993671839108291266029482358135282993316650390625
0.5360490228530501166659405498648993670940399169921875
0.57122761515855569047772632984560914337635040283203125
0.42716961889637306004630090683349408209323883056640625
0.60191446132374604172099452625843696296215057373046875
0.589895239926312431322230622754432260990142822265625
0.67073019245373532992715581713127903640270233154296875
0.57161794931153286913882993758306838572025299072265625
0.617125361602821609352531595504842698574066162109375
0.5645153439140393469841683327103964984416961669921875
0.51158047326131972365459432694478891789913177490234375
0.61773665197945770710674651127192191779613494873046875
0.49627752461095386848910493426956236362457275390625
0.5529638596776040859737122445949353277683258056640625
0.54066688775605042938110500472248531877994537353515625
0.58499480492105038198502597879269160330295562744140625
0.6386863402302835890367305182735435664653778076171875
0.549836149043793742663410739623941481113433837890625
0.51786476745510012786866127498797141015529632568359375
0.464168114949091326071339835834805853664875030517578125
0.55390419309939076253357370660523883998394012451171875
0.415673309981871297313915647464455105364322662353515625
0.599299902713845700219508216832764446735382080078125
0.63371028395375683661683297032141126692295074462890625
0.5383465529362301271731894303229637444019317626953125
0.53174663035275415712277435886790044605731964111328125
0.45204586386709799672445342366700060665607452392578125
0.605815517616107523934942946652881801128387451171875
0.50310481174734522635816347246873192489147186279296875
0.57385768201798825760562294817646034061908721923828125
0.5921763424854626922666511745774187147617340087890625
0.58332167922865896247941464025643654167652130126953125
0.6042643194975327869400416602729819715023040771484375
0.485367017043895898620320394911686889827251434326171875
0.578841418773472948799962978227995336055755615234375
0.46737990452122890605579641487565822899341583251953125
0.52956914819583633668997890708851628005504608154296875
0.57463619343218275137274986263946630060672760009765625
0.6278096230070608907425366851384751498699188232421875
0.60132925259560965347560568261542357504367828369140625
0.625557345485079796532090767868794500827789306640625
0.54550673059630838679368025623261928558349609375
0.629776376936741488776760888868011534214019775390625
0.625259310972137161144246420008130371570587158203125
0.57475034618964138122265694619272835552692413330078125
0.567300803419871879640368206310085952281951904296875
0.60275425574662566674533081823028624057769775390625
0.65038500066042137515154308857745490968227386474609375
0.61386525165143346338680885310168378055095672607421875
0.6062564411078696924306541404803283512592315673828125
0.5850361148138978339972027242765761911869049072265625
0.4751970394446243250996531060081906616687774658203125
0.57360026619503690081813829237944446504116058349609375
0.494504423427325978668278594341245479881763458251953125
0.5523759269591999032655849077855236828327178955078125
0.61404677732235046772046871410566382110118865966796875
0.609907300765298199252129052183590829372406005859375
0.59356803128514601386456206455477513372898101806640625
0.60466306363162070081074261906906031072139739990234375
0.61905918133653792256865244780783541500568389892578125
0.55941022462550782368140289690927602350711822509765625
0.6102448879209507737186868325807154178619384765625
0.613085938824112108846975388587452471256256103515625
0.5499329494373033089260616179672069847583770751953125
0.59426586545268289540899786516092717647552490234375
0.625755134534557999614889922668226063251495361328125
0.57907689750740909406800938086234964430332183837890625
0.51711919482741530718072908712201751768589019775390625
0.5984210573068227123627593755372799932956695556640625
0.53128129732810147611843376580509357154369354248046875
0.5572181358160113173738636760390363633632659912109375
0.50163862872872833076343113134498707950115203857421875
0.5486481688222617503214451062376610934734344482421875
0.489161682715478385308216502380673773586750030517578125
0.643396734420403237919572347891516983509063720703125
0.5702335964976363857914520849590189754962921142578125
0.4966693501218337747360465073143132030963897705078125
0.51036493327938148301115006688633002340793609619140625
0.5465412681463230892831006713095121085643768310546875
0.53642123597323720929352930397726595401763916015625
0.55214702194807874224835586574045009911060333251953125
0.52101539336039248695442438474856317043304443359375
0.56522990051543064993211373803205788135528564453125
0.63248229901420327525585207695257849991321563720703125
0.540402424310723716871507349424064159393310546875
0.487220305385178076296170956993591971695423126220703125
0.54907639879148406603093235389678739011287689208984375
0.58307763476994545204235009805415757000446319580078125
0.4956359384197168704844216335914097726345062255859375
0.569039090086223442455093390890397131443023681640625
0.31386716891468136036991154469433240592479705810546875
0.59498178830968218022690052748657763004302978515625
0.56947925937009735708471680482034571468830108642578125
0.56743341962612448003966392207075841724872589111328125
0.607290988555976962715021727490238845348358154296875
0.47164539116867765233820364301209338009357452392578125
0.58620080632660798158894976950250566005706787109375
0.49050718694995343316378466624883003532886505126953125
0.53483498500749193649284052298753522336483001708984375
0.51020604550913706276560333208180963993072509765625
0.5525125901347340828806409263052046298980712890625
0.5587074392376953912986436989740468561649322509765625
0.489259492101767723415406408093986101448535919189453125
0.565288248698042394835283630527555942535400390625
0.50345273633986520334104852736345492303371429443359375
0.56518405727706710894864272631821222603321075439453125
0.57281007745054968172127018988248892128467559814453125
0.60367903907290887399739176544244401156902313232421875
0.514615426933418884658522074460051953792572021484375
0.51254635544167737037923870957456529140472412109375
0.4762736769034365824637689001974649727344512939453125
0.48402968364706000503616678543039597570896148681640625
0.4853454417093285844231331793707795441150665283203125
0.511706268728647106769358288147486746311187744140625
0.55450547818338613570432471533422358334064483642578125
0.6323241757625386316732374325511045753955841064453125
0.5221048935169199101125059314654208719730377197265625
0.52238258969386197616557865330833010375499725341796875
0.5166911840157670798845401805010624229907989501953125
0.60212920960566085337717368020093999803066253662109375
0.59670374945648674280818113402347080409526824951171875
0.61228959605772359520159398016403429210186004638671875
0.59506542420819652505770136485807597637176513671875
0.52664693270813456305035060722730122506618499755859375
0.5930383208778169379371547620394267141819000244140625
0.60403684914300626029870500133256427943706512451171875
0.54113314909242149486345851983060128986835479736328125
0.54959470476564453722545522396103478968143463134765625
0.6404967017954372732191359318676404654979705810546875
0.53857795680329856313761638375581242144107818603515625
0.62240715721060813070408812563982792198657989501953125
0.5831067375277338982186847715638577938079833984375
0.522454205769121049485192997963167726993560791015625
0.63024505688516097023921247455291450023651123046875
0.49376020467089121179782296167104505002498626708984375
0.64338702996913010867530147152137942612171173095703125
0.6227928838402474465141267501167021691799163818359375
0.62513931185799564982374931787489913403987884521484375
0.5725920029659745669192716377438046038150787353515625
0.61176551695441616640636084412108175456523895263671875
0.538639898172924791452942372416146099567413330078125
0.5381974163406526567854371023713611066341400146484375
0.60965571449210376187011206638999283313751220703125
