-70.2152776841572432431348715908825397491455078125
-75.975471237230749466107226908206939697265625
-91.166605976812405742748524062335491180419921875
-73.1813040128771916670302744023501873016357421875
-84.153632711437609259519376792013645172119140625
-77.3997497756547971903273719362914562225341796875
-79.4416332866160104231312288902699947357177734375
-69.7537085425082779011063394136726856231689453125
-78.4140599575497816431379760615527629852294921875
-82.945404851910240040524513460695743560791015625
-77.6909675944249187296009040437638759613037109375
-83.687895223970286906478577293455600738525390625
-72.581456701028486122595495544373989105224609375
-79.19954687763669198830029927194118499755859375
-75.1189244683215378017848706804215908050537109375
-70.1097620581610243561954121105372905731201171875
-73.1405462064648617115381057374179363250732421875
-81.921906681385820547802723012864589691162109375
-76.3433616173465594556546420790255069732666015625
-79.730017917163422680459916591644287109375
-81.2831800576557412796319113112986087799072265625
-72.997006052525961194987758062779903411865234375
-78.244443863331383681725128553807735443115234375
-77.350945783275761868935660459101200103759765625
-81.8528494675651785428271978162229061126708984375
-77.996460578112731809596880339086055755615234375
-77.2151641514744113692358951084315776824951171875
-77.5018501487901829705151612870395183563232421875
-91.8342885624303590930139762349426746368408203125
-88.547858696768486197470338083803653717041015625
-75.97016569971384569726069457828998565673828125
-73.999813142182802039314992725849151611328125
-82.77704615078738470401731319725513458251953125
-81.5462430578978825224112370051443576812744140625
-77.6392686586751352706414763815701007843017578125
-77.9500751678502865615882910788059234619140625
-76.065442270749798581164213828742504119873046875
-77.066774330871368192674708552658557891845703125
-71.28917812912430918004247359931468963623046875
-82.21990271091323165819630958139896392822265625
-75.777279559622883198244380764663219451904296875
-76.8599059423024613124653114937245845794677734375
-77.368844492381384725376847200095653533935546875
-71.3731178708235205476739793084561824798583984375
-73.6772708724219427267598803155124187469482421875
-80.310800083188638609499321319162845611572265625
-73.2070582331007386756027699448168277740478515625
-76.62913051002107067688484676182270050048828125
-70.0769278264456687566053005866706371307373046875
-73.602302090941947199098649434745311737060546875
-74.8967735902871680764292250387370586395263671875
-75.3583546423353567433878197334706783294677734375
-86.70209331014399367631995119154453277587890625
-72.8911466080822805224670446477830410003662109375
-72.2409201148604012132636853493750095367431640625
-70.694106753949739641029736958444118499755859375
-81.3226480764075176921323873102664947509765625
-74.6322952316946839346201159060001373291015625
-77.4275007096508289805569802410900592803955078125
-90.6974024200176103249759762547910213470458984375
-74.1601996786434511932384339161217212677001953125
-79.6206287443947218207540572620928287506103515625
-79.7502590030105551477390690706670284271240234375
-81.1764351760838991367563721723854541778564453125
-73.5336816241829609452906879596412181854248046875
-83.967005938341600312924128957092761993408203125
-71.1060878834797449599136598408222198486328125
-80.15114101978525695813004858791828155517578125
-73.1002572846681459850515238940715789794921875
-68.9484049208937648245409945957362651824951171875
-80.206307452818606407163315452635288238525390625
-75.84327446446195608587004244327545166015625
-71.322419642677772344541153870522975921630859375
-74.4717276693072705029408098198473453521728515625
-91.3117702169133877987405867315828800201416015625
-83.6098190515413222101415158249437808990478515625
-76.17517270192735168166109360754489898681640625
-72.4028686197770667831719038076698780059814453125
-83.105959291977598013545502908527851104736328125
-82.967896328360239976973389275372028350830078125
-80.9617527752135401897248812019824981689453125
-80.306638884364616615130216814577579498291015625
-81.1041620124059221552670351229608058929443359375
-78.646901484481759325717575848102569580078125
-70.13282992344255717398482374846935272216796875
-86.655286919909343623658060096204280853271484375
-79.1633272915716617035286617465317249298095703125
-73.6564736283472569766672677360475063323974609375
-75.605731016410260281190858222544193267822265625
-83.8979879954440406208959757350385189056396484375
-79.344727088774249068592325784265995025634765625
-74.829322860457324395611067302525043487548828125
-75.1728099337639292798485257662832736968994140625
-85.109560095314947147926432080566883087158203125
-77.510760214438988668916863389313220977783203125
-77.2806380956040612772994791157543659210205078125
-73.4212706681346247705732821486890316009521484375
-87.3121359124225904224658734165132045745849609375
-63.38694615496824980027668061666190624237060546875
-73.74535887877806317192153073847293853759765625
-70.1320629356602012194343842566013336181640625
-80.29556025879713843096396885812282562255859375
-84.8525105971086048839424620382487773895263671875
-86.93688661992973720771260559558868408203125
-78.0610400761265594837823300622403621673583984375
-80.7615918724692534169662394560873508453369140625
-72.0107288387401212048644083552062511444091796875
-78.16852362148785005047102458775043487548828125
-76.9641890217812516539197531528770923614501953125
-78.35648882290814754014718346297740936279296875
-78.289667973168519665705389343202114105224609375
-78.5402291449481850804659188725054264068603515625
-74.5516953418932217800829675979912281036376953125
-80.595421793804206345157581381499767303466796875
-75.2126600363859978415348450653254985809326171875
-70.822108528265744098462164402008056640625
-77.1378508216654239504350698553025722503662109375
-73.09018718730158070684410631656646728515625
-70.725664592787182982647209428250789642333984375
-71.4946726884318337624790729023516178131103515625
-80.6276558517363497458063648082315921783447265625
-78.55295648184409174064057879149913787841796875
-75.3753628365237062780579435639083385467529296875
-79.545228184958858719255658797919750213623046875
-71.674063496004038142928038723766803741455078125
-73.5845292930115419949288479983806610107421875
-68.17500156927798116157646290957927703857421875
-79.6070473925919799285111366771161556243896484375
-84.2762645351354393596920999698340892791748046875
-75.8614393837154494804053683765232563018798828125
-76.3184187850774691241895197890698909759521484375
-86.999790010722932720454991795122623443603515625
-80.7506234616516991309254080988466739654541015625
-75.6588453914529992516690981574356555938720703125
-73.0575816092119794120662845671176910400390625
-71.041563055334307819066452793776988983154296875
-79.312823232100441828151815570890903472900390625
-86.39830017865455147330067120492458343505859375
-76.6960979125728243843695963732898235321044921875
-79.23342342975507790470146574079990386962890625
-75.07682957909452170497388578951358795166015625
-78.00952615505258336270344443619251251220703125
-82.690189578624767818837426602840423583984375
-74.3981943590226961759981350041925907135009765625
-71.9371979232109737267819582484662532806396484375
-77.69672178601177847667713649570941925048828125
-77.88835643457417745594284497201442718505859375
-75.17907582759534079741570167243480682373046875
-76.962329951940688488321029581129550933837890625
-75.2248358641030989701903308741748332977294921875
-78.601384616252971682115457952022552490234375
