38.482697
43.49455
51.66159
39.308662
48.019554
44.327217
43.902477
39.504784
44.744614
48.42127
43.09283
44.870525
37.874332
42.943844
42.743866
37.256542
42.44491
47.41143
42.255398
47.554108
46.842808
41.029797
42.12234
43.22139
48.769413
43.27967
41.530468
43.469006
50.06227
52.30157
41.391624
40.51383
47.884197
44.568398
44.747948
43.64256
40.53704
41.740112
40.018944
46.991993
39.300404
45.918095
43.561592
41.3053
39.331596
44.135498
40.33537
40.226906
38.58129
42.032707
44.52325
42.97384
49.28527
43.6101
39.334652
41.19011
48.42248
38.863132
42.213207
52.55304
39.75773
45.630783
48.02493
42.51835
40.3018
49.86891
39.67589
45.08763
40.83094
42.385185
44.95665
41.82092
39.258656
40.43735
53.50331
47.790333
40.559517
40.256027
44.236794
46.8947
43.9125
45.70157
45.79717
45.003536
39.38233
45.593678
44.04505
42.041893
42.51619
48.604492
45.167946
42.670998
44.908386
46.968655
41.15767
42.664314
45.59274
49.804203
35.368298
40.839348
39.273014
46.409435
46.444023
51.017174
45.538708
43.782394
39.04031
41.68374
43.61806
41.007797
44.691273
41.56598
43.99894
44.46911
42.77705
38.48949
42.737316
42.0429
40.528915
40.29344
45.78506
44.527363
42.605473
43.99015
40.133
42.372845
39.457752
44.92125
45.735073
41.48776
42.469093
48.192265
45.453743
42.22892
41.770798
42.77441
44.447994
51.619747
43.09551
44.427574
41.48932
42.533092
45.539547
39.270275
41.58119
41.591457
45.992985
43.128334
44.971886
43.105194
46.855125
