185516882428430403903
189241913575258083018
160495468192445010076
179510476271318465338
145074098814847968800
163857734516829668394
175131497595888666082
182478043753361100695
186831218929831798581
178565548249325587790
170741702781641822598
164672245958070877035
172601432422532755324
178320758464358228472
173873249840132494394
197212725804876470930
194267605230838231930
174720975895952063562
180761998748028046527
188574277223884256410
177081897537824357781
183517131808783046679
186686654063968076770
180287613623462881927
166592995183255033130
181784954541402960061
177088212684469240449
205052841768012189459
178116214616305757813
187233001120214376050
170479610562770933418
166537963173525486258
186599402832198170084
180078962515599978476
181308511688010785503
169513317869208944159
176198962527879758981
177806261192441151188
186661760001877050251
174330038830104637080
197936178705790385222
151837605557761893281
171384227046552451501
175590502466247206259
174408179170562197043
182245693980977795598
188613403906288756749
175919394279872322091
145250288826182504003
195640946379722388432
179252335518455199137
169744311718026243946
195706260077777818385
219343513833206585519
179387362858628788707
180503344530640661213
177177988333466428261
167626664491302449093
171944437726274469057
183264584100150870238
175302652077052127135
189748784168017034017
181937182227418463232
165377880855049520203
158641958281525062618
174024793699550771274
181019273229419805587
172888586042231940817
177851994586704195817
174237124560259328988
155181653361239312683
181737261722089504863
220829001274963981243
176704921486078893371
187897745310743375264
168503641936806478850
176701444686365281947
211080359256043738190
173990720517905232300
177393457085977045054
183048779873394008793
187930541845844092239
171447515492434877609
184246812275378640470
202847001054549242094
158618591597164914626
178821230657476270199
175930177613085178961
179709345069858796309
182172995738703715310
168292494988887150801
173169771988159286935
191954243133998096514
169938889350410131861
191751770024860313479
173640547022919372456
200276546209573683859
220523743832828635688
36201831285029442964
179003721344142042009
184567651879879329121
182583066659596152853
161267035380631871616
162071235041256931455
176450135123438271712
211224864231397541572
211359194958030558973
213898675095633518123
189222539902493421476
191384803068386914236
169319672676478171666
191440296684746522457
183930165285455433869
172654090099177450722
168921685518235854459
174344936633193102371
170501167236833959909
168480792714251550973
207967095366891431362
183591048834791337805
182111045275868620515
214884927564583015204
185480654093800963882
174663229202463199635
219656670714112637985
176317417112527490550
188109248434716345912
171739334458547782353
196097536580048003506
156493660679662357183
168122511193256104416
177196865392802276844
177577228749944018531
188959261451862733757
177782093045273988337
169642258007700361138
173556610380837826579
191124531118630150087
174083424737168614970
195565030575598435231
175253061280522188609
179214926557315603545
197883897285057133499
160725577139635643854
195046903132089342766
185099012926333239354
188973702533685072380
182840724201111257042
204372079909690245392
181639988450116625577
185433593563138548850
