0.00218414581848951072640119264178792946040630340576171875
0.003222274938352966307253399946830541011877357959747314453125
0.0431577625804360487382638211784069426357746124267578125
0.0047971284513041480279671446851352811791002750396728515625
0.005616957010072204901918180297570870607160031795501708984375
0.0234652950209659101610260023562659625895321369171142578125
0.022645303631671200028652179980781511403620243072509765625
0.028565504549480626172996977629736647941172122955322265625
0.0138392964062467350994101167316330247558653354644775390625
0.03543994292860748462903330846529570408165454864501953125
0.0260888308144665292953590096658444963395595550537109375
0.0018394139310367887095443162337460307753644883632659912109375
0.031387175816208166823084724228465347550809383392333984375
0.0079535148608646487333739827363388030789792537689208984375
0.00174320913209245580144379772491447511129081249237060546875
0.037114552829007434187058578345386194996535778045654296875
0.004782524382923751538054801812904770486056804656982421875
0.0207030329672074249469648776766916853375732898712158203125
0.040621006710527762795237549653393216431140899658203125
0.0245711203649432267936969509491973440162837505340576171875
0.01031985730791249757098970718516284250654280185699462890625
0.0255078746612930583326228628493481664918363094329833984375
0.0180895411986966882234018072495018714107573032379150390625
0.000863139045774524000208260954281058729975484311580657958984375
0.0000206482484883261098690225565643885374811361543834209442138671875
0.007480882505217090715221583963057128130458295345306396484375
0.0243435761291746106949052119716725428588688373565673828125
0.034972871538168102956145588677827618084847927093505859375
0.017364625826667416663706688950696843676269054412841796875
0.03480280022889130353558329034058260731399059295654296875
0.0202331027910981862960593247180440812371671199798583984375
0.0020669699328323375142613116395295946858823299407958984375
0.00414749368674067510343039799636244424618780612945556640625
0.06063904015187161766764489811976091004908084869384765625
0.007439865755691377029179545132819839636795222759246826171875
0.035011554781904700994754620069215889088809490203857421875
0.026550303987031474706181910505620180629193782806396484375
0.005385968629257102679996904726067441515624523162841796875
0.016334634170834326505339362256563617847859859466552734375
0.053681088385834872800383976709781563840806484222412109375
0.0303224053939490541254020428141302545554935932159423828125
0.003284202212442564362826491475289003574289381504058837890625
0.032001108928225836802727855001649004407227039337158203125
0.01025411615043407727310142973919937503524124622344970703125
0.00181089972961555323305304909808910451829433441162109375
0.006957562502210758691167935552357448614202439785003662109375
0.04693459700243689247667333575009251944720745086669921875
0.01048899598655221761245304179510640096850693225860595703125
0.0169026043379903768981709077934283413924276828765869140625
0.01269078171361572547615192974035380757413804531097412109375
0.053627811015914843284502211417930084280669689178466796875
0.010496857234342162057405545283472747541964054107666015625
0.013081745483324476453379503482210566289722919464111328125
0.000843608762122556392858141460777687825611792504787445068359375
0.002198955404567513871594286456456757150590419769287109375
0.0024943499924097206794926240291943031479604542255401611328125
0.02046923028592122217883542134586605243384838104248046875
0.004428241454755750712568573845828723278827965259552001953125
0.008059202701182273387292553934457828290760517120361328125
0.03879053075779727299821075803265557624399662017822265625
0.00432344190290788292496682032606258871965110301971435546875
0.0497398790516360989055755226218025200068950653076171875
0.007512212685654274559043930281632128753699362277984619140625
0.049733787847510944890583317601340240798890590667724609375
0.0164130198053336930075207789059277274645864963531494140625
0.0218523289411044763230762555394903756678104400634765625
0.0024423089961475817621927575373774743638932704925537109375
0.077206579191139657059039791420218534767627716064453125
0.0247227761145967193934236405539195402525365352630615234375
0.00677655265344801090166004797765708644874393939971923828125
0.001529252689691683146644418656023844960145652294158935546875
0.006162725106061440853710831078160481411032378673553466796875
0.0106180450130331817393258830861668684519827365875244140625
0.003935368220651064112558525920348984072916209697723388671875
0.01254012411866871866406025759488329640589654445648193359375
0.01117596701865982040946523312641147640533745288848876953125
0.02152284857362492254129193725020741112530231475830078125
0.0001365324109575758305783199642036151999491266906261444091796875
0.01237049887353583628446518360988193308003246784210205078125
0.0353242672724743689283144476576126180589199066162109375
0.04279367246701258620245056363273761235177516937255859375
0.01415077194494492041076938448895816691219806671142578125
0.034132117473046987010665276329746120609343051910400390625
0.0232307293233737673088246111774424207396805286407470703125
0.01159965348732192556846509745582807227037847042083740234375
0.1010612697886577870942659274078323505818843841552734375
0.0290151336983882519870991956167927128262817859649658203125
0.0000002497593181163406589722080115845148640119077754206955432891845703125
0.0727147499135505359646458600764162838459014892578125
0.00981846019581139074772213604092030436731874942779541015625
0.0158246802970792889431184136128649697639048099517822265625
0.0170348403250114056872721590707442373968660831451416015625
0.01533556179986917712698701876661289134062826633453369140625
0.0027720472960940348468306115847781256888993084430694580078125
0.0272933964347152925589146121865269378758966922760009765625
0.0033079976937925299577958337948757616686634719371795654296875
0.000757067826363076105782023983437056813272647559642791748046875
0.036052135316131155018393172895230236463248729705810546875
0.0200022438588073440957071369439290720038115978240966796875
0.0305971598696521650262436509137842222116887569427490234375
0.035992747275122007055703221567455329932272434234619140625
0.032246468873434679103251454534984077326953411102294921875
0.03730448559740685843255647569094435311853885650634765625
0.07556447405721071486350837176360073499381542205810546875
0.026015610279506440338792572219972498714923858642578125
0.005693916028504456862402438588333097868598997592926025390625
0.0190786300312650487776000574058343772776424884796142578125
0.00481175505487875521115626042956137098371982574462890625
0.007434109138182653196691429542397600016556680202484130859375
0.02568549981912469915013019772231928072869777679443359375
0.032741322059207760009069687612281995825469493865966796875
0.039644385094989964546385863286559469997882843017578125
0.0234075989490629444989000518262400873936712741851806640625
0.0147744437558340220573160905814802390523254871368408203125
0.0118473621925553988798451854336235555820167064666748046875
0.0281471099050301480637426010389390285126864910125732421875
0.00000000000000000005344263761436997529279012658514590476591514624012750601066146227680064839660190045833587646484375
0.00648634683995361928376954807617948972620069980621337890625
0.0244519883537258307659723044480415410362184047698974609375
0.002674154857966774649635777194589536520652472972869873046875
0.00705072480790618592860763413909808150492608547210693359375
0.00410235844624429017712952116880842368118464946746826171875
0.00633507482380785656717048226482802419923245906829833984375
0.0261055278374034659127911339737693197093904018402099609375
0.0105554253671500501698954366247562575154006481170654296875
0.0003108460179417039882972251252368778295931406319141387939453125
0.021211615001601395735786326213201391510665416717529296875
0.0081991490499337855990535928185636294074356555938720703125
0.006527346718993069785152982831277768127620220184326171875
0.004805302911429353875105707771808738471008837223052978515625
0.027738488540577643792772732922458089888095855712890625
0.001986963612288263937577514894883279339410364627838134765625
0.016266171959044790906734334612337988801300525665283203125
0.0299552009113624763403382900150973000563681125640869140625
0.0365434192841395943940341339839505963027477264404296875
0.01177119153490735307954206945169062237255275249481201171875
0.030915940081306943210126547683103126473724842071533203125
0.04722438801495536242480710598101723007857799530029296875
0.0031768163290625023482960376242090205778367817401885986328125
0.0182693191565596081693545471580364392139017581939697265625
0.01364302210559080637264361968163939309306442737579345703125
0.03578438582677696822020863010038738138973712921142578125
0.01036918528090375983541360227491168188862502574920654296875
0.0338310997093180521044786246420699171721935272216796875
0.040269518646302439324191624336890527047216892242431640625
0.0130694456151587527770185914732792298309504985809326171875
0.000401245986480613394363492485439337542629800736904144287109375
0.0294853571749954974923202399850197252817451953887939453125
0.020396335869744597335539992855046875774860382080078125
0.0032180643239031179493603307406601743423379957675933837890625
0.0470874068818385727031028409328428097069263458251953125
