-2.021559905409812785137546597979962825775146484375
-2.026680413484573506366359652020037174224853515625
-2.029426161050796650897609652020037174224853515625
-2.223239514827728413592922152020037174224853515625
-2.001166608333587504375827847979962825775146484375
-1.9321288618445395801614949959912337362766265869140625
-1.8883748215436935158351161589962430298328399658203125
-2.058196126818657045731697508017532527446746826171875
-1.883660111129283887265728480997495353221893310546875
-2.162205630540847689502470529987476766109466552734375
-2.13824590742588060976459019002504646778106689453125
-1.9958192670345307195844952730112709105014801025390625
-2.0692710822820661320520230219699442386627197265625
-2.06621040701866132138775355997495353221893310546875
-1.954809020757675153134869105997495353221893310546875
-2.028388320207595629796060165972448885440826416015625
-2.342648859620094281552837855997495353221893310546875
-1.9855033716559409295854266019887290894985198974609375
-1.8122122249007224237260516019887290894985198974609375
-2.122804902195930321084915703977458178997039794921875
-1.8625537085533141468118856209912337362766265869140625
-2.0589261746406553044153042719699442386627197265625
-1.8985917589068412869579560720012523233890533447265625
-2.21363864183425906873026178800500929355621337890625
-2.085387055277824419619037144002504646778106689453125
-2.280038599371910112978412144002504646778106689453125
-2.09327161967754360460958196199499070644378662109375
-2.050846946835517936591486432007513940334320068359375
-1.909776972234249026172392404987476766109466552734375
-1.89338047891855243420877741300500929355621337890625
-2.070370022654533403994037144002504646778106689453125
-2.1122436392307282204683360760100185871124267578125
-2.28440210521221143125103480997495353221893310546875
-1.8916031432151794167140224089962430298328399658203125
-1.7569724473357200000833699959912337362766265869140625
-2.0096934640407564387487582280300557613372802734375
-2.047961057424545483485189834027551114559173583984375
-2.078362596631050163153986432007513940334320068359375
-1.972242275774478859062810442992486059665679931640625
-2.059530380964279316913234652020037174224853515625
-2.19388937115669246935567571199499070644378662109375
-1.97214529752731326794901178800500929355621337890625
-1.913474072217941301943255894002504646778106689453125
-1.9490378198027611400533487540087662637233734130859375
-2.159304105043411414754928046022541821002960205078125
-2.006646152138710004209087855997495353221893310546875
-1.9026913902163504754838641019887290894985198974609375
-2.042293339371681337723885008017532527446746826171875
-1.963497204184532218818048932007513940334320068359375
-2.056188203096389610635696953977458178997039794921875
-1.94982611477375034070291803800500929355621337890625
-1.9903018742799758467043602649937383830547332763671875
-2.02803831815719615150328536401502788066864013671875
-2.162931274175643903134869105997495353221893310546875
-1.910044934153556805966900355997495353221893310546875
-1.997565213143825513242290980997495353221893310546875
-2.106919832825660865438521796022541821002960205078125
-1.977440129518508893369244105997495353221893310546875
-2.19900023281574252820291803800500929355621337890625
-2.004663474559783775674759453977458178997039794921875
-1.9745524239540099831202724089962430298328399658203125
-1.9616837322711944135988915149937383830547332763671875
-2.0877993386983870749418201739899814128875732421875
-1.9886502239108085898777744660037569701671600341796875
-2.033524578809738247997529470012523233890533447265625
-1.9253716024756430957864949959912337362766265869140625
-2.088016166090965075596841415972448885440826416015625
-2.1005233246088028664644298260100185871124267578125
-1.94935203433036807751932428800500929355621337890625
-1.90156351298093806434508223901502788066864013671875
-2.071649929881095975048310720012523233890533447265625
-1.8770740443468094671430890230112709105014801025390625
-2.1278948390483858332800082280300557613372802734375
-2.226319845318794232724712855997495353221893310546875
-2.08025194048881534314432428800500929355621337890625
-2.144977014660835124004734097979962825775146484375
-1.9929494813084602800046241100062616169452667236328125
-2.153793100714683550478412144002504646778106689453125
-1.9795028910040854963625633899937383830547332763671875
-2.000908913612365669365544817992486059665679931640625
-2.065167510509490877979033029987476766109466552734375
-2.1746674942970276589448985760100185871124267578125
-1.98125346004962921142578125
-2.242931476235389798290498220012523233890533447265625
-1.991152326166629737969060442992486059665679931640625
-1.9494470396637917364301983980112709105014801025390625
-2.05707921087741851806640625
-2.11144341826438886045025355997495353221893310546875
-1.850728992819786089540912144002504646778106689453125
-2.138251129984855669619037144002504646778106689453125
-2.035855116844177192803044817992486059665679931640625
-2.205782320499420023907077847979962825775146484375
-1.9779195481538771606011550829862244427204132080078125
-1.9269708532094955710789463410037569701671600341796875
-1.9409086450934409651125633899937383830547332763671875
-1.948571689426898956298828125
-2.07813838958740237927713678800500929355621337890625
-2.10613793611526478599671463598497211933135986328125
-2.694244921207427978515625
-1.96278049707412716173848821199499070644378662109375
-1.8504498142004013327976963410037569701671600341796875
-1.97353911668062220741148848901502788066864013671875
-1.911298426389694160576482317992486059665679931640625
-2.02535454273223880505838678800500929355621337890625
-2.086084395051002626786385008017532527446746826171875
-2.06264854669570940615130894002504646778106689453125
-2.003975782394409321796047152020037174224853515625
-1.9786269843578339067136084850062616169452667236328125
-1.9372906082868575072808425829862244427204132080078125
-1.77703051924705501818380071199499070644378662109375
-2.012986139655113415614096084027551114559173583984375
-2.02946359395980824302796463598497211933135986328125
-2.033450736403465075596841415972448885440826416015625
-2.2464530897140502219144764239899814128875732421875
-2.04556097924709323621073053800500929355621337890625
-2.024660658240318156231296597979962825775146484375
-2.22010866284370411705140213598497211933135986328125
-2.182920832633972185732318394002504646778106689453125
-2.004801532030105359893923377967439591884613037109375
-2.1269917732477185978723355219699442386627197265625
-1.8970715299248694929445946399937383830547332763671875
-1.9003615447878836608452957079862244427204132080078125
-1.96039716243743900037088678800500929355621337890625
-2.279146744608878893956216415972448885440826416015625
-2.1559608632326128230261019780300557613372802734375
-1.91526539146900187660094161401502788066864013671875
-2.00923082888126369738301946199499070644378662109375
-1.957918311953544598935650355997495353221893310546875
-1.9439952328801155534421241100062616169452667236328125
-1.91880908519029613756856633699499070644378662109375
-2.0614332574605942483003673260100185871124267578125
-1.8640995591878890547121727649937383830547332763671875
-2.133910970091819958582846084027551114559173583984375
-1.891835073530673927422185442992486059665679931640625
-1.8749327284097672130513956290087662637233734130859375
-2.0678417700529099221284923260100185871124267578125
-1.97639849513769139122132401098497211933135986328125
-1.9249491125345230546628272350062616169452667236328125
-1.982396241724491137148334019002504646778106689453125
-2.0844701212644576315824451739899814128875732421875
-1.9320915371179581132565772350062616169452667236328125
-2.08651732742786411023416803800500929355621337890625
-2.0249022525548934225980701739899814128875732421875
-1.972493188977241462822576067992486059665679931640625
-2.176026419997215466395346084027551114559173583984375
-1.997676572203636258251435720012523233890533447265625
-2.221386213302612322451068394002504646778106689453125
-1.99036882162094119763651178800500929355621337890625
-2.01629864692687998939391036401502788066864013671875
-2.288885810971259981982939279987476766109466552734375
-1.723322103321552223320622942992486059665679931640625
