666.878566741943359375
636.67678165435791015625
679.7526471614837646484375
664.3097832202911376953125
667.8995513916015625
661.801521778106689453125
668.3269159793853759765625
675.429653644561767578125
667.0162851810455322265625
646.577728271484375
666.728097438812255859375
675.1054356098175048828125
665.8395969867706298828125
661.9841136932373046875
674.0831549167633056640625
660.4661376476287841796875
637.00841522216796875
674.7075212001800537109375
643.7739887237548828125
645.3048000335693359375
672.23846435546875
667.57597064971923828125
671.15532207489013671875
638.166577816009521484375
658.0510923862457275390625
650.3146011829376220703125
665.5893609523773193359375
669.602649211883544921875
649.1384131908416748046875
671.0851080417633056640625
665.5841772556304931640625
667.3981914520263671875
668.4136497974395751953125
667.22985935211181640625
636.0577886104583740234375
642.314524173736572265625
643.196479320526123046875
666.2616226673126220703125
666.6412470340728759765625
647.35118007659912109375
668.737864017486572265625
648.0413863658905029296875
652.214657306671142578125
666.6682453155517578125
665.948359966278076171875
637.704282283782958984375
668.0108489990234375
655.7801015377044677734375
648.1206815242767333984375
641.915769100189208984375
656.134135723114013671875
677.5624454021453857421875
669.208225727081298828125
647.9267718791961669921875
647.1344931125640869140625
639.11295795440673828125
665.1488964557647705078125
641.8349933624267578125
642.5856533050537109375
672.432339191436767578125
671.39576435089111328125
661.8998889923095703125
686.112887859344482421875
669.8170258998870849609375
669.7815883159637451171875
634.8026294708251953125
649.384566783905029296875
677.0721600055694580078125
677.2335455417633056640625
669.5348627567291259765625
655.1707661151885986328125
664.61822032928466796875
664.3803081512451171875
639.271800994873046875
637.8377530574798583984375
673.13761615753173828125
682.9158470630645751953125
666.3301141262054443359375
675.254894733428955078125
683.77875518798828125
663.2213723659515380859375
672.016582012176513671875
663.246370792388916015625
672.4098870754241943359375
669.469045162200927734375
658.8478851318359375
663.7959506511688232421875
656.4558868408203125
673.566734790802001953125
671.5215961933135986328125
675.15829372406005859375
670.1444995403289794921875
672.3386099338531494140625
681.6288726329803466796875
669.48511981964111328125
665.1797859668731689453125
675.7360818386077880859375
673.25624942779541015625
645.982160091400146484375
654.367744922637939453125
667.1483304500579833984375
647.042507171630859375
665.2933471202850341796875
648.9648411273956298828125
637.552563190460205078125
660.1551649570465087890625
678.2975788116455078125
686.97283840179443359375
670.7023351192474365234375
660.0692310333251953125
686.9816167354583740234375
653.0747458934783935546875
674.3849928379058837890625
672.050932407379150390625
665.3830564022064208984375
668.4157161712646484375
673.7312958240509033203125
663.9319379329681396484375
641.3337042331695556640625
672.1396386623382568359375
674.238037109375
638.91130352020263671875
672.4835283756256103515625
650.95483112335205078125
651.48941135406494140625
667.6274178028106689453125
652.3289406299591064453125
663.99618244171142578125
636.095438480377197265625
655.8289220333099365234375
638.497998714447021484375
671.96950244903564453125
677.603513240814208984375
668.75741100311279296875
649.697353839874267578125
671.8497765064239501953125
673.18563747406005859375
657.9006440639495849609375
655.622874736785888671875
660.0905821323394775390625
675.56945133209228515625
662.1888267993927001953125
654.8802125453948974609375
674.7564613819122314453125
668.2550563812255859375
669.4970991611480712890625
672.0992400646209716796875
646.62404537200927734375
671.1893951892852783203125
653.4331605434417724609375
658.24441242218017578125
