651.2299354076385498046875
647.1543681621551513671875
624.342023372650146484375
631.678172588348388671875
656.343349933624267578125
669.235464572906494140625
652.4571990966796875
663.9349586963653564453125
648.044277667999267578125
644.8188235759735107421875
642.11356067657470703125
664.1029613018035888671875
640.745791912078857421875
645.289048671722412109375
657.8163025379180908203125
643.866063594818115234375
654.1914043426513671875
653.6046698093414306640625
651.047925472259521484375
638.3459146022796630859375
652.33693981170654296875
664.7074639797210693359375
664.990055084228515625
662.0373151302337646484375
680.030183315277099609375
675.4962842464447021484375
656.70700359344482421875
660.8758270740509033203125
666.43707370758056640625
675.9972102642059326171875
673.1866977214813232421875
650.3368327617645263671875
674.1852161884307861328125
659.446250438690185546875
668.7782137393951416015625
667.2569577693939208984375
641.0015332698822021484375
648.754652500152587890625
655.1424520015716552734375
649.63710117340087890625
658.6283588409423828125
675.151913166046142578125
665.43111133575439453125
638.9857757091522216796875
661.0456902980804443359375
663.5849144458770751953125
636.43570709228515625
639.95508670806884765625
649.7695772647857666015625
644.811037540435791015625
661.2804257869720458984375
672.74737834930419921875
673.979362010955810546875
655.6507141590118408203125
683.9174973964691162109375
657.1562259197235107421875
648.6628551483154296875
661.2337133884429931640625
639.0506236553192138671875
642.17654132843017578125
636.3890225887298583984375
649.708696842193603515625
661.778029918670654296875
656.141037464141845703125
653.6542365550994873046875
658.235980987548828125
639.229480743408203125
638.88022899627685546875
646.5934336185455322265625
634.4584572315216064453125
647.0125119686126708984375
662.0683739185333251953125
661.2480132579803466796875
660.4383976459503173828125
640.76067066192626953125
661.542183399200439453125
647.50173187255859375
640.741076946258544921875
635.818580150604248046875
649.9481136798858642578125
660.7995426654815673828125
643.8615300655364990234375
661.91949558258056640625
658.9965474605560302734375
652.096194744110107421875
657.7170314788818359375
661.1965389251708984375
665.918404102325439453125
650.052478790283203125
664.034617900848388671875
665.1747524738311767578125
641.2127435207366943359375
675.288041591644287109375
639.8560159206390380859375
644.862987041473388671875
637.111797332763671875
664.1974732875823974609375
657.9559650421142578125
662.8091583251953125
656.560859203338623046875
651.143474102020263671875
648.636744022369384765625
653.397686004638671875
631.3088886737823486328125
654.9145810604095458984375
642.5983998775482177734375
661.1295025348663330078125
665.168534755706787109375
639.868146419525146484375
628.9466674327850341796875
656.1233875751495361328125
638.9726707935333251953125
653.2135066986083984375
633.961441516876220703125
662.260769367218017578125
658.3193991184234619140625
661.0224363803863525390625
639.312932491302490234375
650.7961819171905517578125
667.9088518619537353515625
645.0282115936279296875
659.621533870697021484375
664.5698444843292236328125
637.776868343353271484375
645.238425731658935546875
654.449566364288330078125
664.031342029571533203125
643.155057430267333984375
643.4097692966461181640625
655.8020617961883544921875
648.2313644886016845703125
645.2386868000030517578125
653.870975017547607421875
656.158960819244384765625
661.0960185527801513671875
662.416058063507080078125
649.5569527149200439453125
665.0184295177459716796875
660.1441004276275634765625
657.5378258228302001953125
638.915565013885498046875
635.448683261871337890625
640.742542743682861328125
649.1205883026123046875
660.58023834228515625
666.1977431774139404296875
650.8253600597381591796875
673.204791545867919921875
671.60107517242431640625
657.1761267185211181640625
665.59598064422607421875
