0.6217269292038245520615191708202473819255828857421875
0.59620921695866158085408414990524761378765106201171875
0.63830571378345635213946707153809256851673126220703125
0.639800359976602894818142885924316942691802978515625
0.64625410445676056969688261233386583626270294189453125
0.63864481359210734101594653111533261835575103759765625
0.650588493985343685466204988188110291957855224609375
0.6345338384098442308101084563531912863254547119140625
0.6136417531608107100993265703436918556690216064453125
0.64428493906595163398520753617049194872379302978515625
0.65557781326603292715304860394098795950412750244140625
0.61940164999565128223224519388168118894100189208984375
0.63149652018926871743786932711373083293437957763671875
0.6215347088705505118610972203896380960941314697265625
0.63115336284185319382089573991834186017513275146484375
0.62301133435022515438816981259151361882686614990234375
0.608829056390690848132862811326049268245697021484375
0.62282199848951280696240928591578267514705657958984375
0.61257111317084278478972692028037272393703460693359375
0.63356790816135177824008906100061722099781036376953125
0.61899860724134481149150133205694146454334259033203125
0.640034116682361542416401789523661136627197265625
0.62493830279285689233148559651453979313373565673828125
0.616755178587220509456301442696712911128997802734375
0.6454000375668567102138695190660655498504638671875
0.6334617692815651679438815335743129253387451171875
0.6350752778549952903830444483901374042034149169921875
0.58015304484460872291862187921651639044284820556640625
0.632414672643348385605577277601696550846099853515625
0.5923538042939313630341757743735797703266143798828125
0.64741161146904724343897896687849424779415130615234375
0.64915201185867632549530981123098172247409820556640625
0.61090105171774877756973864961764775216579437255859375
0.59060643836336368384110073748161084949970245361328125
0.60704223604101648081865505446330644190311431884765625
0.63578836150317818987076634584809653460979461669921875
0.62277016985026245610157502596848644316196441650390625
0.6166817884008815031648964577470906078815460205078125
0.615018350518558687411996288574300706386566162109375
0.65179807955161173094182913700933568179607391357421875
0.6177152851445202319524696576991118490695953369140625
0.62389456899805140199788411337067373096942901611328125
0.650813794681465385139063073438592255115509033203125
0.6247656529766711930307110378635115921497344970703125
0.63264476809318159755690658130333758890628814697265625
0.61428274853175413028338880394585430622100830078125
0.60572856172217426351522817640216089785099029541015625
0.5838894345794642948277441973914392292499542236328125
0.64758501094310505497020358234294690191745758056640625
0.61155632803960491283845612997538410127162933349609375
0.6287446179072653240638146598939783871173858642578125
0.64620849636748778355155309327528811991214752197265625
0.6099139238556288145076678119949065148830413818359375
0.53213480381306077493519524068688042461872100830078125
0.6276837102668597623278401442803442478179931640625
0.61473903473464652780222650108044035732746124267578125
0.6382141794887885577480801657657139003276824951171875
0.64847460467175521703353524571866728365421295166015625
0.6269676380589859210346048712381161749362945556640625
0.631208889518565019471907362458296120166778564453125
0.6343646840583840873506460411590524017810821533203125
0.62890250120173696313230493615265004336833953857421875
0.60778751200119673914201712250360287725925445556640625
0.63456045039070085866939052721136249601840972900390625
0.643533610917319531807834209757857024669647216796875
0.63975975309930810386305211068247444927692413330078125
0.59519218179956201453251196653582155704498291015625
0.6293161679629035720751062399358488619327545166015625
0.6346638712142047555886392729007638990879058837890625
0.64236550237779754812805776964523829519748687744140625
0.66649876876270364167709203684353269636631011962890625
0.61785446490738638036788188401260413229465484619140625
0.58609613095767165713567692364449612796306610107421875
0.6566944137443020412803207364049740135669708251953125
0.63018096448459726133251024293713271617889404296875
0.6443828431812750334728434609132818877696990966796875
0.6335646003395838388172478516935370862483978271484375
0.5467950615853915952158104119007475674152374267578125
0.630938548373781049605213411268778145313262939453125
0.6089803884593509852862780462601222097873687744140625
0.63497998568631641713722046915790997445583343505859375
0.607422657887278116817242334946058690547943115234375
0.63613842870966241793695417072740383446216583251953125
0.6344621258336429203694706302485428750514984130859375
0.54570021321526329671769417473115026950836181640625
0.68858800448272805549976283145952038466930389404296875
0.60501547749679784882204103269032202661037445068359375
0.62400298814942656289161959648481570184230804443359375
0.61453386535815857083520086234784685075283050537109375
0.6108557976932031952088664183975197374820709228515625
0.6489307979212053378859081931295804679393768310546875
0.643720075296140503695596635225228965282440185546875
0.59956361911279765219973114653839729726314544677734375
0.6151832243287229662342951996834017336368560791015625
0.60983956379078130272120006338809616863727569580078125
0.63294504077576885237021997454576194286346435546875
0.6080846685108418636644955768133513629436492919921875
0.59035857626523036145727019174955785274505615234375
0.446920433635188685261852015173644758760929107666015625
0.62237951841812255704411427359445951879024505615234375
0.6113647767682366396257975793560035526752471923828125
0.62717471059810436795345367499976418912410736083984375
0.65478887358670057050602508752490393817424774169921875
0.6233847583544172010761030833236873149871826171875
0.64032518626944112671850461993017233908176422119140625
0.5801051868489504048653770951204933226108551025390625
0.55334646368735185273379784121061675250530242919921875
0.57189607774977491150281139198341406881809234619140625
0.6124768824613326945183189309318549931049346923828125
0.55078396134577101150853195576928555965423583984375
0.63889618093096089967986017654766328632831573486328125
0.58109344767009341037322656120522879064083099365234375
0.61559762908662130076464791272883303463459014892578125
0.6449909097326746998390945009305141866207122802734375
0.641891501002666675645969007746316492557525634765625
0.636023391571302720848279932397417724132537841796875
0.62555323664254880444701711894595064222812652587890625
0.5930119898384711429883964228793047368526458740234375
0.58644489873467298135523151358938775956630706787109375
0.63741095127098212902438945093308575451374053955078125
0.6207536438636964692960873435367830097675323486328125
0.56543513154868796366514516194001771509647369384765625
0.629066944132727012828354418161325156688690185546875
0.63752691592078225557571613535401411354541778564453125
0.570680162314630479158950038254261016845703125
0.6287990578877009628655514461570419371128082275390625
0.6193885577807158870911052872543223202228546142578125
0.64788799987941436686611496043042279779911041259765625
0.58680805845905414930285814989474602043628692626953125
0.65391592544364007810742123183445073664188385009765625
0.62879068393044457163654215037240646779537200927734375
0.6186412385589596940604906194494105875492095947265625
0.63436895788960734332562196868821047246456146240234375
0.60421078660899840695464035889017395675182342529296875
0.61197292599971520044022099682479165494441986083984375
0.633161017228857314620427132467739284038543701171875
0.6166059583844727409740471557597629725933074951171875
0.62042685407672271136192421181476674973964691162109375
0.64598408083491010156507172723650000989437103271484375
0.61305341638209676080606413961504586040973663330078125
0.6424045604952841603818569637951441109180450439453125
0.62961875932803945676852208634954877197742462158203125
0.548968770881427037267030755174346268177032470703125
0.6308748810202569057281607456388883292675018310546875
0.59925439871639374356249163611209951341152191162109375
0.64057489734649764034912777788122184574604034423828125
0.6062057012234467467948206831351853907108306884765625
0.63827117946447042839963614824227988719940185546875
0.5477760818425145838972412093426100909709930419921875
0.61852173270850807629273049315088428556919097900390625
0.63592434587907431531306201577535830438137054443359375
