0.153186158280844308965384925613761879503726959228515625
0.1254506791845881041869148475598194636404514312744140625
0.129649094567720002402211321168579161167144775390625
0.148637033142285712727925783838145434856414794921875
0.11187265814590870161016056272273999638855457305908203125
0.1265430783217594001843764317527529783546924591064453125
0.1409386188947142903860054730103001929819583892822265625
0.1634424370050193975334451579328742809593677520751953125
0.1363771801673832884116421837461530230939388275146484375
0.12299051095476680461882068584600347094237804412841796875
0.1454600721720800959868569179889163933694362640380859375
0.131488787334655798932914194665499962866306304931640625
0.1357647353681805946212790559002314694225788116455078125
0.150490301415393601391912170583964325487613677978515625
0.13437693544860029870591233702725730836391448974609375
0.1613055882347715075386673788671032525599002838134765625
0.1505943943228618964180753891923814080655574798583984375
0.135733399280278999032844922112417407333850860595703125
0.1432044939985332998588773989467881619930267333984375
0.1543166369283583971849793670116923749446868896484375
0.12328216993683470403819768534958711825311183929443359375
0.158054522502797112348815744553576223552227020263671875
0.1490592525152472924698798806275590322911739349365234375
0.145916157139586999402780520540545694530010223388671875
0.143309671811195193935617453462327830493450164794921875
0.1456171159574072004883049658019444905221462249755859375
0.1495026085400703863559357387202908284962177276611328125
0.1433216107802784133884443917850148864090442657470703125
0.150334148556169500121626469990587793290615081787109375
0.15099715264418589466544062815955840051174163818359375
0.1486149626612323915164637355701415799558162689208984375
0.1505027249123163102240141597576439380645751953125
0.141583895091866196480623329989612102508544921875
0.114537304616676605117930876076570712029933929443359375
0.1439269587428551877561488936407840810716152191162109375
0.1351352309264317874681893272281740792095661163330078125
0.1515230360608831039481714242356247268617153167724609375
0.1378963393877578880175605036129127256572246551513671875
0.155151437388136803630089843863970600068569183349609375
0.14466471936094860151200691689155064523220062255859375
0.1538457907086910048111150217664544470608234405517578125
0.11323468005869409547248238823158317245543003082275390625
0.1405337973233282966578627792841871269047260284423828125
0.12337206376696339960030712745719938538968563079833984375
0.1322779633104416985300844089579186402261257171630859375
0.146552184158655396384318692071246914565563201904296875
0.1451778412627673098267422346907551400363445281982421875
0.117613094296129094828984307241626083850860595703125
0.1247026204016963013554430972362752072513103485107421875
0.1582812673890492127792839482935960404574871063232421875
0.1482671318930597059715381647038157097995281219482421875
0.1376956748471115099530237557701184414327144622802734375
0.1353131871643221961765135574751184321939945220947265625
0.1412248362727483996792443576850928366184234619140625
0.15263267666603230754418518699822016060352325439453125
0.1391284231804321980252581170134362764656543731689453125
0.1383181827265997920761719797155819833278656005859375
0.1499511834374543106651600510303978808224201202392578125
0.1408952323104399884101667339564301073551177978515625
0.15396848489376591118116266443394124507904052734375
0.1425974832750183940444088648291653953492641448974609375
0.1531637535886823109354537564286147244274616241455078125
0.1370789642318913925667089870330528356134891510009765625
0.1163364633640737999531467039560084231197834014892578125
0.13549591034296259994818001359817571938037872314453125
0.14711235212633611002530642508645541965961456298828125
0.138425908254594387525315823950222693383693695068359375
0.142138648600297401447534184626420028507709503173828125
0.1392923673863595002142545808965223841369152069091796875
0.1447948329530582001201111097543616779148578643798828125
0.126773136829078703069484390653087757527828216552734375
0.1503570573150213862678725718069472350180149078369140625
0.163877956248932310501231768284924328327178955078125
0.14912284964678279575167607617913745343685150146484375
0.1511683332844377114501099867993616499006748199462890625
0.1328029919026217087196783950275857932865619659423828125
0.149906882909914995760658484869054518640041351318359375
0.1360876808059627018909765183707349933683872222900390625
0.1389417479291369106331188731928705237805843353271484375
0.1253891205020548904602861739476793445646762847900390625
0.1572284679830981135584266894511529244482517242431640625
0.1418905714748988078355296238441951572895050048828125
0.11954520546035800332429488435082021169364452362060546875
0.1542783972597167874152290778511087410151958465576171875
0.1570696509555571107608074044037493877112865447998046875
0.13571667070659299003665410054964013397693634033203125
0.11704169529363879498351508345876936800777912139892578125
0.1414081423291121131224912232937640510499477386474609375
0.1347063622908026003788251045989454723894596099853515625
0.1302599048775869017280371053857379592955112457275390625
0.15210814491616508892235515304491855204105377197265625
0.132412431866310187356106098377495072782039642333984375
0.148528300631040999224552479063277132809162139892578125
0.12562660570446759766838340510730631649494171142578125
0.1569600793414737960329574661955120973289012908935546875
0.1439925654161303969491569887395598925650119781494140625
0.15199127891192809602927127343718893826007843017578125
0.1527569154763815106878865890394081361591815948486328125
0.03287080436427759766448986056275316514074802398681640625
0.1374290271870932944597853975210455246269702911376953125
0.15430163621452830380320619951817207038402557373046875
0.141967359109413104878427702715271152555942535400390625
0.12419350817846559753565571782019105739891529083251953125
0.1315724855022961936601433308169362135231494903564453125
0.139004534646627597727075453803990967571735382080078125
0.1560556910094307025982374170780531130731105804443359375
0.1369297887477808062239859054898261092603206634521484375
0.149459558692279392833057727330015040934085845947265625
0.1515628261772052065570193235544138588011264801025390625
0.10398431158065439550153286063505220226943492889404296875
0.142533265855296409352348518950748257339000701904296875
0.141034557064278198712514722501509822905063629150390625
0.1438014132028163916121599186226376332342624664306640625
0.13870048579752769501993725498323328793048858642578125
0.148429371503529694553691342662204988300800323486328125
0.1363815725622954111440066071736509911715984344482421875
0.136667780754368306528334642280242405831813812255859375
0.1327665871441235101446665112234768457710742950439453125
0.157380588518665598396495397537364624440670013427734375
0.1343326027829356006382255372955114580690860748291015625
0.1354329344553872882528366972110234200954437255859375
0.1555062642305946873921840278853778727352619171142578125
0.1596568742699940035567607310440507717430591583251953125
0.1362995793885954098900725739440531469881534576416015625
0.1574055000652885005774095361630315892398357391357421875
0.1457557302658591125155140844071866013109683990478515625
0.149421128120642510150872794838505797088146209716796875
0.132119603193082413294945354209630750119686126708984375
0.117219240237975197427289231200120411813259124755859375
0.125008026064650612507733740130788646638393402099609375
0.1426022918469465883273272766018635593354701995849609375
0.129471025463685107670386287281871773302555084228515625
0.13828414855589110654676687772735022008419036865234375
0.1414341324063622951090479773483821190893650054931640625
0.13907498669255169421177242838894017040729522705078125
0.1385525204956901956787618246380588971078395843505859375
0.1500602256229484066096802052925340831279754638671875
0.14619446045162221015090153741766698658466339111328125
0.146135267897056386754428558560903184115886688232421875
0.1474356245155044875527750036781071685254573822021484375
0.1383120928579069097708043045713566243648529052734375
0.1560964935033679890086233399415505118668079376220703125
0.1183799235593407939148846708121709525585174560546875
0.132705002777213698639258154798881150782108306884765625
0.142074667965227996457855397238745354115962982177734375
0.1494220022253723023641924783078138716518878936767578125
0.1464370877759600120260330413657356984913349151611328125
0.1532070769997496972880668408834026195108890533447265625
0.11870465234238179730308360149138025008141994476318359375
0.1344794189878560086714998078605276532471179962158203125
0.156375265266282592602209433607640676200389862060546875
