0.74120376107675356447401782133965753018856048583984375
0.7260787021231636106932683105696924030780792236328125
0.74216733476817087211685475267586298286914825439453125
0.73586511827319733836105797308846376836299896240234375
0.7719883715176154570514199804165400564670562744140625
0.76274975399291233824072833158425055444240570068359375
0.747335102203226853134765406139194965362548828125
0.7378969437152935739732129150070250034332275390625
0.73237424595936373439286626307875849306583404541015625
0.7390419966043764166130358717055059969425201416015625
0.7526050300042823604229624834260903298854827880859375
0.73882555387087467391182826759177260100841522216796875
0.74487052603871273248614670592360198497772216796875
0.71790676725739721586450059476192109286785125732421875
0.74903847392111944092363273739465512335300445556640625
0.72806509657382212363785356501466594636440277099609375
0.7184194845649169991474991547875106334686279296875
0.7523073588840534231536594234057702124118804931640625
0.73316778403656457374637511748005636036396026611328125
0.73578861407483298062714993648114614188671112060546875
0.74488781772532386415974769988679327070713043212890625
0.7332938982020333895661678980104625225067138671875
0.73511080438381970481032112729735672473907470703125
0.7354006488464237545343848978518508374691009521484375
0.75173514172416133760634693317115306854248046875
0.73479679927320928900513763437629677355289459228515625
0.74073556437547793951381436272640712559223175048828125
0.7258578459411244576671151662594638764858245849609375
0.73468167888760838035722144923056475818157196044921875
0.72261931964013703666438459549681283533573150634765625
0.7425567439973967953648070761119015514850616455078125
0.75117996585601065628878814095514826476573944091796875
0.71371059111190560120263626231462694704532623291015625
0.73680521132010057261396696048905141651630401611328125
0.7325519256692627489968572263023816049098968505859375
0.74604676572749151208796547507517971098423004150390625
0.72767375365704889400575439140084199607372283935546875
0.73276400746367531535696571154403500258922576904296875
0.73066873181972191719779630147968418896198272705078125
0.74178373892376014975269526985357515513896942138671875
0.727009288615863003002459663548506796360015869140625
0.747283952463204226290827136836014688014984130859375
0.7446338365375144707769550223019905388355255126953125
0.73988082145790190491396742800134234130382537841796875
0.7412610819494294123188637968269176781177520751953125
0.7322440169096242623680836913990788161754608154296875
0.73961194281961917251777549608959816396236419677734375
0.73812629799174789280158393012243323028087615966796875
0.7658400132697298356987403167295269668102264404296875
0.7152650711594208399191074931877665221691131591796875
0.733989741427395703254887848743237555027008056640625
0.74313875769407033988755983955343253910541534423828125
0.7301753270732416201127534804982133209705352783203125
0.693372252790557030976970054325647652149200439453125
0.73781008562527217176096883122227154672145843505859375
0.72956025055681095192738894184003584086894989013671875
0.75478030290312381200834579431102611124515533447265625
0.7435916525390673381679107478703372180461883544921875
0.7412093581638663497557217851863242685794830322265625
0.7321079128919960599120031474740244448184967041015625
0.740780451888646940261651252512820065021514892578125
0.7235416182508271898399243582389317452907562255859375
0.73890752826067329639414538178243674337863922119140625
0.7580190360150862449728492720169015228748321533203125
0.75023902840164813365930740474141202867031097412109375
0.74892097354235553918755385893746279180049896240234375
0.73031376771258582625279132116702385246753692626953125
0.73351912726517809471005193699966184794902801513671875
0.7412113655866672257133132006856612861156463623046875
0.7451116297786082309784205790492706000804901123046875
0.76781714015850888177538990930770523846149444580078125
0.73829262269706663612822694631177000701427459716796875
0.69976996171988170569733256343170069158077239990234375
0.74835419148433590663671566289849579334259033203125
0.73286994173056119183939927097526378929615020751953125
0.74935635577309744892460230403230525553226470947265625
0.74132483837452911590304438504972495138645172119140625
0.69002184461435389639660797911346890032291412353515625
0.74680228128641645835017470744787715375423431396484375
0.73642695615743247739004573304555378854274749755859375
0.7327169029435498526225956084090285003185272216796875
0.7312130413996857924985306453891098499298095703125
0.7546735644405095921882775655831210315227508544921875
0.73251729091207684607667260934249497950077056884765625
0.68810896778605246115745330826030112802982330322265625
0.752443072083095021440612981677986681461334228515625
0.74474377690495263681924598131445236504077911376953125
0.74070647785110477201442336081527173519134521484375
0.73420171756833252363350084124249406158924102783203125
0.723800498436561579040926517336629331111907958984375
0.74756727997823357867446247837506234645843505859375
0.743553336120892804927962060901336371898651123046875
0.72704603386938526643490376955014653503894805908203125
0.74233250606319101105867730439058504998683929443359375
0.73666438644916454325795029944856651127338409423828125
0.74537945583705023100407061065197922289371490478515625
0.70830541315441752914239259553141891956329345703125
0.71495449246492392969543061553849838674068450927734375
0.78216053404094354473130579208373092114925384521484375
0.732346453430243737869886899716220796108245849609375
0.73551780421464518777696639517671428620815277099609375
0.72640010812878064161424163103220053017139434814453125
0.76642060553901825148415127841872163116931915283203125
0.7361268753296050793011318091885186731815338134765625
0.74888704393120331115341059557977132499217987060546875
0.70538571903888624969880538628785870969295501708984375
0.7101691885410710280979174058302305638790130615234375
0.69240578863023849454094715838436968624591827392578125
0.723246390284718376761929903295822441577911376953125
0.72756484162846302155003286316059529781341552734375
0.74341625426560486999960630782879889011383056640625
0.72863415853038093761284699212410487234592437744140625
0.72347218615216835058134847713517956435680389404296875
0.7433023839271502009040659686434082686901092529296875
0.74965300331518591736568168926169164478778839111328125
0.741782529567582837870531875523738563060760498046875
0.74817588426183778693712156382389366626739501953125
0.7329515726616051551900454796850681304931640625
0.7186325029925171303801789690623991191387176513671875
0.7485739780993478920123607167624868452548980712890625
0.74109219116450131270568135732901282608509063720703125
0.7035574228125616169648992581642232835292816162109375
0.73030619210958225284713307701167650520801544189453125
0.73847964108974650798700167797505855560302734375
0.6938805304021349318333022893057204782962799072265625
0.73344139431309074428355643249233253300189971923828125
0.71944493881437832083491912271711044013500213623046875
0.74727851044218474019231734928325749933719635009765625
0.73421651248617136875651567606837488710880279541015625
0.75538795293568605782041913698776625096797943115234375
0.748338739307850886461892514489591121673583984375
0.73177171443928312744020558966440148651599884033203125
0.74233100646539618150399064688826911151409149169921875
0.73152434209417160904109778130077756941318511962890625
0.7383351236578168386159859437611885368824005126953125
0.744165430248794113055055277072824537754058837890625
0.74075684595837187895739361920277588069438934326171875
0.74080498792620363968097763063269667327404022216796875
0.7487357000257175432267331416369415819644927978515625
0.72933876017487164755692674589226953685283660888671875
0.747541682448446653808105111238546669483184814453125
0.73349967780495128888418321366771124303340911865234375
0.70230613937960739701082957253674976527690887451171875
0.74040738797894223299778104774304665625095367431640625
0.71587752370330759443817214560112915933132171630859375
0.74299807903286652077667895355261862277984619140625
0.73216741751330827181476479381672106683254241943359375
0.73112574115593764734200021848664619028568267822265625
0.724707322543667320502436268725432455539703369140625
0.73903549708682347851862459719995968043804168701171875
0.73466717112120194510538340182392857968807220458984375
