17.6419589519500732421875
18.115839958190921521463678800500929355621337890625
17.7130451202392578125
18.1071007251739501953125
17.8751547336578369140625
17.591371059417724609375
17.9064178466796875
18.5015316009521484375
18.0846135616302490234375
17.895844936370849609375
17.4125554561614990234375
18.5412819385528564453125
17.5172214508056640625
17.5791771411895751953125
18.007493495941162109375
18.342614650726318359375
17.87785243988037109375
17.5761234760284423828125
17.9920351505279541015625
18.691627979278564453125
18.097395658493038439473821199499070644378662109375
18.199798822402950548848821199499070644378662109375
17.5027925968170166015625
17.806020259857177734375
18.30113506317138671875
17.6100025177001953125
18.1072180271148681640625
17.6489760875701904296875
17.7774200439453125
17.763816356658935546875
18.229629039764404296875
17.544556140899658203125
17.7272646427154541015625
17.5871183872222900390625
18.021424531936649060526178800500929355621337890625
18.106117725372310900411321199499070644378662109375
17.516731739044189453125
17.731645107269287109375
17.2726294994354248046875
17.6522967815399169921875
18.55275249481201171875
18.0860459804534912109375
18.0527973175048828125
18.641498565673828125
18.68270969390869140625
17.90880298614501953125
18.0492706298828125
17.9508514404296875
17.9454300403594970703125
18.2141268253326416015625
17.0456407070159912109375
18.3569428920745849609375
18.42003631591796875
17.950631618499755859375
17.569093227386474609375
18.106263637542724609375
18.1118853092193603515625
18.2317676544189453125
17.450245380401611328125
17.90576457977294921875
17.87463474273681640625
18.0214092731475830078125
17.6721379756927490234375
18.22045230865478515625
17.952572345733642578125
17.880820751190185546875
17.9771726131439208984375
18.05564117431640625
18.2413418292999267578125
17.9778919219970703125
17.3251674175262451171875
17.6493129730224609375
18.030521392822265625
17.4393484592437744140625
18.1045017242431640625
18.03750514984130859375
18.209758758544918322286321199499070644378662109375
18.3214714527130126953125
18.1818268299102783203125
17.1158511638641357421875
17.9264924526214599609375
18.46702861785888671875
17.8489935398101806640625
16.7407195568084716796875
18.2682363986968994140625
18.434537887573238634786321199499070644378662109375
17.6864109039306640625
18.089188098907470703125
17.61379909515380859375
18.1401264667510986328125
17.9378020763397216796875
18.15226268768310546875
18.0700657367706298828125
17.996089935302734375
17.982629299163818359375
18.2292873859405517578125
18.1687662601470947265625
18.4406907558441162109375
18.1914994716644287109375
17.987523555755615234375
18.154918193817138671875
17.80377483367919921875
18.3618280887603759765625
18.11748600006103515625
17.56945133209228515625
18.342684268951416015625
17.909101009368896484375
18.5199978351593017578125
18.0587685108184814453125
18.4226472377777099609375
17.5559327602386474609375
18.203988552093502306661321199499070644378662109375
17.870198726654052734375
17.6465742588043212890625
18.4816753864288330078125
18.403092861175537109375
17.7492046356201171875
18.1206676959991455078125
18.0849761962890625
17.4373419284820556640625
18.2704756259918212890625
18.082281351089481091776178800500929355621337890625
18.6698582172393798828125
17.9719707965850830078125
18.1092031002044677734375
18.2481448650360107421875
17.96306324005126953125
17.891887187957763671875
18.1944420337677001953125
17.462451457977294921875
17.784224987030029296875
18.409959316253665662088678800500929355621337890625
18.1575794219970703125
17.8631880283355712890625
17.7891361713409423828125
18.0948140621185302734375
17.56992816925048828125
18.160713672637939453125
18.0948734283447265625
18.2706692218780517578125
18.03011035919189453125
17.8207299709320068359375
17.60624408721923828125
18.2868278026580810546875
17.9504597187042236328125
18.0338604450225830078125
18.17924594879150390625
17.7844791412353515625
17.7650172710418701171875
17.77955913543701171875
18.060867786407470703125
