-10.171570805043074869900010526180267333984375
-9.17480476383979492993603344075381755828857421875
-8.913436317819570575693433056585490703582763671875
-9.75770290914113758162784506566822528839111328125
-9.165763913467610990437606233172118663787841796875
-8.812167280663846469224154134280979633331298828125
-9.707222305721838750969254761002957820892333984375
-9.419150278503533257890012464486062526702880859375
-9.4610893942249294497059963759966194629669189453125
-8.109162024643115529443093691952526569366455078125
-9.4893423715236249194049378274939954280853271484375
-9.2018600724652106492840175633318722248077392578125
-8.9990332129136465511010101181454956531524658203125
-9.3291089225003691609572342713363468647003173828125
-8.714549968789231826349350740201771259307861328125
-8.9414337090018616294173625647090375423431396484375
-9.3717592350678078361170264543034136295318603515625
-8.7650414477129316992431995458900928497314453125
-10.0264105175513549284005421213805675506591796875
-9.2368464242845380596236282144673168659210205078125
-9.280114407379098651063031866215169429779052734375
-9.5655286645319197447179249138571321964263916015625
-9.0704514799030082627950832829810678958892822265625
-9.534269645486627808850244036875665187835693359375
-9.5738763874132928322069346904754638671875
-9.25052953860319604473261279053986072540283203125
-8.9408557827713881493991721072234213352203369140625
-7.910979703611406677055128966458141803741455078125
-8.7914986090369797722132716444320976734161376953125
-9.12238477108461864872879232279956340789794921875
-9.2476248679208179481747720274142920970916748046875
-9.5296167884495872613115352578461170196533203125
-8.857374852738406190155728836543858051300048828125
-8.8669627791344165501641327864490449428558349609375
-8.4013884849823430300830295891501009464263916015625
-9.2433353650869154449765119352377951145172119140625
-9.235562150030030892366994521580636501312255859375
-9.3490375123591658024224670953117311000823974609375
-8.687721040140626627135134185664355754852294921875
-9.4128438795000040073546188068576157093048095703125
-9.573086989062364438041186076588928699493408203125
-8.64606756693347477948918822221457958221435546875
-9.6293505841793045618715041200630366802215576171875
-10.14805915293776905627964879386126995086669921875
-9.79617511576952182394961710087954998016357421875
-8.842187131945241418407022138126194477081298828125
-9.105237475845360251014426467008888721466064453125
-9.35055116469001035284236422739923000335693359375
-9.20514939049913749613551772199571132659912109375
-9.2430137299082844037911854684352874755859375
-8.6931057633267787565500839264132082462310791015625
-9.6199945245778319957707935827784240245819091796875
-9.1160653186982596452025973121635615825653076171875
-8.5671967162166868803296893020160496234893798828125
-9.440944533735144972297348431311547756195068359375
-8.6924373657790585667726190877147018909454345703125
-9.007510104594192767990534775890409946441650390625
-9.6909973892722778288089102716185152530670166015625
-9.549727006453029076737948344089090824127197265625
-8.8595634207114617453271421254612505435943603515625
-9.1052475489304622868758087861351668834686279296875
-9.692660565764999347493358072824776172637939453125
-9.259263822075286753943146322853863239288330078125
-8.93585516977353933043559663929045200347900390625
-9.043792472846735819302921299822628498077392578125
-8.7673559661112765439838767633773386478424072265625
-8.546247125502784314221571548841893672943115234375
-9.1156486904067168808296628412790596485137939453125
-8.74609677456852097066075657494366168975830078125
-9.2439947142838096993955332436598837375640869140625
-9.508794069400519077817079960368573665618896484375
-9.1253216735406805781849470804445445537567138671875
-9.4899740446814320193880121223628520965576171875
-9.0162881987475937961562522104941308498382568359375
-8.69851110068231747618483495898544788360595703125
-8.6284627897777088634256870136596262454986572265625
-8.909211468309518267005842062644660472869873046875
-8.2673338954177122417377177043817937374114990234375
-8.1825014407684744099924500915221869945526123046875
-8.353268291734234907153222593478858470916748046875
-9.1624157725275363617356561007909476757049560546875
-8.39566491413463467097244574688374996185302734375
-8.6523255608259290738715208135545253753662109375
-9.6118322602129495635381317697465419769287109375
-8.721620464050392484978146967478096485137939453125
-9.92198333978917190734136966057121753692626953125
-8.8396928426068424045070059946738183498382568359375
-9.0666700278817753400062429136596620082855224609375
-8.598576183524652805090227047912776470184326171875
-9.5798842351640463022022231598384678363800048828125
-10.0724392666283311115194010199047625064849853515625
-10.3152956378067273135457071475684642791748046875
-9.0723239201519110253002509125508368015289306640625
-8.7688356438298189488023126614280045032501220703125
-9.3626206449818543120500180521048605442047119140625
-9.1205528327285474432528644683770835399627685546875
-8.607495479996092768715243437327444553375244140625
-8.302875261525617389679609914310276508331298828125
-7.64362965514123260390988434664905071258544921875
-10.1023394322565938097113757976330816745758056640625
-8.9298888463758654410185044980607926845550537109375
-8.5552711656071807055923272855579853057861328125
-9.3454935085515860038185564917512238025665283203125
-9.07432574516604262271357583813369274139404296875
-8.7312260426619925368640906526707112789154052734375
-8.06921641526074751027408638037741184234619140625
-8.13017866962083957105278386734426021575927734375
-8.733003989985252957239936222322285175323486328125
-9.0149896478082869322179249138571321964263916015625
-8.5744739458908583173979423008859157562255859375
-8.2738697792350333060085176839493215084075927734375
-8.386574230796814077848466695286333560943603515625
-8.7671252802718715457785947364754974842071533203125
-9.31670514255133497272254317067563533782958984375
-8.8907273395553971795379766263067722320556640625
-9.3187993228484149454970975057221949100494384765625
-9.783149703803037056104585644789040088653564453125
-9.043044014014792963962463545612990856170654296875
-8.6382957749247264445102700847201049327850341796875
-9.2018094477426615185322589240968227386474609375
-9.0637311857977191920099357957951724529266357421875
-8.4690683993422481989910011179745197296142578125
-9.294466684203367634609094238840043544769287109375
-9.8534988312253428688336498453281819820404052734375
-8.46082388930337714327833964489400386810302734375
-9.501268616471488570596193312667310237884521484375
-9.10487383632612790052007767371833324432373046875
-10.33183596192375119926509796641767024993896484375
-8.05282396961530366752413101494312286376953125
-9.875155329654827340846168226562440395355224609375
-9.0906856356020835363551668706350028514862060546875
-9.91742767376643286070247995667159557342529296875
-9.956697080231293739416287280619144439697265625
-8.3955865218154155371621527592651546001434326171875
-8.879273605049856854520839988254010677337646484375
-9.7768534695097510933692319667898118495941162109375
-8.5303334527028464862041801097802817821502685546875
-9.0972899352349880786050562164746224880218505859375
-10.2133644196266306636289300513453781604766845703125
-9.6374915964879779295415573869831860065460205078125
-9.39018649809262484495775424875319004058837890625
-9.50822098596857046004515723325312137603759765625
-8.3869709642656733450394312967546284198760986328125
-9.292673716479018963809721753932535648345947265625
-9.6294178765961060406652904930524528026580810546875
-9.6463460852827953573296326794661581516265869140625
-9.4395491607395900501842334051616489887237548828125
-9.8505208567389690443860672530718147754669189453125
-8.56318139594217342391857528127729892730712890625
-9.51926364942483616005119984038174152374267578125
-9.159679747950026040825832751579582691192626953125
