0.319927482028991738705059333369717933237552642822265625
0.292415167151535537737316872153314761817455291748046875
0.1905482305773567308637694850403931923210620880126953125
0.37013060638621897435740493165212683379650115966796875
0.218417358240467540664297985131270252168178558349609375
0.2007036690511002918757554880357929505407810211181640625
0.305047533432808160025473398491158150136470794677734375
0.251690231802397190730147258364013396203517913818359375
0.35480414671364801648678621859289705753326416015625
0.269890726847947182154285883370903320610523223876953125
0.338562099801400895326963791376329027116298675537109375
0.21534358235802908421163692764821462333202362060546875
0.3984039330647155541242909748689271509647369384765625
0.38108090943433925446015564375557005405426025390625
0.4140873781832385969181586915510706603527069091796875
0.262465564167649267890425335281179286539554595947265625
0.3479957053480855488913903172942809760570526123046875
0.2572542439228253652316880106809549033641815185546875
0.2297912956081575031053176871864707209169864654541015625
0.3600602885984318657364156024414114654064178466796875
0.172348105423137443192871387509512715041637420654296875
0.32557282447410995640524333794019185006618499755859375
0.326858922170033761034346753149293363094329833984375
0.389870564595456048362365208959090523421764373779296875
0.415332197966646388120892652295879088342189788818359375
0.297453337451068444696744563771062530577182769775390625
0.261912220575333254402039528940804302692413330078125
0.247616599464126563301391570348641835153102874755859375
0.308808801019443357471772060307557694613933563232421875
0.1633918296444319129268052392944809980690479278564453125
0.313627929069657362948220225007389672100543975830078125
0.446382841514822048534227860727696679532527923583984375
0.3181141520044403758760154232732020318508148193359375
0.23364507700147729707396138110198080539703369140625
0.175138867228812278309391103903180919587612152099609375
0.333014904708585468551262920300359837710857391357421875
0.265191374459332440682857168212649412453174591064453125
0.331680159723741374566685635727480985224246978759765625
0.30744163766577070617813660646788775920867919921875
0.35160313428268896718265068557229824364185333251953125
0.345495837381311343694534343740087933838367462158203125
0.28919785108493545333629981541889719665050506591796875
0.3186428426009673131602539797313511371612548828125
0.15211977133681298113287994056008756160736083984375
0.2428380307853927888572798110544681549072265625
0.306141382591361088660875111600034870207309722900390625
0.353205087770363579391386110728490166366100311279296875
0.276009650304737286230505333151086233556270599365234375
0.323671596969218489103781166704720817506313323974609375
0.297780283137911883084569808488595299422740936279296875
0.362899029988492716203296595267602242529392242431640625
0.411472995489238158040024018191616050899028778076171875
0.3240668357711167235635230099433101713657379150390625
0.26927831850800121316069635213352739810943603515625
0.391704086585650534946267953273491002619266510009765625
0.38305978538655793830258744492311961948871612548828125
0.378557265870517356542990228263079188764095306396484375
0.405534040501284220869848695656401105225086212158203125
0.36620079071077615839868713010218925774097442626953125
0.18659292380235026342916171415708959102630615234375
0.375304920008620757077011376168229617178440093994140625
0.220668283694537781247646535121020860970020294189453125
0.25514630272356353390961203331244178116321563720703125
0.351613980706844297952073929991456679999828338623046875
0.40160613472852857430694939466775394976139068603515625
0.339613968612186012396847445415914990007877349853515625
0.321143054264212024495606101481826044619083404541015625
0.409501612164427097884100703595322556793689727783203125
0.28122798192226150515438121146871708333492279052734375
0.350847941858176859408757763958419673144817352294921875
0.389976665963014113014395434220205061137676239013671875
0.2757707047425184132549702553660608828067779541015625
0.36631826412192591835292887481045909225940704345703125
0.387393712648865851111423808106337673962116241455078125
0.33465688269896076700860021446715109050273895263671875
0.317234772182970081733088818509713746607303619384765625
0.3694108919933387635836652407306246459484100341796875
0.2929833445400029656724427695735357701778411865234375
0.293741175865447734505409016492194496095180511474609375
0.230353092970546680096077807320398278534412384033203125
0.281392350408142311035675220409757457673549652099609375
0.2339109680202609287125170567378518171608448028564453125
0.362059786223309088004640443614334799349308013916015625
0.330619144782874518906368166426545940339565277099609375
0.2325759504900913599012568511170684359967708587646484375
0.308348034568757978224340376982581801712512969970703125
0.2475890400276244129873504107308690436184406280517578125
0.277494180602641360433580075550707988440990447998046875
0.291235071656997190903126693228841759264469146728515625
0.3456644314115504545981139017385430634021759033203125
0.306406390280042184581787978459033183753490447998046875
0.388841846558708237324708534288220107555389404296875
0.26942688133920500437312739450135268270969390869140625
0.265353081644297994490244718690519221127033233642578125
0.2390116884516389206272179990264703519642353057861328125
0.307020937257926618269010532458196394145488739013671875
0.290191406845321575591611917843692936003208160400390625
0.295379021930098739634473758997046388685703277587890625
0.0185693332193742656477386532287709997035562992095947265625
0.326943837982356211302459314538282342255115509033203125
0.3253717574333896411786781754926778376102447509765625
0.33212912617528100867048124200664460659027099609375
0.409589937018239702570809868120704777538776397705078125
0.1936409605310060177973952022512094117701053619384765625
0.2432991026042323756684027102892287075519561767578125
0.1962394612885488276443624044986790977418422698974609375
0.2280185421437498083374606494544423185288906097412109375
0.27133594522877213517375594165059737861156463623046875
0.33992568398929190465196370496414601802825927734375
0.296951228786197229947418918527546338737010955810546875
0.190282192014731565965490744929411448538303375244140625
0.278787317157555225577425517258234322071075439453125
0.2881882849963905979251421740627847611904144287109375
0.331043017628440294775060692700208164751529693603515625
0.342389734515589461150142369660898111760616302490234375
0.361231771840289817010472006586496718227863311767578125
0.2480852158658427841775306887939223088324069976806640625
0.32688985666904379900898902633343823254108428955078125
0.2081322717163017477215447570415562950074672698974609375
0.1797864702470871323125578555846004746854305267333984375
0.236272989536359612205984603860997594892978668212890625
0.260359024474800582193978470968431793153285980224609375
0.28670129039694103312285733409225940704345703125
0.387281455105638716673865928896702826023101806640625
0.26758194064378615362187474602251313626766204833984375
0.288240081068970421807051707219216041266918182373046875
0.243107522584053381553559347594273276627063751220703125
0.348878706482633471619436704713734798133373260498046875
0.23519382775164776600007598972297273576259613037109375
0.355054691603186201032116287024109624326229095458984375
0.338340294061685697979413589564501307904720306396484375
0.237699616365617150126610113147762604057788848876953125
0.369783346915795896325818148397956974804401397705078125
0.30505804786273482687164460003259591758251190185546875
0.1456001036533512149606650609712232835590839385986328125
0.23951657097287337716551292032818309962749481201171875
0.35343702087692341340385837611393071711063385009765625
0.2364575832776917574395980636836611665785312652587890625
0.334930749327369714496427377525833435356616973876953125
0.294145518730231037007882832767791114747524261474609375
0.2298026470077283722748262562163290567696094512939453125
0.365978480063143429834582320836489088833332061767578125
0.2309599594843454728465559355754521675407886505126953125
0.322939381889189525143279979602084495127201080322265625
0.36359206876291672028145285366917960345745086669921875
0.35938065472024993685096205808804370462894439697265625
0.252196821786221325734089759862399660050868988037109375
0.3868339433357037560057278824388049542903900146484375
0.239798657680406146486262741746031679213047027587890625
0.294982892863324852594786307236063294112682342529296875
0.331297599205752302253813468269072473049163818359375
