0.99895238876342762335269753748434595763683319091796875
0.99985736608505237921207253748434595763683319091796875
0.99974590539932239874332253748434595763683319091796875
0.99998319149017322882144753748434595763683319091796875
0.999478816986083984375
0.999728679656982421875
0.99980127811431884765625
0.99942266941070556640625
0.999383747577667236328125
0.999980151653289794921875
0.99946194887161243780582253748434595763683319091796875
0.999974310398101806640625
0.9999606609344482421875
0.99975049495697021484375
0.99865317344665516241519753748434595763683319091796875
0.99996697902679443359375
0.99943006038665760382144753748434595763683319091796875
0.999339163303375244140625
0.99963492155075084344417746251565404236316680908203125
0.99928271770477294921875
0.999902546405792236328125
0.99982511997222900390625
0.99994462728500355108707253748434595763683319091796875
0.999050617218017578125
0.99951648712158203125
0.99983787536621082647769753748434595763683319091796875
0.99994754791259754522769753748434595763683319091796875
0.99987733364105224609375
0.999799907207489013671875
0.99996471405029296875
0.99959039688110362664730246251565404236316680908203125
0.99928772449493397100894753748434595763683319091796875
0.99949419498443603515625
0.999792754650115966796875
0.998937189579010009765625
0.99952638149261474609375
0.99835872650146484375
0.999998986721038818359375
0.999754369258880615234375
0.99951875209808360711605246251565404236316680908203125
0.99996888637542724609375
1
0.99968338012695323602230246251565404236316680908203125
0.999514639377593994140625
0.99970966577529918328792746251565404236316680908203125
0.99986600875854481085269753748434595763683319091796875
1
0.99992287158966064453125
0.999921619892120361328125
0.998986542224884033203125
0.99980992078781116827457253748434595763683319091796875
0.99997937679290760382144753748434595763683319091796875
0.99996918439865123406917746251565404236316680908203125
0.99940729141235362664730246251565404236316680908203125
0.99979203939437877313167746251565404236316680908203125
0.999162971973419189453125
0.999957382678985595703125
0.999366819858551025390625
0.99985879659652721063167746251565404236316680908203125
0.99928820133209239617855246251565404236316680908203125
0.99874746799469005242855246251565404236316680908203125
0.9997937679290771484375
0.999894320964813232421875
0.99998480081558238641292746251565404236316680908203125
1
0.99831503629684437139957253748434595763683319091796875
0.99921995401382435186832253748434595763683319091796875
0.99989497661590576171875
0.999734938144683837890625
0.997991740703582763671875
0.99968773126602161749332253748434595763683319091796875
0.99971234798431396484375
0.99997437000274658203125
0.99963259696960438116519753748434595763683319091796875
0.99981272220611561163394753748434595763683319091796875
0.999171674251556396484375
0.99935597181320201531917746251565404236316680908203125
0.99974846839904796258480246251565404236316680908203125
0.9999268054962158203125
0.99965679645538318975894753748434595763683319091796875
0.99961555004119884149105246251565404236316680908203125
0.9994957447052001953125
0.999722003936767578125
0.99912226200103759765625
0.99980413913726795538394753748434595763683319091796875
0.99892777204513560906917746251565404236316680908203125
0.99985355138778675421207253748434595763683319091796875
0.999187171459197998046875
0.999428927898406982421875
0.999879360198974609375
0.999427020549774169921875
0.99982589483261119500667746251565404236316680908203125
0.999910414218902587890625
0.99977624416351318359375
0.999425470829010009765625
0.99926698207855224609375
0.99988806247711181640625
0.9999408721923828125
0.99782675504684437139957253748434595763683319091796875
0.999787271022796630859375
0.99933272600173961297542746251565404236316680908203125
0.99994510412216197625667746251565404236316680908203125
0.999932587146759033203125
0.99890720844268798828125
0.99983704090118397100894753748434595763683319091796875
0.99939626455306995733707253748434595763683319091796875
0.99923586845397960320980246251565404236316680908203125
0.999429404735565185546875
0.99943310022354114874332253748434595763683319091796875
0.99975126981735240594417746251565404236316680908203125
0.999348104000091552734375
0.999826014041900634765625
0.99972522258758544921875
0.999768078327178955078125
0.999530255794525146484375
0.99984377622604359014957253748434595763683319091796875
0.999807655811309814453125
0.999882161617279052734375
0.999918520450592041015625
0.99964046478271484375
0.99997556209564197882144753748434595763683319091796875
0.99950379133224476202457253748434595763683319091796875
0.99966841936111439093082253748434595763683319091796875
0.99954348802566517218082253748434595763683319091796875
0.99994498491287242547542746251565404236316680908203125
0.99907124042510997430355246251565404236316680908203125
0.99964296817779541015625
0.99948775768280040399105246251565404236316680908203125
0.99961376190185557977230246251565404236316680908203125
0.999580919742584228515625
0.99958842992782603875667746251565404236316680908203125
0.99988251924514759405582253748434595763683319091796875
0.99982255697250355108707253748434595763683319091796875
0.999624550342559814453125
0.99991500377655040399105246251565404236316680908203125
0.999999105930328369140625
0.999357283115386962890625
0.999837815761566162109375
0.99948912858963001593082253748434595763683319091796875
0.99995744228363037109375
0.99942421913146961554019753748434595763683319091796875
0.99964857101440440789730246251565404236316680908203125
0.99930280447006236688167746251565404236316680908203125
1
1
0.999543666839599609375
0.99876654148101795538394753748434595763683319091796875
0.999396800994873046875
0.99998760223388682977230246251565404236316680908203125
0.99995422363281238897769753748434595763683319091796875
0.9991605281829833984375
