0.99856054782867431640625
0.99864482879638671875
0.9927446842193603515625
0.9938800334930419921875
0.990539073944091796875
0.998495399951934814453125
0.981877148151397705078125
0.998346984386444091796875
0.995818614959716796875
0.9968693256378173828125
0.9954607486724853515625
0.991235792636871337890625
0.99809277057647705078125
0.99791371822357177734375
0.993137657642364501953125
0.99410068988800048828125
0.99913060665130615234375
0.998535454273223876953125
0.996035397052764892578125
0.99698030948638916015625
0.985029876232147216796875
0.994468510150909423828125
0.989658415317535400390625
0.99452221393585205078125
0.99763524532318115234375
0.99477803707122802734375
0.994202435016632080078125
0.9993388652801513671875
0.995879471302032470703125
0.994636595249176025390625
0.997352540493011474609375
0.99540424346923828125
0.992906630039215087890625
0.994156777858734130859375
0.999314963817596435546875
0.998870432376861572265625
0.99825417995452880859375
0.98656165599822998046875
0.99676787853240966796875
0.999091565608978271484375
0.996281325817108154296875
0.996922433376312255859375
0.9984815120697021484375
0.9965546131134033203125
0.995105922222137451171875
0.99916207790374755859375
0.993158817291259765625
0.993766129016876220703125
0.993823349475860595703125
0.995331943035125732421875
0.997692286968231201171875
0.98263490200042724609375
0.994300544261932373046875
0.996217429637908935546875
0.996140778064727783203125
0.99792373180389404296875
0.9972188472747802734375
0.99253141880035400390625
0.995322406291961669921875
0.99780178070068359375
0.998897016048431396484375
0.996203839778900146484375
0.9954068660736083984375
0.987571418285369873046875
0.99162709712982177734375
0.998502075672149658203125
0.998632848262786865234375
0.9996192455291748046875
0.9919755458831787109375
0.998961746692657470703125
0.991109430789947509765625
0.9931676387786865234375
0.999666512012481689453125
0.990888416767120361328125
0.994945824146270751953125
0.99846875667572021484375
0.992969691753387451171875
0.996441304683685302734375
0.99587535858154296875
0.99806368350982666015625
0.998360693454742431640625
0.9953563213348388671875
0.995757579803466796875
0.998499810695648193359375
0.995852410793304443359375
0.998636662960052490234375
0.994895160198211669921875
0.992016255855560302734375
0.99927628040313720703125
0.99804508686065673828125
0.990767300128936767578125
0.9913070201873779296875
0.9948451519012451171875
0.993405163288116455078125
0.997303009033203125
0.998707950115203857421875
0.997715532779693603515625
0.992913305759429931640625
0.99564445018768310546875
0.99533712863922119140625
0.99627602100372314453125
0.992373645305633544921875
0.99337422847747802734375
0.99782383441925048828125
0.9925858974456787109375
0.997007906436920166015625
0.99884521961212158203125
0.99783992767333984375
0.9971067905426025390625
0.99743092060089111328125
0.99641454219818115234375
0.99718725681304931640625
0.99280917644500732421875
0.9932763576507568359375
0.99891531467437744140625
0.99669468402862548828125
0.994530618190765380859375
0.999181926250457763671875
0.99449384212493896484375
0.9960587024688720703125
0.99861800670623779296875
0.998304843902587890625
0.9911754131317138671875
0.99217700958251953125
0.998189449310302734375
0.99351012706756591796875
0.99601614475250244140625
0.996894180774688720703125
0.999251902103424072265625
0.99270975589752197265625
0.99709475040435791015625
0.9936821460723876953125
0.992191374301910400390625
0.99316251277923583984375
0.996515452861785888671875
0.991691291332244873046875
0.9983079433441162109375
0.992874801158905029296875
0.990310728549957275390625
0.998491585254669189453125
0.994383990764617919921875
0.999025881290435791015625
0.9983408451080322265625
0.994939327239990234375
0.99493634700775146484375
0.990079343318939208984375
0.99857556819915771484375
0.9938528537750244140625
0.998109400272369384765625
0.997420847415924072265625
0.999320685863494873046875
